1
0.12334167957305908	0.26902228593826294
0.11995920538902283	0.2669040858745575
0.13625560700893402	0.2776729464530945
0.1235702782869339	0.26939135789871216
0.12274639308452606	0.26877841353416443
0.12530016899108887	0.2702391445636749
0.1391167789697647	0.27961379289627075
0.1298736035823822	0.27331408858299255
0.13878491520881653	0.27935874462127686
0.13929657638072968	0.2797292172908783
0.13308313488960266	0.2754775881767273
0.1388232409954071	0.27934402227401733
0.12921638786792755	0.27297550439834595
0.12793642282485962	0.27206602692604065
0.1283218264579773	0.2722412347793579
0.12173035740852356	0.26803678274154663
0.13938897848129272	0.27974072098731995
0.12847959995269775	0.27253666520118713
0.1350155621767044	0.2768278419971466
0.13680914044380188	0.278003066778183
0.13238929212093353	0.27513575553894043
0.1370106190443039	0.27821189165115356
0.13679637014865875	0.2780388295650482
0.1368151307106018	0.27799686789512634
0.12803784012794495	0.27243247628211975
0.13861002027988434	0.2791951298713684
0.13423572480678558	0.27629002928733826
0.12042340636253357	0.26723241806030273
0.14107853174209595	0.28083336353302
0.12333545088768005	0.26908424496650696
0.13699662685394287	0.27808207273483276
0.12563811242580414	0.2705862522125244
0.14074401557445526	0.2805768847465515
0.1391996443271637	0.27964869141578674
0.13995514810085297	0.2801302671432495
0.12389759719371796	0.26955118775367737
0.12593048810958862	0.270822137594223
0.12189790606498718	0.2682287395000458
0.13877186179161072	0.27931874990463257
0.13149577379226685	0.27460551261901855
0.13683448731899261	0.27809733152389526
0.13212701678276062	0.27485427260398865
0.13482190668582916	0.27673712372779846
0.12229157984256744	0.26838791370391846
0.13914240896701813	0.27956870198249817
0.1383334845304489	0.2790599465370178
0.1376943290233612	0.2785804569721222
0.13764064013957977	0.27868160605430603
0.13258829712867737	0.275328129529953
0.1347266435623169	0.2767150104045868
0.12591542303562164	0.270683228969574
0.13719898462295532	0.27833807468414307
0.13699214160442352	0.2781144678592682
0.13721169531345367	0.27830806374549866
0.13868078589439392	0.27927228808403015
0.12131062150001526	0.26777905225753784
0.1260645091533661	0.27079126238822937
0.1368594765663147	0.2781260013580322
0.13621851801872253	0.2776062786579132
0.13617290556430817	0.27766135334968567
0.13508738577365875	0.2769215703010559
0.11986604332923889	0.2668083906173706
0.12602989375591278	0.27083727717399597
0.13738811016082764	0.2784813940525055
0.12547257542610168	0.27054789662361145
0.12275126576423645	0.26881372928619385
0.1274520754814148	0.27173951268196106
0.12183140218257904	0.2680833637714386
0.13986827433109283	0.28002673387527466
0.13945958018302917	0.2798158824443817
0.13984620571136475	0.27999529242515564
0.12445832788944244	0.2697402238845825
0.1360708475112915	0.27753326296806335
0.1340329498052597	0.2762632369995117
0.13854947686195374	0.2791759967803955
0.13074415922164917	0.2739133834838867
0.12098006904125214	0.2675621509552002
0.1301259547472	0.27371978759765625
0.12153264880180359	0.2679901123046875
0.1324847936630249	0.2751140892505646
0.13926228880882263	0.27970799803733826
0.13666078448295593	0.2780151963233948
0.13790272176265717	0.27879592776298523
0.12559360265731812	0.27068042755126953
0.1262514293193817	0.27115973830223083
0.14091534912586212	0.28073978424072266
0.13628815114498138	0.2776859998703003
0.1378985047340393	0.2787645161151886
0.12860657274723053	0.27262264490127563
0.12755461037158966	0.2720821499824524
0.12619328498840332	0.27101820707321167
0.12513846158981323	0.27036258578300476
0.13203294575214386	0.27481162548065186
0.13997621834278107	0.28008872270584106
0.13743233680725098	0.27849629521369934
0.12500053644180298	0.27029329538345337
0.13104715943336487	0.27425965666770935
0.13772699236869812	0.2787095010280609
0.12246023118495941	0.26844489574432373
0.13669200241565704	0.277839720249176
0.12987864017486572	0.27357444167137146
0.1328180432319641	0.27548903226852417
0.12962141633033752	0.27337053418159485
0.12470990419387817	0.2700580656528473
0.12978261709213257	0.2734507620334625
0.1300293207168579	0.27340105175971985
0.1394718736410141	0.27980557084083557
0.12588097155094147	0.2707803249359131
0.12781566381454468	0.27218589186668396
0.13762137293815613	0.2786419987678528
0.1293591856956482	0.2732003331184387
0.12453463673591614	0.26986241340637207
0.13022801280021667	0.27380409836769104
0.1394500881433487	0.2798255383968353
0.13730362057685852	0.27836886048316956
0.13271929323673248	0.2754118740558624
0.13290634751319885	0.27550798654556274
0.13233579695224762	0.2750379741191864
0.12885452806949615	0.2727896571159363
0.12199857831001282	0.2683579921722412
0.1368807703256607	0.2779189646244049
0.13564147055149078	0.2772957980632782
0.13456781208515167	0.2765819728374481
0.13516747951507568	0.2770092189311981
0.13526825606822968	0.2770915627479553
0.13256382942199707	0.2753409147262573
0.12728461623191833	0.27177494764328003
0.12742851674556732	0.27184805274009705
0.1365567445755005	0.2778615355491638
0.12111569941043854	0.26763051748275757
0.13085904717445374	0.27397286891937256
0.12234562635421753	0.2684301435947418
0.13785628974437714	0.27863073348999023
0.12092781066894531	0.26754024624824524
0.1368112862110138	0.27811914682388306
0.13100697100162506	0.27420392632484436
0.13635562360286713	0.277713418006897
0.1226121336221695	0.26860880851745605
0.12092725932598114	0.26753661036491394
0.13346990942955017	0.2759339213371277
0.127325177192688	0.2715836465358734
0.13776859641075134	0.2787420153617859
0.13869325816631317	0.27930212020874023
0.12670159339904785	0.2713203430175781
0.12157711386680603	0.26798367500305176
0.12025462090969086	0.2670857012271881
0.13032746315002441	0.2736884653568268
0.13714754581451416	0.27820634841918945
0.13631972670555115	0.2776975631713867
0.138946995139122	0.2794422209262848
0.12274765968322754	0.2687753736972809
0.13781194388866425	0.27863970398902893
0.12927940487861633	0.27314162254333496
0.13832347095012665	0.2790484130382538
0.12760969996452332	0.2718586325645447
0.1292549967765808	0.27319663763046265
0.12109966576099396	0.26756393909454346
0.13081040978431702	0.2741345465183258
0.1372005045413971	0.2783106863498688
0.12965378165245056	0.2732691764831543
0.12213243544101715	0.26842695474624634
0.12292072176933289	0.26882389187812805
0.12906493246555328	0.27298957109451294
0.13859562575817108	0.27925044298171997
0.13195587694644928	0.27476632595062256
0.13614153861999512	0.27758726477622986
0.14121797680854797	0.28091832995414734
0.1315147876739502	0.27453264594078064
0.13771258294582367	0.27868181467056274
0.1344849020242691	0.27654993534088135
0.13734593987464905	0.278382807970047
0.13110202550888062	0.2743539810180664
0.13242590427398682	0.2752419412136078
0.1404748260974884	0.2803820073604584
0.1359521895647049	0.27735796570777893
0.12719251215457916	0.271672785282135
0.13705752789974213	0.27824223041534424
0.13895469903945923	0.2794465720653534
0.12330770492553711	0.26905128359794617
0.1208886057138443	0.2675130367279053
0.13494373857975006	0.27687472105026245
0.13847506046295166	0.2791611850261688
0.12652786076068878	0.27138397097587585
0.13000306487083435	0.2733802795410156
0.13189123570919037	0.2748247981071472
0.12658043205738068	0.27109771966934204
0.13608470559120178	0.27749547362327576
0.12037229537963867	0.26716840267181396
0.12410014867782593	0.269745796918869
0.1287396252155304	0.27280330657958984
0.1208825558423996	0.26745280623435974
0.1266999989748001	0.27140188217163086
0.13876238465309143	0.27932146191596985
0.12297329306602478	0.2688077390193939
0.13930931687355042	0.27960434556007385
0.12977971136569977	0.2733032703399658
0.13757480680942535	0.27855953574180603
0.13210371136665344	0.27496811747550964
0.1385529339313507	0.27922487258911133
0.13890427350997925	0.27941834926605225
0.12121045589447021	0.26771414279937744
0.1242547482252121	0.2698810398578644
0.1220259964466095	0.26816320419311523
0.13729611039161682	0.278429239988327
0.12095421552658081	0.26758503913879395
0.13689082860946655	0.2780546247959137
0.13291482627391815	0.275582492351532
0.1246015876531601	0.2699930965900421
0.13292327523231506	0.27555641531944275
0.13758708536624908	0.27862828969955444
0.13878679275512695	0.2793453633785248
0.12623921036720276	0.2709367871284485
0.12406748533248901	0.2696205675601959
0.1222643256187439	0.26841995120048523
0.1274445652961731	0.2718973755836487
0.1228446215391159	0.26885658502578735
0.13839593529701233	0.2790507972240448
0.1344701200723648	0.2765454351902008
0.128977969288826	0.2730759382247925
0.1229783445596695	0.26903626322746277
0.12404127418994904	0.2697242498397827
0.1356855183839798	0.27731853723526
0.12569095194339752	0.27057260274887085
0.13596247136592865	0.2775391936302185
0.12190064787864685	0.2681922912597656
0.13533012568950653	0.2769353985786438
0.12979380786418915	0.27345842123031616
0.1388676017522812	0.27940016984939575
0.13935329020023346	0.2796996831893921
0.12077632546424866	0.26740166544914246
0.1376500278711319	0.27852457761764526
0.13398303091526031	0.2761431336402893
0.120102658867836	0.2669752538204193
0.12604385614395142	0.27080556750297546
0.1275644749403	0.2720019221305847
0.13222281634807587	0.2749609649181366
0.1233481615781784	0.2691698372364044
0.13801422715187073	0.2788427770137787
0.14022958278656006	0.28031280636787415
0.12987969815731049	0.27359771728515625
0.13915735483169556	0.27960556745529175
0.12174998223781586	0.268057256937027
0.13822384178638458	0.2790062725543976
0.13693483173847198	0.27818524837493896
0.1349317878484726	0.27682173252105713
0.12408368289470673	0.26974228024482727
0.1379394382238388	0.27880072593688965
0.1358136087656021	0.27736714482307434
0.1307244747877121	0.2739102840423584
0.13719993829727173	0.27833083271980286
0.12472841143608093	0.27009084820747375
0.12224267423152924	0.26837587356567383
0.13350138068199158	0.2758236229419708
0.12436813116073608	0.269849956035614
0.13633054494857788	0.2776657044887543
0.13492107391357422	0.27677345275878906
0.12723667919635773	0.27177056670188904
0.12628459930419922	0.2710488736629486
0.13592442870140076	0.27739664912223816
0.1277908980846405	0.27230802178382874
0.1359647661447525	0.2775385081768036
0.1207507848739624	0.2674224078655243
0.13076001405715942	0.2740981876850128
0.13672859966754913	0.27796414494514465
0.13753601908683777	0.27859726548194885
0.13086901605129242	0.274165540933609
0.12175768613815308	0.26803672313690186
0.1281168907880783	0.27229663729667664
0.12918700277805328	0.2730649411678314
0.12804372608661652	0.272067666053772
0.1389971822500229	0.27948468923568726
0.12917494773864746	0.2731843888759613
0.13777807354927063	0.27861958742141724
0.13518455624580383	0.2770145535469055
0.1294124871492386	0.2732091248035431
0.138260617852211	0.27900904417037964
0.13713982701301575	0.27821654081344604
0.12865948677062988	0.2728235423564911
0.12101006507873535	0.2676096260547638
0.12759849429130554	0.27197733521461487
0.13878506422042847	0.2793566584587097
0.13714398443698883	0.2782842218875885
0.12635725736618042	0.2710947096347809
0.13699021935462952	0.27815675735473633
0.12288111448287964	0.26889482140541077
0.1358771026134491	0.27738630771636963
0.1379130333662033	0.27876949310302734
0.1381497085094452	0.27890729904174805
0.1383281946182251	0.2790983319282532
0.12245982885360718	0.26858842372894287
0.1362198293209076	0.2775031626224518
0.13686805963516235	0.27805933356285095
0.1358872652053833	0.2774568498134613
0.1262354999780655	0.27108994126319885
0.13836701214313507	0.279104620218277
0.1217871755361557	0.2681173086166382
0.12676723301410675	0.27149292826652527
0.1373189240694046	0.2784384489059448
0.12174542248249054	0.26809707283973694
0.13156071305274963	0.2746371328830719
0.12747986614704132	0.2718079686164856
0.12297259271144867	0.26897338032722473
0.13821958005428314	0.2790125608444214
0.12832452356815338	0.27264273166656494
0.13565586507320404	0.2773233652114868
0.1300201416015625	0.27369365096092224
0.13960294425487518	0.27985286712646484
0.13368575274944305	0.276012659072876
0.1317552626132965	0.27481287717819214
0.13054265081882477	0.2740277051925659
0.13759076595306396	0.27860337495803833
0.1400367170572281	0.2801826000213623
0.1251373142004013	0.2704700827598572
0.13261118531227112	0.2752060890197754
0.1213005781173706	0.2677488625049591
0.1384892761707306	0.2791668176651001
0.14007094502449036	0.2802071273326874
0.1316143274307251	0.2745989263057709
0.12912072241306305	0.2728172242641449
0.12448883056640625	0.2699175477027893
0.12320992350578308	0.2691057026386261
0.12184201180934906	0.2681969702243805
0.136600524187088	0.2779213488101959
0.13793860375881195	0.2787283957004547
0.13506075739860535	0.27685898542404175
0.11985820531845093	0.2668191194534302
0.13500431180000305	0.27694061398506165
0.13238991796970367	0.27522173523902893
0.12347589433193207	0.26914289593696594
0.14034748077392578	0.2803018093109131
0.12693080306053162	0.27145639061927795
0.13868452608585358	0.27928656339645386
0.13463672995567322	0.2766844630241394
0.13683171570301056	0.2780543863773346
0.12853020429611206	0.2728305459022522
0.13596287369728088	0.2775162160396576
0.13022013008594513	0.27367103099823
0.12073534727096558	0.2674294710159302
0.13216142356395721	0.2750147581100464
0.13029716908931732	0.27360999584198
0.12930680811405182	0.2731879651546478
0.128935769200325	0.27300697565078735
0.12856332957744598	0.2724548280239105
0.13192635774612427	0.27494969964027405
0.1372043788433075	0.27822110056877136
0.12252424657344818	0.26859816908836365
0.12952660024166107	0.2733820378780365
0.13988538086414337	0.28010231256484985
0.13906554877758026	0.27954578399658203
0.1240546703338623	0.2694341540336609
0.13513191044330597	0.27689653635025024
0.13748206198215485	0.27855944633483887
0.13961325585842133	0.27987051010131836
0.13646553456783295	0.2776934802532196
0.1340460181236267	0.27626752853393555
0.13879826664924622	0.2793964743614197
0.12400102615356445	0.26947927474975586
0.12530727684497833	0.27045708894729614
0.1232021301984787	0.2689521610736847
0.13420432806015015	0.27626633644104004
0.13269153237342834	0.2753567397594452
0.13863375782966614	0.2792409658432007
0.12979193031787872	0.2734237313270569
0.12112638354301453	0.2676251530647278
0.12555594742298126	0.2706167697906494
0.127956822514534	0.2723151743412018
0.12809985876083374	0.2723633348941803
0.1387786567211151	0.27937811613082886
0.13277104496955872	0.27541476488113403
0.13740548491477966	0.2783803939819336
0.13562756776809692	0.27725476026535034
0.13300596177577972	0.2756040096282959
0.12615157663822174	0.2707934081554413
0.12288202345371246	0.26893672347068787
0.12099084258079529	0.2675829529762268
0.13720804452896118	0.2782198190689087
0.1362723559141159	0.2777569591999054
0.13809557259082794	0.2788900136947632
0.12076255679130554	0.26740092039108276
0.13778211176395416	0.2786419093608856
0.13099630177021027	0.2741481065750122
0.12388576567173004	0.269563764333725
0.12267081439495087	0.2686960995197296
0.13866811990737915	0.27925342321395874
0.1367589831352234	0.27805688977241516
0.1389916092157364	0.2795071005821228
0.12053461372852325	0.26730138063430786
0.13807718455791473	0.27884092926979065
0.1330970674753189	0.2756860554218292
0.13974197208881378	0.2799617350101471
0.13998866081237793	0.28011301159858704
0.1382628083229065	0.27902987599372864
0.12110435962677002	0.26763486862182617
0.13623104989528656	0.27771973609924316
0.13703632354736328	0.278229296207428
0.13219068944454193	0.2750643789768219
0.12657670676708221	0.2713630795478821
0.14028550684452057	0.2803134024143219
0.13734319806098938	0.27839598059654236
0.13920924067497253	0.2795792818069458
0.12280602753162384	0.26880475878715515
0.13618138432502747	0.2776627540588379
0.12133793532848358	0.26787400245666504
0.1319018304347992	0.27460476756095886
0.13486509025096893	0.2766398787498474
0.13664451241493225	0.27787110209465027
0.13864295184612274	0.27924105525016785
0.12250393629074097	0.26859742403030396
0.13288269937038422	0.2755292057991028
0.13876666128635406	0.2792780101299286
0.1382998377084732	0.27897951006889343
0.13999176025390625	0.2801247835159302
0.1355995386838913	0.27721092104911804
0.12459468841552734	0.27003300189971924
0.1358300894498825	0.27740544080734253
0.1214442253112793	0.26789364218711853
0.13764724135398865	0.2786239981651306
0.12720534205436707	0.2717263400554657
0.13718391954898834	0.2782128155231476
0.13096167147159576	0.27419161796569824
0.12319917976856232	0.26915088295936584
0.12245413661003113	0.26858463883399963
0.13854780793190002	0.2791861593723297
0.13754776120185852	0.2784813344478607
0.13798344135284424	0.2788710296154022
0.12125296890735626	0.2677145004272461
0.12256881594657898	0.26861342787742615
0.1388210505247116	0.27936649322509766
0.13464175164699554	0.2765561044216156
0.13816983997821808	0.2789801061153412
0.13871030509471893	0.2793009877204895
0.1300966888666153	0.27356812357902527
0.12935298681259155	0.27322736382484436
0.13877686858177185	0.2793121039867401
0.12901876866817474	0.2727804183959961
0.12181124091148376	0.268053263425827
0.1240181177854538	0.2694643437862396
0.12766008079051971	0.2720375955104828
0.1378236711025238	0.2787225842475891
0.13233569264411926	0.27500829100608826
0.13741232454776764	0.2783653438091278
0.12159378826618195	0.26795098185539246
0.13154689967632294	0.2744761109352112
0.12542065978050232	0.2703807055950165
0.1273525357246399	0.2717280089855194
0.13752873241901398	0.2784968614578247
0.11994890868663788	0.2668450176715851
0.13598750531673431	0.27750930190086365
0.13865330815315247	0.2792736887931824
0.12087775766849518	0.2675537168979645
0.1362699717283249	0.2777526080608368
0.12383559346199036	0.2695833742618561
0.12083740532398224	0.2674793004989624
0.12020935118198395	0.26704514026641846
0.1228649914264679	0.2688136100769043
0.13754501938819885	0.2785661816596985
0.13158148527145386	0.2745557427406311
0.1297702044248581	0.27344703674316406
0.13452202081680298	0.2764935791492462
0.12191703915596008	0.2682575583457947
0.13187545537948608	0.27474936842918396
0.13932682573795319	0.27974167466163635
0.13814738392829895	0.2789032459259033
0.13245601952075958	0.27521950006484985
0.1258985549211502	0.2708290219306946
0.1386677473783493	0.27922195196151733
0.13421761989593506	0.2763257324695587
0.13125763833522797	0.27443212270736694
0.13866634666919708	0.2792850136756897
0.13662704825401306	0.2779250144958496
0.12856829166412354	0.2723888158798218
0.1288122981786728	0.2727964520454407
0.13769567012786865	0.27867430448532104
0.12222455441951752	0.26843634247779846
0.13351598381996155	0.2759373188018799
0.1268281787633896	0.2713583707809448
0.1358523964881897	0.2773318290710449
0.13721652328968048	0.2783632278442383
0.12097173929214478	0.26753950119018555
0.12722449004650116	0.27175456285476685
0.12011982500553131	0.26698750257492065
0.12784689664840698	0.2722000181674957
0.1257750391960144	0.27065712213516235
0.13171425461769104	0.27462613582611084
0.1375211775302887	0.27853721380233765
0.13401730358600616	0.27619242668151855
0.13527323305606842	0.2770783007144928
0.135135680437088	0.27684444189071655
0.1220308393239975	0.26822859048843384
0.12809666991233826	0.2722962200641632
0.12309670448303223	0.2690384089946747
0.1357223242521286	0.27734214067459106
0.13909153640270233	0.2795354127883911
0.13844190537929535	0.2791171669960022
0.13944567739963531	0.27976617217063904
0.13105638325214386	0.27436327934265137
0.13306982815265656	0.27562007308006287
0.12436561286449432	0.2698986530303955
0.12305659055709839	0.26885470747947693
0.13901185989379883	0.2795185148715973
0.1305023729801178	0.2740236222743988
0.1412598043680191	0.28093403577804565
0.13928841054439545	0.27966761589050293
0.1371648758649826	0.278175950050354
0.13628734648227692	0.27767717838287354
0.13371483981609344	0.2760156989097595
0.13803628087043762	0.2788604199886322
0.1373688131570816	0.2784387767314911
0.1302395612001419	0.2737153470516205
0.13028016686439514	0.27379879355430603
0.13762401044368744	0.27842724323272705
0.13889992237091064	0.2794440686702728
0.13366897404193878	0.27592092752456665
0.1377514898777008	0.2786521017551422
0.13498301804065704	0.27682778239250183
0.13619379699230194	0.2777167856693268
0.12531740963459015	0.2703818678855896
0.12557928264141083	0.27059805393218994
0.12392984330654144	0.2693042755126953
0.13855060935020447	0.27920714020729065
0.13499051332473755	0.27674615383148193
0.13307707011699677	0.2755125164985657
0.13752466440200806	0.27856993675231934
0.12012070417404175	0.2669846713542938
0.12122562527656555	0.26766008138656616
0.14004093408584595	0.28013405203819275
0.12367883324623108	0.2693781852722168
0.12084183096885681	0.26745644211769104
0.13822650909423828	0.2790226936340332
0.12241683900356293	0.26851025223731995
0.12728354334831238	0.27166271209716797
0.13739606738090515	0.2784265875816345
0.12140965461730957	0.26789042353630066
0.1323135495185852	0.275136798620224
0.13849037885665894	0.2791079878807068
0.13519194722175598	0.2770286500453949
0.1385905146598816	0.27924326062202454
0.13482657074928284	0.2767835259437561
0.12785419821739197	0.2721535265445709
0.1296493411064148	0.27342966198921204
0.1320836842060089	0.27492398023605347
0.12175458669662476	0.26812365651130676
0.12443220615386963	0.2695998549461365
0.12156382203102112	0.26790183782577515
0.12218591570854187	0.268380731344223
0.12597987055778503	0.2709396481513977
0.13873997330665588	0.27932512760162354
0.12333622574806213	0.26920032501220703
0.12438105046749115	0.269829124212265
0.13892371952533722	0.2794452905654907
0.1364128738641739	0.27778884768486023
0.13908368349075317	0.2795919179916382
0.12626442313194275	0.27107784152030945
0.12427517771720886	0.2697073817253113
0.1373525708913803	0.2782837450504303
0.13529326021671295	0.2769756019115448
0.1371050924062729	0.27818813920021057
0.13621792197227478	0.27760395407676697
0.1381753534078598	0.2789243161678314
0.12543874979019165	0.27056553959846497
0.13832153379917145	0.279085248708725
0.12402349710464478	0.26957663893699646
0.13460128009319305	0.2766546905040741
0.12461711466312408	0.2699086368083954
0.13563363254070282	0.27732715010643005
0.12944762408733368	0.27339956164360046
0.1330031007528305	0.27553611993789673
0.1319863200187683	0.27468347549438477
0.13826265931129456	0.2789769470691681
0.12928512692451477	0.27324289083480835
0.12097455561161041	0.2675844132900238
0.13728776574134827	0.2782725989818573
0.11995360255241394	0.26691436767578125
0.13691264390945435	0.27802160382270813
0.1391315907239914	0.27959901094436646
0.12999790906906128	0.27339455485343933
0.13472101092338562	0.2767181396484375
0.13872680068016052	0.2793285548686981
0.1368304193019867	0.2781223952770233
0.1368841677904129	0.2781141400337219
0.13446113467216492	0.276446133852005
0.13900354504585266	0.27956095337867737
0.12567906081676483	0.27047640085220337
0.12387025356292725	0.2694633901119232
0.12062017619609833	0.2673252522945404
0.13709458708763123	0.27817562222480774
0.12814465165138245	0.2724214196205139
0.13745540380477905	0.2784917652606964
0.12957921624183655	0.27340200543403625
0.13597361743450165	0.2775595486164093
0.13830691576004028	0.27904120087623596
0.1303757280111313	0.27387315034866333
0.14023107290267944	0.2803260385990143
0.13859131932258606	0.27923697233200073
0.13913019001483917	0.27961266040802
0.12472400069236755	0.26996418833732605
0.1363193541765213	0.2777125835418701
0.13232460618019104	0.2749536335468292
0.12792056798934937	0.27244189381599426
0.1332716941833496	0.275730699300766
0.1333175152540207	0.2758338749408722
0.1382547914981842	0.2790745198726654
0.1385599672794342	0.2791554927825928
0.13687972724437714	0.2780992388725281
0.1319030076265335	0.2747547924518585
0.13192753493785858	0.2746959328651428
0.12402351200580597	0.2695838212966919
0.138624370098114	0.2792045772075653
0.12068082392215729	0.2673901617527008
0.13730207085609436	0.27835923433303833
0.12543326616287231	0.2705138027667999
0.13026785850524902	0.2738165557384491
0.13698360323905945	0.2781141996383667
0.12267670035362244	0.26872166991233826
0.13742193579673767	0.2784934341907501
0.12253379821777344	0.2686099112033844
0.13628563284873962	0.2776394486427307
0.12361420691013336	0.26929616928100586
0.13000278174877167	0.2733583450317383
0.1358805149793625	0.2774903178215027
0.1384742259979248	0.27910205721855164
0.13636857271194458	0.27770522236824036
0.13800384104251862	0.2788185775279999
0.12645015120506287	0.2711883783340454
0.12064310908317566	0.2673470079898834
0.1232413649559021	0.2689841091632843
0.12423396110534668	0.2698078155517578
0.1324533075094223	0.2751239240169525
0.13691943883895874	0.2781204879283905
0.13622015714645386	0.27753037214279175
0.12052398920059204	0.2672371566295624
0.12076237797737122	0.26742488145828247
0.13218463957309723	0.27502959966659546
0.13867279887199402	0.27931150794029236
0.12775897979736328	0.27186688780784607
0.13219842314720154	0.27484333515167236
0.13717319071292877	0.2783408463001251
0.12802790105342865	0.2724001109600067
0.13888540863990784	0.27944323420524597
0.12516118586063385	0.27027010917663574
0.12494976818561554	0.27021145820617676
0.12169411778450012	0.2680586874485016
0.13706007599830627	0.27815425395965576
0.13818839192390442	0.2788941562175751
0.13664105534553528	0.27800002694129944
0.13903410732746124	0.2795422673225403
0.12827785313129425	0.2723371684551239
0.12387780845165253	0.26944470405578613
0.12104976177215576	0.26766377687454224
0.13148310780525208	0.2746138870716095
0.13696478307247162	0.2781082093715668
0.13211354613304138	0.27491313219070435
0.13834400475025177	0.27912476658821106
0.12531299889087677	0.27029621601104736
0.13236425817012787	0.2751558721065521
0.12871848046779633	0.27276143431663513
0.1253361999988556	0.27052104473114014
0.13731758296489716	0.2784125506877899
0.1315189152956009	0.27464279532432556
0.12581418454647064	0.27058228850364685
0.1388782113790512	0.27932506799697876
0.13760489225387573	0.2785757780075073
0.12119773030281067	0.26763132214546204
0.12476235628128052	0.2700819671154022
0.13326838612556458	0.27557170391082764
0.12274295091629028	0.26879793405532837
0.13846847414970398	0.27916643023490906
0.1385999172925949	0.2792114019393921
0.13858845829963684	0.2792186141014099
0.13340862095355988	0.27564477920532227
0.13373203575611115	0.27595359086990356
0.12294334173202515	0.2689025402069092
0.1371830701828003	0.27833643555641174
0.1326553076505661	0.2752629816532135
0.13906696438789368	0.2795192003250122
0.1381840705871582	0.2789647579193115
0.13607802987098694	0.27754759788513184
0.1209767609834671	0.2676142454147339
0.13827571272850037	0.2790754437446594
0.12026137113571167	0.2671126127243042
0.12653571367263794	0.2714264392852783
0.12218615412712097	0.2682991325855255
0.1314799189567566	0.27448564767837524
0.12746784090995789	0.271804541349411
0.13700376451015472	0.27814286947250366
0.13692763447761536	0.27809324860572815
0.12456105649471283	0.26991188526153564
0.12283016741275787	0.26883038878440857
0.13901753723621368	0.27949973940849304
0.1236836165189743	0.26935237646102905
0.13511021435260773	0.2768714427947998
0.13073207437992096	0.2741091549396515
0.12369388341903687	0.26932570338249207
0.13940177857875824	0.27973708510398865
0.13845324516296387	0.2791246473789215
0.12041887640953064	0.26719874143600464
0.12130926549434662	0.2677950859069824
0.12135487794876099	0.2678096294403076
0.1339465081691742	0.27621689438819885
0.13657796382904053	0.2779390811920166
0.13858963549137115	0.27923327684402466
0.1341056525707245	0.27626723051071167
0.1286458969116211	0.2727135717868805
0.13910208642482758	0.27956804633140564
0.1359323114156723	0.27750709652900696
0.13878047466278076	0.2793789803981781
0.1399233192205429	0.2800898849964142
0.125961571931839	0.2709660530090332
0.1229642778635025	0.2689701020717621
0.1364787369966507	0.27786439657211304
0.12569883465766907	0.2707783877849579
0.1332300901412964	0.27562013268470764
0.13561265170574188	0.27726539969444275
0.12404759228229523	0.2695748507976532
0.12073543667793274	0.2674023509025574
0.13879187405109406	0.27935031056404114
0.12790212035179138	0.2721400856971741
0.12816618382930756	0.27225783467292786
0.1290179193019867	0.2729317247867584
0.13065551221370697	0.27387192845344543
0.1370885968208313	0.27816951274871826
0.1251014620065689	0.27041536569595337
0.13934311270713806	0.279735803604126
0.12364546954631805	0.2692846953868866
0.1299304962158203	0.2735891044139862
0.13031329214572906	0.273664653301239
0.1219836175441742	0.26835742592811584
0.13899220526218414	0.27951282262802124
0.13895979523658752	0.27942273020744324
0.13522383570671082	0.2770407795906067
0.1383073329925537	0.2790597379207611
0.12453599274158478	0.2699587345123291
0.12669551372528076	0.27145764231681824
0.12618392705917358	0.2711614966392517
0.12483057379722595	0.27009692788124084
0.1372121423482895	0.27834972739219666
0.1275089979171753	0.27204644680023193
0.12669268250465393	0.2713989019393921
0.12947747111320496	0.2733178734779358
0.1371345967054367	0.27825868129730225
0.12311561405658722	0.2690581679344177
0.12202544510364532	0.26833969354629517
0.13814328610897064	0.2788997292518616
0.13893091678619385	0.27947139739990234
0.1258169412612915	0.270712673664093
0.12152174115180969	0.2679027020931244
0.12273545563220978	0.2688117027282715
0.12292824685573578	0.2687404453754425
0.1291429102420807	0.2730330228805542
0.12168380618095398	0.26807549595832825
0.13706663250923157	0.2782262861728668
0.1317651867866516	0.27480268478393555
0.12797336280345917	0.27231478691101074
0.12095436453819275	0.2675144076347351
0.12490525841712952	0.2699391543865204
0.13866113126277924	0.2792884111404419
0.13533984124660492	0.27708300948143005
0.1324680894613266	0.27517619729042053
0.12685626745224	0.27147701382637024
0.12344226241111755	0.26907190680503845
0.1375071406364441	0.2784256041049957
0.1282118856906891	0.27220577001571655
0.1285506784915924	0.27270153164863586
0.13118013739585876	0.2744144797325134
0.1377468854188919	0.2786584496498108
0.12096209824085236	0.2675533890724182
0.13842801749706268	0.27902132272720337
0.1391807496547699	0.2796187698841095
0.12854936718940735	0.272531121969223
0.12038300931453705	0.2672079801559448
0.13873456418514252	0.27938154339790344
0.1318788230419159	0.2747025787830353
0.13747933506965637	0.27853599190711975
0.12165404856204987	0.267940491437912
0.1377367079257965	0.27855750918388367
0.1360078603029251	0.27754929661750793
0.1238810271024704	0.2695215344429016
0.12448732554912567	0.2699826657772064
0.13733601570129395	0.2784152030944824
0.13752388954162598	0.278501033782959
0.12673109769821167	0.2714598774909973
0.13188354671001434	0.27475449442863464
0.1367512047290802	0.2780078947544098
0.1214568018913269	0.26786530017852783
0.12272687256336212	0.26872390508651733
0.12387564778327942	0.26946479082107544
0.12266215682029724	0.2688145637512207
0.1269856095314026	0.2716769576072693
0.13952943682670593	0.27978813648223877
0.13254748284816742	0.27524861693382263
0.13888491690158844	0.279376357793808
0.1214657872915268	0.2679421305656433
0.12247686088085175	0.2686311900615692
0.1367981880903244	0.2780649662017822
0.13552157580852509	0.27726832032203674
0.13997581601142883	0.27999046444892883
0.12995007634162903	0.2736142873764038
0.13932392001152039	0.27975350618362427
0.12759733200073242	0.27196094393730164
0.12853524088859558	0.27248769998550415
0.13831612467765808	0.2790068984031677
0.13121792674064636	0.27445679903030396
0.12129513919353485	0.2677428424358368
0.13904467225074768	0.2795298397541046
0.1314856857061386	0.27455148100852966
0.13923799991607666	0.279653400182724
0.13385339081287384	0.27603626251220703
0.13750618696212769	0.2784421443939209
0.13093580305576324	0.2742287814617157
0.13720043003559113	0.27833449840545654
0.12117360532283783	0.26769697666168213
0.13627929985523224	0.2776535749435425
0.13817453384399414	0.27891287207603455
0.1249285638332367	0.2703118920326233
0.1396922767162323	0.27990540862083435
0.12777994573116302	0.271938681602478
0.124008908867836	0.2696037292480469
0.1319025456905365	0.27479851245880127
0.1386413425207138	0.27927079796791077
0.131838858127594	0.274709552526474
0.13927073776721954	0.27967575192451477
0.1385105401277542	0.2791799306869507
0.13205283880233765	0.2749391794204712
0.12768246233463287	0.272014856338501
0.13239730894565582	0.2750400900840759
0.13468794524669647	0.27668219804763794
0.12923872470855713	0.2729134261608124
0.12919378280639648	0.2730502486228943
0.13818462193012238	0.27894946932792664
0.13200558722019196	0.2748297452926636
0.1273788958787918	0.27180349826812744
0.1342323124408722	0.2762652039527893
0.12774072587490082	0.27215075492858887
0.12681415677070618	0.27134791016578674
0.13347303867340088	0.27577272057533264
0.12506668269634247	0.27022427320480347
0.12173715233802795	0.2680383026599884
0.12819112837314606	0.2722559869289398
0.1398363560438156	0.2800309956073761
0.12284308671951294	0.26894068717956543
0.12331826984882355	0.2690694034099579
0.1210581511259079	0.26761773228645325
0.12322817742824554	0.2690533995628357
0.12102121114730835	0.2676287293434143
0.12843693792819977	0.2727310061454773
0.1276550441980362	0.27199673652648926
0.12813885509967804	0.2723662257194519
0.12174373865127563	0.26810967922210693
0.12033413350582123	0.26717087626457214
0.1255531758069992	0.27054354548454285
0.12107796967029572	0.26767605543136597
0.12967167794704437	0.2734232544898987
0.13146518170833588	0.2745343744754791
0.13787293434143066	0.2787856459617615
0.13489963114261627	0.2767704129219055
0.12383638322353363	0.269435316324234
0.1316634863615036	0.27468088269233704
0.1366981714963913	0.278003066778183
0.13016138970851898	0.2738591432571411
0.13130372762680054	0.27433425188064575
0.12649627029895782	0.2713882327079773
0.12916260957717896	0.2728954553604126
0.1357291042804718	0.27737724781036377
0.13681185245513916	0.2780103087425232
0.1371038407087326	0.27820348739624023
0.12799066305160522	0.2721967399120331
0.12574583292007446	0.2706632614135742
0.1298338919878006	0.27356624603271484
0.1376710683107376	0.2786324620246887
0.13229936361312866	0.27517589926719666
0.1394328773021698	0.2797553241252899
0.12262044847011566	0.26870426535606384
0.1249241977930069	0.27021586894989014
0.13250751793384552	0.27507540583610535
0.13029424846172333	0.27362069487571716
0.12778054177761078	0.27185457944869995
0.13033650815486908	0.2738892138004303
0.1291251927614212	0.2730552852153778
0.1409904509782791	0.28076809644699097
0.12069942057132721	0.26744458079338074
0.13573117554187775	0.27739015221595764
0.12457652390003204	0.2700677216053009
0.1370350867509842	0.2781796157360077
0.12341254949569702	0.2692120373249054
0.13512320816516876	0.27699336409568787
0.12088504433631897	0.2675117254257202
0.12925049662590027	0.27286359667778015
0.12180255353450775	0.2681327760219574
0.13544006645679474	0.2771652936935425
0.1279400885105133	0.2720072269439697
0.12945283949375153	0.2730894982814789
0.12923192977905273	0.2731255292892456
0.13779300451278687	0.2786753177642822
0.12355901300907135	0.26933059096336365
0.12336617708206177	0.26927193999290466
0.13898800313472748	0.27945542335510254
0.13097214698791504	0.2740967869758606
0.13636638224124908	0.27775195240974426
0.12468914687633514	0.2698938846588135
0.12717515230178833	0.2716476321220398
0.13870351016521454	0.2792885899543762
0.13811752200126648	0.2789229452610016
0.13627393543720245	0.2777230739593506
0.1259647011756897	0.27076610922813416
0.13788427412509918	0.2787775695323944
0.13661924004554749	0.2779799997806549
0.13664677739143372	0.27794432640075684
0.13559642434120178	0.2771952748298645
0.13559868931770325	0.2771112024784088
0.12811990082263947	0.27225127816200256
0.13684478402137756	0.278114378452301
0.1392941027879715	0.2797021269798279
0.12888851761817932	0.2727028429508209
0.12425301969051361	0.26974573731422424
0.1384546160697937	0.27912622690200806
0.12087175250053406	0.2674727141857147
0.13025960326194763	0.27371373772621155
0.13026630878448486	0.2737475335597992
0.13946035504341125	0.27980151772499084
0.12498858571052551	0.2702767252922058
0.12261448800563812	0.2686629295349121
0.1375715434551239	0.27855777740478516
0.13899116218090057	0.27944374084472656
0.1305648237466812	0.2740110456943512
0.1300414800643921	0.2736663818359375
0.13702237606048584	0.27816712856292725
0.13462743163108826	0.2766531705856323
0.1288105696439743	0.27289053797721863
0.13849930465221405	0.27920082211494446
0.13786758482456207	0.27879786491394043
0.13916879892349243	0.2796122133731842
0.13561901450157166	0.27716076374053955
0.13266175985336304	0.2752455472946167
0.1382531225681305	0.27902811765670776
0.13751566410064697	0.2784956693649292
0.14011694490909576	0.28021860122680664
0.13850870728492737	0.2791750133037567
0.1296144425868988	0.27341127395629883
0.12823240458965302	0.2724163830280304
0.13826344907283783	0.2790406346321106
0.13622979819774628	0.2776956260204315
0.13716939091682434	0.2782822847366333
0.1327623724937439	0.275342732667923
0.12315785884857178	0.2690931558609009
0.1401100903749466	0.2802457809448242
0.13837680220603943	0.27912527322769165
0.14000210165977478	0.280109703540802
0.1268385499715805	0.2714102268218994
0.1214631050825119	0.26783013343811035
0.12316252291202545	0.2690364420413971
0.1319509595632553	0.27488595247268677
0.12131993472576141	0.26778116822242737
0.1377793848514557	0.27867671847343445
0.12293453514575958	0.2689458429813385
0.12159912288188934	0.26789504289627075
0.12302662432193756	0.26885664463043213
0.1231779158115387	0.2690427601337433
0.12692561745643616	0.27146193385124207
0.1367214471101761	0.2779758870601654
0.13489866256713867	0.2766073942184448
0.13411328196525574	0.2763429582118988
0.12166337668895721	0.26810768246650696
0.13711005449295044	0.27825677394866943
0.13819296658039093	0.2789391577243805
0.13624897599220276	0.27771034836769104
0.12479393184185028	0.2700021266937256
0.1331014186143875	0.2756406366825104
0.13764746487140656	0.2785670757293701
0.13202863931655884	0.2749738395214081
0.12182377278804779	0.26814594864845276
0.1230035126209259	0.2689773440361023
0.13871315121650696	0.27929583191871643
0.13678045570850372	0.2780344486236572
0.13952861726284027	0.2798057794570923
0.12844990193843842	0.27242934703826904
0.13914735615253448	0.2796621322631836
0.13622090220451355	0.2777426540851593
0.13027527928352356	0.273725688457489
0.12080727517604828	0.267464280128479
0.13655053079128265	0.2779499292373657
0.12568944692611694	0.2704547345638275
0.13916781544685364	0.2796529531478882
0.13206268846988678	0.2747696042060852
0.13222703337669373	0.27503502368927
0.13346195220947266	0.2756686508655548
0.12330849468708038	0.2690645158290863
0.13548733294010162	0.2771497368812561
0.12248806655406952	0.26844313740730286
0.12227889895439148	0.2684659957885742
0.13729777932167053	0.2782737910747528
0.12293766438961029	0.268959641456604
0.12564954161643982	0.27064427733421326
0.12612102925777435	0.27086466550827026
0.13096003234386444	0.27417540550231934
0.122550368309021	0.26863542199134827
0.13570456206798553	0.2772041857242584
0.1282014697790146	0.2723765969276428
0.13278017938137054	0.27524489164352417
0.13470911979675293	0.2765465974807739
0.13723719120025635	0.2782544493675232
0.12309056520462036	0.26898297667503357
0.131108820438385	0.2741937041282654
0.1411251276731491	0.2808138430118561
0.1350584477186203	0.2769242227077484
0.13955168426036835	0.279880166053772
0.13927330076694489	0.27966853976249695
0.12391397356987	0.2694670259952545
0.13643205165863037	0.27783137559890747
0.12244907021522522	0.2684628367424011
0.13781242072582245	0.27861854434013367
0.12408028542995453	0.2697147727012634
0.12374803423881531	0.2693805396556854
0.12618032097816467	0.27110281586647034
0.12286987900733948	0.2688066065311432
0.12214566767215729	0.26832088828086853
0.13442373275756836	0.27648305892944336
0.1315261721611023	0.27466198801994324
0.1379985809326172	0.2787724435329437
0.13128191232681274	0.2743975818157196
0.12733560800552368	0.27187690138816833
0.12090873718261719	0.2675777077674866
0.12130922079086304	0.26779794692993164
0.12064768373966217	0.2673591673374176
0.13355594873428345	0.2759052515029907
0.13853442668914795	0.2791864275932312
0.13845045864582062	0.27923810482025146
0.1322924643754959	0.2750982642173767
0.1237088292837143	0.26934123039245605
0.13984820246696472	0.2800334095954895
0.1214357316493988	0.2679447531700134
0.1205085963010788	0.2672474682331085
0.13943089544773102	0.27974840998649597
0.13098736107349396	0.27418091893196106
0.12391862273216248	0.26958173513412476
0.13449156284332275	0.2765617370605469
0.138565793633461	0.2791725695133209
0.1378779113292694	0.2787345349788666
0.13677354156970978	0.2780422568321228
0.1341044008731842	0.276319295167923
0.1352444738149643	0.2770625352859497
0.1296413540840149	0.2733272314071655
0.13116520643234253	0.27427300810813904
0.12513624131679535	0.2702248990535736
0.12606973946094513	0.2710343599319458
0.12413127720355988	0.2695038318634033
0.13802379369735718	0.278877854347229
0.12449297308921814	0.2700224220752716
0.135172501206398	0.2768104374408722
0.13689707219600677	0.27804309129714966
0.1388515830039978	0.2793893814086914
0.13640403747558594	0.27785274386405945
0.1381782591342926	0.27892738580703735
0.13872173428535461	0.27932050824165344
0.1260247528553009	0.27080991864204407
0.13712649047374725	0.27818843722343445
0.13276728987693787	0.2752836048603058
0.13115279376506805	0.27440503239631653
0.1384895145893097	0.27916592359542847
0.12011855840682983	0.26695966720581055
0.12141689658164978	0.2678302526473999
0.1352105289697647	0.27703583240509033
0.12525726854801178	0.27033209800720215
0.12509913742542267	0.2702895402908325
0.1224864274263382	0.26857030391693115
0.1386777013540268	0.27915090322494507
0.1320159137248993	0.2748733162879944
0.13583852350711823	0.2774445712566376
0.13697130978107452	0.2781825363636017
0.13789880275726318	0.2787803113460541
0.1323227435350418	0.2751363217830658
0.14015211164951324	0.28019577264785767
0.1236659437417984	0.26940274238586426
0.13795258104801178	0.27883273363113403
0.12121306359767914	0.2677111327648163
0.1369253247976303	0.27815574407577515
0.1361234039068222	0.2776659429073334
0.1209690272808075	0.2675846219062805
0.13401015102863312	0.2761782705783844
0.12759622931480408	0.2720475494861603
0.1359773576259613	0.27750951051712036
0.12239708006381989	0.2684679627418518
0.13818231225013733	0.27884331345558167
0.13629405200481415	0.277787446975708
0.12666569650173187	0.27127042412757874
0.13735274970531464	0.2784292995929718
0.1338336020708084	0.2761644423007965
0.13176243007183075	0.27478426694869995
0.12123125791549683	0.2677414119243622
0.13081716001033783	0.27413636445999146
0.12094056606292725	0.26752641797065735
0.1401246339082718	0.28024542331695557
0.1345997154712677	0.27656039595603943
0.13485237956047058	0.2766622006893158
0.1301925629377365	0.2737731635570526
0.12465105950832367	0.2698341906070709
0.13640853762626648	0.2777259349822998
0.13735179603099823	0.2783883512020111
0.1385527104139328	0.27919983863830566
0.12181353569030762	0.26807644963264465
0.13692930340766907	0.2781124413013458
0.12333065271377563	0.2691020667552948
0.12579917907714844	0.2708666920661926
0.12069360911846161	0.2673261761665344
0.1398799866437912	0.28002265095710754
0.12471398711204529	0.27007293701171875
0.12392918765544891	0.2694587707519531
0.120200514793396	0.2670109272003174
0.1242418885231018	0.2697255313396454
0.13288037478923798	0.2755025327205658
0.12617290019989014	0.27086591720581055
0.13334369659423828	0.27563899755477905
0.13895174860954285	0.2794937789440155
0.12409977614879608	0.2696807086467743
0.12278416752815247	0.26876792311668396
0.12376390397548676	0.2694861590862274
0.1394883245229721	0.27978548407554626
0.12820693850517273	0.2724776864051819
0.12753716111183167	0.2718619108200073
0.13837014138698578	0.2790249288082123
0.13563407957553864	0.27730560302734375
0.1350451111793518	0.27686846256256104
0.13908006250858307	0.27957919239997864
0.12080512940883636	0.2675330340862274
0.13796816766262054	0.2788206934928894
0.13668131828308105	0.2779892385005951
0.12150168418884277	0.26795029640197754
0.13099730014801025	0.2743102014064789
0.12502816319465637	0.27029842138290405
0.12690934538841248	0.2714969217777252
0.13629502058029175	0.27774304151535034
0.13443081080913544	0.2765510678291321
0.13760925829410553	0.27852576971054077
0.12451770901679993	0.26984426379203796
0.13912814855575562	0.27956992387771606
0.1328611522912979	0.275517076253891
0.1277674287557602	0.27215784788131714
0.13866658508777618	0.27930352091789246
0.12363268435001373	0.2693277895450592
0.13272663950920105	0.2752265930175781
0.13781453669071198	0.2788090407848358
0.1390393078327179	0.2794893980026245
0.13820038735866547	0.2790089547634125
0.13017527759075165	0.2736775279045105
0.1380448341369629	0.2788671851158142
0.1319311112165451	0.2748127579689026
0.1272534430027008	0.2716365158557892
0.12549297511577606	0.270402193069458
0.13806915283203125	0.2788427472114563
0.12974993884563446	0.27326369285583496
0.1369975209236145	0.27815335988998413
0.1212836503982544	0.2677648663520813
0.12044085562229156	0.2671634554862976
0.1317410171031952	0.2746719419956207
0.13739793002605438	0.27841290831565857
0.13638761639595032	0.27781951427459717
0.1253872811794281	0.2703676223754883
0.13794080913066864	0.27874043583869934
0.13651606440544128	0.27790218591690063
0.1286245435476303	0.27276840806007385
0.12128989398479462	0.2676948308944702
0.13952192664146423	0.2798108458518982
0.13650354743003845	0.27790042757987976
0.13927657902240753	0.2796825170516968
0.1294201910495758	0.27312061190605164
0.12219494581222534	0.26838943362236023
0.12843237817287445	0.27240681648254395
0.12243565917015076	0.26847949624061584
0.1396181583404541	0.2798297107219696
0.13925816118717194	0.27962103486061096
0.12307161092758179	0.26899397373199463
0.13619913160800934	0.2776035964488983
0.12025405466556549	0.2671028673648834
0.13927200436592102	0.27966225147247314
0.13585396111011505	0.2774125337600708
0.12170073390007019	0.268081933259964
0.12629370391368866	0.27106714248657227
0.13785579800605774	0.2787221670150757
0.12279808521270752	0.26888617873191833
0.1271994411945343	0.2717018127441406
0.12078815698623657	0.267433762550354
0.12364235520362854	0.26938343048095703
0.1332201361656189	0.27557072043418884
0.13232140243053436	0.27508610486984253
0.13448895514011383	0.2764616906642914
0.11978183686733246	0.2667716145515442
0.13656191527843475	0.2778953015804291
0.1373855620622635	0.2783162593841553
0.13695783913135529	0.2781980335712433
0.13065972924232483	0.2740439474582672
0.1332712173461914	0.2755715548992157
0.12724819779396057	0.2718258202075958
0.12426294386386871	0.26979053020477295
0.13594652712345123	0.2774660289287567
0.12208393216133118	0.2683814465999603
0.1213645488023758	0.2678287625312805
0.12082722783088684	0.26739656925201416
0.12908560037612915	0.2727964520454407
0.12282589077949524	0.26883751153945923
0.1365448385477066	0.2779061496257782
0.13725893199443817	0.2783854603767395
0.12087510526180267	0.26748862862586975
0.1357494741678238	0.277345210313797
0.13416501879692078	0.2762399911880493
0.12258194386959076	0.2685987055301666
0.12915590405464172	0.272940069437027
0.13482940196990967	0.27669256925582886
0.12351833283901215	0.26920756697654724
0.12036485970020294	0.26711124181747437
0.13008497655391693	0.27348384261131287
0.13169410824775696	0.2747492790222168
0.13282981514930725	0.2753892242908478
0.1205650269985199	0.2672760784626007
0.1385136842727661	0.27920040488243103
0.12178225815296173	0.26819267868995667
0.12439224123954773	0.2698090970516205
0.1288694143295288	0.27275559306144714
0.1385730504989624	0.279133141040802
0.1389409601688385	0.2794429659843445
0.12559494376182556	0.2704790234565735
0.1352989673614502	0.27708929777145386
0.1392100602388382	0.2796700596809387
0.1365351378917694	0.2778393626213074
0.13711802661418915	0.27831199765205383
0.13833682239055634	0.2789405584335327
0.12167675793170929	0.268054723739624
0.13834825158119202	0.2790967524051666
0.1245751827955246	0.27006101608276367
0.1370997428894043	0.27819445729255676
0.12174738943576813	0.2680506706237793
0.1280483603477478	0.2722906470298767
0.13408690690994263	0.2761777341365814
0.1371069997549057	0.27823859453201294
0.13393419981002808	0.2762117087841034
0.13893470168113708	0.2794308364391327
0.13438372313976288	0.27636000514030457
0.13897959887981415	0.2795170843601227
0.1305076628923416	0.27388519048690796
0.12560920417308807	0.27048245072364807
0.13612313568592072	0.27764594554901123
0.13889522850513458	0.27942997217178345
0.1367960125207901	0.2780902087688446
0.12585556507110596	0.2707957327365875
0.12278521060943604	0.26873552799224854
0.134902685880661	0.2767946720123291
0.12255407869815826	0.2687145471572876
0.12260401248931885	0.26864463090896606
0.12406997382640839	0.26954782009124756
0.12840357422828674	0.27262675762176514
0.12251798808574677	0.2686055898666382
0.13678936660289764	0.2780658006668091
0.12233345210552216	0.2684803009033203
0.13372382521629333	0.2759692668914795
0.1289542019367218	0.27274492383003235
0.1404847800731659	0.2804428040981293
0.1265193372964859	0.27113085985183716
0.13875246047973633	0.27919554710388184
0.13032251596450806	0.2737426161766052
0.12813399732112885	0.27245771884918213
0.1354309618473053	0.2771053910255432
0.1207069605588913	0.2674248516559601
0.12365004420280457	0.2692609131336212
0.12409715354442596	0.26956915855407715
0.12905527651309967	0.27302244305610657
0.1383208930492401	0.2790817618370056
0.13240016996860504	0.27505260705947876
0.1367608904838562	0.27799752354621887
0.1372145116329193	0.27825501561164856
0.13859452307224274	0.2792365849018097
0.12538714706897736	0.27059435844421387
0.13835695385932922	0.2790873348712921
0.13379085063934326	0.2759317457675934
0.14069946110248566	0.28058114647865295
0.1255474090576172	0.27058759331703186
0.1263095736503601	0.27120426297187805
0.13442058861255646	0.27644848823547363
0.12658189237117767	0.2713393270969391
0.13915573060512543	0.2796604335308075
0.139089897274971	0.27961453795433044
0.13002704083919525	0.2734416723251343
0.1379658281803131	0.2788802981376648
0.12264861166477203	0.26870590448379517
0.12025710940361023	0.2671227753162384
0.1309271603822708	0.2742775082588196
0.13587388396263123	0.2774915099143982
0.12100242078304291	0.2676107585430145
0.13134002685546875	0.27450641989707947
0.13419032096862793	0.2763443887233734
0.1381903439760208	0.2789683938026428
0.1317366510629654	0.2746734917163849
0.13461525738239288	0.27655428647994995
0.13785360753536224	0.27873143553733826
0.13050231337547302	0.27391141653060913
0.13563814759254456	0.277192622423172
0.12128950655460358	0.26772263646125793
0.1350652128458023	0.27681419253349304
0.12534520030021667	0.2702490985393524
0.12469521164894104	0.270089328289032
0.12913118302822113	0.2730342447757721
0.12890030443668365	0.27288609743118286
0.1371479034423828	0.2782656252384186
0.12385010719299316	0.26942557096481323
0.12918774783611298	0.27296745777130127
0.13785329461097717	0.27873629331588745
0.1211727112531662	0.26763468980789185
0.13747453689575195	0.2784936726093292
0.129194974899292	0.27326175570487976
0.12034521996974945	0.2672019302845001
0.1217745840549469	0.26800915598869324
0.13015681505203247	0.273688942193985
0.1387680470943451	0.2793389558792114
0.1375650316476822	0.27855271100997925
0.1257384866476059	0.2705858051776886
0.13781143724918365	0.2786904573440552
0.13900068402290344	0.27947717905044556
0.1278960257768631	0.27222561836242676
0.130745992064476	0.27414751052856445
0.13790734112262726	0.2787562906742096
0.13404008746147156	0.27618175745010376
0.12850448489189148	0.27241629362106323
0.13092714548110962	0.27429354190826416
0.13159336149692535	0.2744298279285431
0.12545068562030792	0.27041828632354736
0.12760651111602783	0.2719399333000183
0.13036398589611053	0.27382704615592957
0.13782934844493866	0.27879178524017334
0.12039996683597565	0.2671985924243927
0.1377871185541153	0.27860376238822937
0.1393183320760727	0.27960875630378723
0.12437310814857483	0.2698286771774292
0.12325419485569	0.2689531147480011
0.13396874070167542	0.27605223655700684
0.137374147772789	0.2784464657306671
0.13719861209392548	0.2783690392971039
0.12979499995708466	0.27344799041748047
0.1397971361875534	0.2800014317035675
0.13446442782878876	0.27646681666374207
0.12045526504516602	0.26716747879981995
0.1294899433851242	0.2730850577354431
0.13344654440879822	0.27578768134117126
0.12318745255470276	0.26895657181739807
0.13713297247886658	0.2782580852508545
0.13509419560432434	0.2767830193042755
0.12985260784626007	0.2735014855861664
0.12184646725654602	0.26811254024505615
0.13741646707057953	0.2785077393054962
0.13658756017684937	0.2778328061103821
0.12265408039093018	0.26876139640808105
0.13200955092906952	0.2749499976634979
0.1310010701417923	0.27409160137176514
0.12219364941120148	0.26837971806526184
0.12306684255599976	0.2690202295780182
0.13718606531620026	0.27833107113838196
0.13509111106395721	0.27695512771606445
0.1295381337404251	0.27328062057495117
0.13888245820999146	0.27940794825553894
0.12666545808315277	0.27134260535240173
0.131661057472229	0.27468734979629517
0.13796758651733398	0.27877506613731384
0.13776907324790955	0.27865976095199585
0.13000690937042236	0.2733166217803955
0.128731369972229	0.27267491817474365
0.13548506796360016	0.2771301567554474
0.13674581050872803	0.2780488431453705
0.12734529376029968	0.2718590795993805
0.13501377403736115	0.2768920361995697
0.1328892856836319	0.2755316197872162
0.12226459383964539	0.2683221101760864
0.13612748682498932	0.2775273323059082
0.13053767383098602	0.274030864238739
0.13224346935749054	0.27509474754333496
0.12145458161830902	0.2679477334022522
0.13594593107700348	0.27730894088745117
0.13064995408058167	0.27383798360824585
0.13688459992408752	0.278133749961853
0.12104333937168121	0.26757100224494934
0.13555967807769775	0.27724623680114746
0.13655348122119904	0.27780476212501526
0.1275705099105835	0.2719968259334564
0.1257677972316742	0.27059313654899597
0.12248052656650543	0.26865237951278687
0.12192963063716888	0.2681807279586792
0.12549464404582977	0.2705644965171814
0.13883887231349945	0.2793959677219391
0.13194617629051208	0.2747848927974701
0.12701189517974854	0.2715083360671997
0.13291580975055695	0.2754325270652771
0.12766143679618835	0.2718987464904785
0.13298746943473816	0.27560028433799744
0.13888445496559143	0.2794186770915985
0.13197293877601624	0.27488964796066284
0.1256067305803299	0.2705948054790497
0.13773693144321442	0.27862146496772766
0.13538002967834473	0.2770916223526001
0.13733801245689392	0.27840158343315125
0.12499968707561493	0.27022162079811096
0.12427595257759094	0.26969587802886963
0.13847412168979645	0.2791268229484558
0.1257721334695816	0.2706541121006012
0.1321631520986557	0.27493488788604736
0.13003917038440704	0.27346399426460266
0.13867415487766266	0.27928194403648376
0.12149623036384583	0.26789504289627075
0.13204672932624817	0.2749880850315094
0.13841311633586884	0.2791510224342346
0.13903464376926422	0.2795006334781647
0.13585682213306427	0.2774270176887512
0.12907685339450836	0.2728465795516968
0.12234073877334595	0.2684207260608673
0.13816845417022705	0.2789735794067383
0.12255163490772247	0.26861241459846497
0.1374843716621399	0.27843353152275085
0.12232589721679688	0.2684657871723175
0.12710313498973846	0.2717435657978058
0.14006896317005157	0.2802058756351471
0.13184168934822083	0.27489373087882996
0.12027783691883087	0.2671358585357666
0.13378405570983887	0.2759265601634979
0.12865179777145386	0.27277517318725586
0.13733811676502228	0.2783906161785126
0.13253460824489594	0.2750730812549591
0.12139703333377838	0.26786020398139954
0.1326744258403778	0.2753719389438629
0.13610872626304626	0.2775110602378845
0.12318748235702515	0.26908746361732483
0.12683752179145813	0.27125924825668335
0.12545272707939148	0.2706908583641052
0.13372790813446045	0.2759229242801666
0.12147079408168793	0.26782187819480896
0.1251901537179947	0.2701365351676941
0.12790246307849884	0.27200019359588623
0.13838569819927216	0.2790731191635132
0.1373911052942276	0.27845078706741333
0.1364884376525879	0.27768251299858093
0.12438087165355682	0.26996615529060364
0.13659872114658356	0.27787697315216064
0.13976795971393585	0.2799963653087616
0.12323881685733795	0.2690644860267639
0.13433898985385895	0.2763194739818573
0.12424489855766296	0.26970842480659485
0.13574348390102386	0.27728989720344543
0.12039229273796082	0.26718100905418396
0.1386728584766388	0.27926135063171387
0.12928137183189392	0.27319562435150146
0.13095450401306152	0.2743147015571594
0.13181287050247192	0.2748223841190338
0.12717024981975555	0.2717820107936859
0.13577406108379364	0.2773803472518921
0.13257983326911926	0.2751788794994354
0.12506742775440216	0.27035820484161377
0.12732023000717163	0.2716657221317291
0.13650918006896973	0.2778346538543701
0.13873404264450073	0.2793348729610443
0.12922003865242004	0.27305617928504944
0.12941031157970428	0.2732182443141937
0.12629878520965576	0.27114054560661316
0.13783296942710876	0.27861061692237854
0.1398933231830597	0.28009310364723206
0.1279681771993637	0.27204570174217224
0.12234075367450714	0.2684624195098877
0.13501295447349548	0.276869535446167
0.13386714458465576	0.27610963582992554
0.13522520661354065	0.2770140469074249
0.13211502134799957	0.2747627794742584
0.12891359627246857	0.27292346954345703
0.1373918652534485	0.2784574031829834
0.1238812804222107	0.2695015072822571
0.12282457947731018	0.26884686946868896
0.12347117066383362	0.2692701816558838
0.1383180320262909	0.2789670526981354
0.13368971645832062	0.27597224712371826
0.13022130727767944	0.27360183000564575
0.12769216299057007	0.2718279957771301
0.13526278734207153	0.27701058983802795
0.1374380737543106	0.27847588062286377
0.13197065889835358	0.27477020025253296
0.13989023864269257	0.28006836771965027
0.13937170803546906	0.2797391712665558
0.13748697936534882	0.2784905433654785
0.13834835588932037	0.27908867597579956
0.13716575503349304	0.27826112508773804
0.13854342699050903	0.27919501066207886
0.13923543691635132	0.27957409620285034
0.13821063935756683	0.279029905796051
0.1324426680803299	0.2752765119075775
0.13790901005268097	0.2787107527256012
0.1360289305448532	0.2774500846862793
0.13692796230316162	0.2780340015888214
0.13526973128318787	0.2769172489643097
0.12627701461315155	0.2712090015411377
0.12580841779708862	0.2706912159919739
0.14051097631454468	0.2804732620716095
0.13015088438987732	0.2735815644264221
0.12128762900829315	0.26774320006370544
0.1375311017036438	0.2785877287387848
0.13219256699085236	0.27504467964172363
0.1351413130760193	0.2770007848739624
0.12199027836322784	0.2681717574596405
0.138264998793602	0.2790512442588806
0.12744948267936707	0.2718800902366638
0.1240137368440628	0.26961255073547363
0.12591135501861572	0.270913690328598
0.12087546288967133	0.2675175964832306
0.12362547218799591	0.26919761300086975
0.13860800862312317	0.27926820516586304
0.12995637953281403	0.27345526218414307
0.14062310755252838	0.28051984310150146
0.134140282869339	0.2761714458465576
0.13481244444847107	0.2766140401363373
0.12851405143737793	0.2726729214191437
0.12075652182102203	0.2674359381198883
0.1314445585012436	0.27457624673843384
0.12019430100917816	0.2670677900314331
0.13791392743587494	0.27880412340164185
0.1343628615140915	0.2764107286930084
0.1363825649023056	0.2778021991252899
0.12867026031017303	0.27252283692359924
0.12201148271560669	0.26817286014556885
0.12878409028053284	0.2726386487483978
0.13352563977241516	0.275849312543869
0.13307787477970123	0.27557212114334106
0.1393675059080124	0.2797234058380127
0.12247854471206665	0.2684968411922455
0.1367691159248352	0.2779630720615387
0.1305590271949768	0.27400556206703186
0.13648684322834015	0.27786290645599365
0.12350675463676453	0.2691519856452942
0.13692772388458252	0.2780635356903076
0.13898956775665283	0.2795039713382721
0.1346994936466217	0.2766411602497101
0.13685986399650574	0.2781040072441101
0.12802284955978394	0.2722029685974121
0.12781208753585815	0.27196043729782104
0.13449998199939728	0.2764960527420044
0.13528670370578766	0.27693572640419006
0.12281705439090729	0.268709659576416
0.1239156424999237	0.26950883865356445
0.13863332569599152	0.27922767400741577
0.13551481068134308	0.27724960446357727
0.1385120302438736	0.279090017080307
0.1380603015422821	0.27890023589134216
0.12992854416370392	0.2736402153968811
0.13528676331043243	0.27689316868782043
0.1385544240474701	0.2792297303676605
0.13802577555179596	0.2788907587528229
0.12683060765266418	0.27154821157455444
0.13267073035240173	0.27529385685920715
0.12294310331344604	0.26894325017929077
0.12380796670913696	0.2693527042865753
0.12716007232666016	0.27179935574531555
0.1282074898481369	0.27221280336380005
0.12352985143661499	0.26922664046287537
0.13250750303268433	0.27526745200157166
0.13234010338783264	0.27516400814056396
0.13168323040008545	0.27469539642333984
0.13030272722244263	0.2737485468387604
0.12824618816375732	0.27252650260925293
0.12236709892749786	0.2685081958770752
0.1374172866344452	0.2785106897354126
0.13013139367103577	0.27369195222854614
0.12325364351272583	0.26912933588027954
0.12865768373012543	0.27259311079978943
0.1203647255897522	0.26717740297317505
0.12738445401191711	0.271658718585968
0.13586977124214172	0.27745670080184937
0.13231386244297028	0.2751096487045288
0.12557992339134216	0.27061977982521057
0.13381478190422058	0.2760693430900574
0.13874725997447968	0.27933451533317566
0.1377975195646286	0.2787308394908905
0.13416318595409393	0.27631813287734985
0.13725683093070984	0.27824774384498596
0.12305520474910736	0.2688770890235901
0.13801676034927368	0.27884143590927124
0.12622010707855225	0.270999938249588
0.13805319368839264	0.27890774607658386
0.13730108737945557	0.2783692479133606
0.13676632940769196	0.27803629636764526
0.13864079117774963	0.27928122878074646
0.1343373954296112	0.2764325439929962
0.13664184510707855	0.2779880166053772
0.1326972097158432	0.27529242634773254
0.13783468306064606	0.27872177958488464
0.12805432081222534	0.2722378969192505
0.1290014386177063	0.2728651762008667
0.13103030622005463	0.2742558717727661
0.12742963433265686	0.2719061076641083
0.12499874830245972	0.2703414559364319
0.139521524310112	0.2798748314380646
0.12567569315433502	0.2706047594547272
0.12754632532596588	0.27167195081710815
0.12666040658950806	0.2711891829967499
0.13837102055549622	0.27907678484916687
0.12914860248565674	0.2728528380393982
0.13829472661018372	0.2789745330810547
0.12171921133995056	0.2680014967918396
0.12169082462787628	0.26809898018836975
0.1366136223077774	0.27787381410598755
0.13786616921424866	0.2787366509437561
0.12319208681583405	0.26901593804359436
0.13541297614574432	0.277074933052063
0.13087356090545654	0.27422818541526794
0.13690361380577087	0.2780938446521759
0.1227467805147171	0.26881733536720276
0.13509248197078705	0.2769523859024048
0.13848170638084412	0.27910280227661133
0.1296985149383545	0.2734522521495819
0.1372721642255783	0.2783816158771515
0.12197978794574738	0.26825079321861267
0.137476846575737	0.2785041630268097
0.13775129616260529	0.2786961793899536
0.12210698425769806	0.26833856105804443
0.13728630542755127	0.278383731842041
0.1374853253364563	0.2784448266029358
0.1223817765712738	0.26858362555503845
0.12173692882061005	0.26808661222457886
0.13814926147460938	0.27888399362564087
0.1230960488319397	0.2690607011318207
0.13126637041568756	0.27428871393203735
0.1304445117712021	0.2738119065761566
0.1364191174507141	0.27778902649879456
0.13054993748664856	0.2737945020198822
0.1277770847082138	0.2721122205257416
0.13598738610744476	0.277376264333725
0.13468043506145477	0.276650071144104
0.12712080776691437	0.27164366841316223
0.13283027708530426	0.2754657566547394
0.12348313629627228	0.269313246011734
0.1268678605556488	0.27153781056404114
0.13229483366012573	0.27516573667526245
0.1356130689382553	0.27727341651916504
0.13309410214424133	0.27564552426338196
0.13231879472732544	0.2748733460903168
0.13331757485866547	0.27564722299575806
0.13089801371097565	0.2741023004055023
0.13853107392787933	0.27921637892723083
0.12345390021800995	0.2691664397716522
0.13967612385749817	0.2799842953681946
0.134321928024292	0.27652397751808167
0.12353146076202393	0.2693365514278412
0.12778981029987335	0.272127240896225
0.13859456777572632	0.2792101502418518
0.1346866339445114	0.27670320868492126
0.12090489268302917	0.26748937368392944
0.13738512992858887	0.2782984972000122
0.12156088650226593	0.26796260476112366
0.13092486560344696	0.2742500603199005
0.13912369310855865	0.27953794598579407
0.12265658378601074	0.2688051462173462
0.13717837631702423	0.278306245803833
0.12076550722122192	0.2673870325088501
0.13812875747680664	0.2787339687347412
0.12447835505008698	0.26994526386260986
0.13163048028945923	0.27462711930274963
0.13935917615890503	0.2797764539718628
0.13582530617713928	0.2774648666381836
0.12013944983482361	0.26702681183815
0.12415847182273865	0.269616037607193
0.1374216079711914	0.2784942388534546
0.13763172924518585	0.27863892912864685
0.12526656687259674	0.2702134847640991
0.13908177614212036	0.2795725166797638
0.13713495433330536	0.27824753522872925
0.13807295262813568	0.27880170941352844
0.13650982081890106	0.2779061198234558
0.13807927072048187	0.27886083722114563
0.13812130689620972	0.27900266647338867
0.13673387467861176	0.2779231369495392
0.13696052134037018	0.2781488597393036
0.13557057082653046	0.2771855890750885
0.12295939028263092	0.26877668499946594
0.12586870789527893	0.2707494795322418
0.13347956538200378	0.2758772075176239
0.12603254616260529	0.27087149024009705
0.13700421154499054	0.27824488282203674
0.13672178983688354	0.27807265520095825
0.12381361424922943	0.2693755030632019
0.129799023270607	0.27345409989356995
0.12455454468727112	0.2700697183609009
0.12479481101036072	0.27020740509033203
0.1400417536497116	0.28015759587287903
0.1292322278022766	0.2729984223842621
0.13290773332118988	0.27554190158843994
0.1378069818019867	0.278717041015625
0.13869868218898773	0.2793484330177307
0.12113986909389496	0.2676852345466614
0.132914736866951	0.275432825088501
0.121334508061409	0.26778629422187805
0.13843859732151031	0.2791219651699066
0.13719132542610168	0.27827391028404236
0.12247242033481598	0.2685360312461853
0.1322297602891922	0.27486661076545715
0.13182321190834045	0.2747988700866699
0.12756536900997162	0.27187520265579224
0.12024791538715363	0.2670690715312958
0.12210765480995178	0.26840290427207947
0.13152794539928436	0.27456724643707275
0.13239961862564087	0.2751380205154419
0.12719887495040894	0.2715631425380707
0.12703529000282288	0.27159354090690613
0.12532353401184082	0.2704726457595825
0.13240310549736023	0.2752304673194885
0.13966459035873413	0.27993279695510864
0.1262865662574768	0.2711435854434967
0.13935519754886627	0.27976107597351074
0.12834429740905762	0.27261361479759216
0.12672542035579681	0.2713266909122467
0.12369093298912048	0.26928427815437317
0.13857807219028473	0.279226690530777
0.1323809176683426	0.2751730680465698
0.13907770812511444	0.27954715490341187
0.1357000172138214	0.27722132205963135
0.13118287920951843	0.27443966269493103
0.1366942822933197	0.27795642614364624
0.12594132125377655	0.2709931433200836
0.13615107536315918	0.277506023645401
0.13667267560958862	0.27801623940467834
0.12122626602649689	0.267709344625473
0.1289120465517044	0.27303004264831543
0.1251213550567627	0.27025699615478516
0.13343830406665802	0.2757173478603363
0.13805334270000458	0.2788762152194977
0.12156394124031067	0.26793211698532104
0.13285444676876068	0.2754860520362854
0.12230165302753448	0.2683454751968384
0.12441252171993256	0.26978036761283875
0.1371942013502121	0.278278648853302
0.13600589334964752	0.2775736153125763
0.13716137409210205	0.27828165888786316
0.12187588214874268	0.26829057931900024
0.13119721412658691	0.27421483397483826
0.12130710482597351	0.26769763231277466
0.13648083806037903	0.27787235379219055
0.13462111353874207	0.27649742364883423
0.13929879665374756	0.27969780564308167
0.13701535761356354	0.27819544076919556
0.12049299478530884	0.26726844906806946
0.139025017619133	0.27948734164237976
0.1293850541114807	0.27326250076293945
0.11999322474002838	0.26689478754997253
0.1255168467760086	0.27051228284835815
0.13000927865505219	0.27345597743988037
0.1380273401737213	0.27883994579315186
0.13905920088291168	0.2795378565788269
0.13872462511062622	0.27932819724082947
0.1377910077571869	0.2787429392337799
0.1370435506105423	0.2781733572483063
0.12307116389274597	0.2690068483352661
0.13712842762470245	0.27823448181152344
0.13977661728858948	0.2799896001815796
0.12359178066253662	0.26928064227104187
0.12523648142814636	0.27042993903160095
0.1380174160003662	0.27882638573646545
0.12674978375434875	0.27141934633255005
0.13635186851024628	0.277795672416687
0.13301654160022736	0.2755930721759796
0.1257118433713913	0.27057114243507385
0.12662531435489655	0.27129897475242615
0.13500404357910156	0.2768854796886444
0.12333033978939056	0.2691323757171631
0.1309991329908371	0.27413731813430786
0.13735847175121307	0.2784147262573242
0.12680627405643463	0.2712913453578949
0.13750222325325012	0.27850955724716187
0.12242403626441956	0.2684362232685089
0.1270114779472351	0.2715517282485962
0.13628821074962616	0.27773869037628174
0.13872267305850983	0.27933064103126526
0.12806789577007294	0.27229732275009155
0.13766402006149292	0.2786380648612976
0.12163400650024414	0.2679460942745209
0.13918034732341766	0.27962571382522583
0.13643845915794373	0.27780216932296753
0.12367989122867584	0.2693713903427124
0.1290786862373352	0.27303946018218994
0.13600483536720276	0.2774241864681244
0.13674788177013397	0.27802136540412903
0.1370212286710739	0.2782021164894104
0.12912093102931976	0.2728174924850464
0.13521352410316467	0.276976615190506
0.12493035197257996	0.270279198884964
0.13785789906978607	0.2786750793457031
0.12076906859874725	0.2674347758293152
0.12605416774749756	0.2707231044769287
0.12184712290763855	0.26822102069854736
0.13446541130542755	0.27659064531326294
0.13899950683116913	0.279519259929657
0.12247766554355621	0.26858240365982056
0.1388815939426422	0.279385507106781
0.13956977427005768	0.27983713150024414
0.1275927871465683	0.2718401551246643
0.12369456887245178	0.26931682229042053
0.13875961303710938	0.2793416380882263
0.1333884447813034	0.27570870518684387
0.13647224009037018	0.2778545320034027
0.1366666853427887	0.2779890298843384
0.12534233927726746	0.2704700529575348
0.12078079581260681	0.26742038130760193
0.12428975105285645	0.26976391673088074
0.13650347292423248	0.2778168022632599
0.12339714169502258	0.2691972255706787
0.12282751500606537	0.26881518959999084
0.136416494846344	0.27771425247192383
0.12086489796638489	0.267488569021225
0.12193682789802551	0.2681190073490143
0.1373663693666458	0.278393030166626
0.1201261579990387	0.2670065462589264
0.13617950677871704	0.2775650918483734
0.12657299637794495	0.27128881216049194
0.13915151357650757	0.27953553199768066
0.13287457823753357	0.2755041718482971
0.1380629539489746	0.2788826525211334
0.12974797189235687	0.2734655439853668
0.1351596862077713	0.2770209014415741
0.12099504470825195	0.2675984501838684
0.12937919795513153	0.2732122838497162
0.1310168355703354	0.2742469608783722
0.12502852082252502	0.27015143632888794
0.12865276634693146	0.27272742986679077
0.12443600594997406	0.2697499096393585
0.12845951318740845	0.27259746193885803
0.12647247314453125	0.2713257670402527
0.13089480996131897	0.2742368280887604
0.1374199390411377	0.2784886658191681
0.13468870520591736	0.2766517996788025
0.13813845813274384	0.27891871333122253
0.1354261338710785	0.27708128094673157
0.12458689510822296	0.2699732482433319
0.13815099000930786	0.2788996994495392
0.12230284512042999	0.2685534954071045
0.13859978318214417	0.27925756573677063
0.13954925537109375	0.2798234224319458
0.13089913129806519	0.2740655243396759
0.13125517964363098	0.27450332045555115
0.13428227603435516	0.27635499835014343
0.13497765362262726	0.27682259678840637
0.1363602876663208	0.27778422832489014
0.12999208271503448	0.2733370363712311
0.1299947202205658	0.27358728647232056
0.13040421903133392	0.27383020520210266
0.1370440125465393	0.2781784236431122
0.13414709270000458	0.2762884199619293
0.13454964756965637	0.2764940559864044
0.12840348482131958	0.2725176215171814
0.12955763936042786	0.2732984721660614
0.12661664187908173	0.27142032980918884
0.13348041474819183	0.2756694555282593
0.13305681943893433	0.2756468951702118
0.13222025334835052	0.2750694155693054
0.13702259957790375	0.27822381258010864
0.12024788558483124	0.2671107053756714
0.129526287317276	0.2731284201145172
0.13122045993804932	0.2744051218032837
0.1257392019033432	0.27076297998428345
0.13665169477462769	0.27789342403411865
0.12177857756614685	0.2680872678756714
0.12470501661300659	0.2701801061630249
0.13184252381324768	0.274778813123703
0.12611523270606995	0.27072322368621826
0.1257292479276657	0.27058592438697815
0.13471956551074982	0.2765645682811737
0.12753494083881378	0.2718929350376129
0.13226276636123657	0.2749840319156647
0.13827751576900482	0.27900004386901855
0.1364050656557083	0.27775517106056213
0.1283189207315445	0.27255043387413025
0.13502196967601776	0.2768768072128296
0.124709352850914	0.26991787552833557
0.1362721472978592	0.27775514125823975
0.13406406342983246	0.27615541219711304
0.12655076384544373	0.27108654379844666
0.1381450593471527	0.27885279059410095
0.13548795878887177	0.2770785093307495
0.13658592104911804	0.2778278887271881
0.13139918446540833	0.27457860112190247
0.1378336250782013	0.27867868542671204
0.13861393928527832	0.27921050786972046
0.13912910223007202	0.27960795164108276
0.1384468376636505	0.27918028831481934
0.12913541495800018	0.27286699414253235
0.13346843421459198	0.27583831548690796
0.1271556317806244	0.2717761993408203
0.12267188727855682	0.2686677575111389
0.13015717267990112	0.2735585570335388
0.13717085123062134	0.2782538831233978
0.12142841517925262	0.2679346203804016
0.12911388278007507	0.27300339937210083
0.12317387759685516	0.2690819203853607
0.12022702395915985	0.2670689821243286
0.1292424499988556	0.27305740118026733
0.12213709950447083	0.26836955547332764
0.13428351283073425	0.27640172839164734
0.12426015734672546	0.2696734666824341
0.1300102174282074	0.2734357714653015
0.13737009465694427	0.27843669056892395
0.12594985961914062	0.27092719078063965
0.12432217597961426	0.2698383629322052
0.1380302459001541	0.2788694202899933
0.13866853713989258	0.27927953004837036
0.13803650438785553	0.2788878381252289
0.12842155992984772	0.2724648714065552
0.12179721891880035	0.268242746591568
0.13694797456264496	0.27816545963287354
0.13364988565444946	0.27605533599853516
0.12579819560050964	0.27076566219329834
0.13754427433013916	0.278555303812027
0.13529211282730103	0.27698132395744324
0.13413487374782562	0.276338130235672
0.12526530027389526	0.2704353928565979
0.1396515667438507	0.2798716127872467
0.1337243914604187	0.27605897188186646
0.128841832280159	0.2728184461593628
0.1303403377532959	0.27389323711395264
0.12992747128009796	0.2734191119670868
0.1378384530544281	0.2787686288356781
0.13752678036689758	0.27852576971054077
0.12137813866138458	0.26785293221473694
0.1326531022787094	0.27526357769966125
0.13897086679935455	0.2794715166091919
0.13801512122154236	0.2788360118865967
0.13761259615421295	0.27851495146751404
0.12998394668102264	0.27353519201278687
0.1370568573474884	0.2781533896923065
0.1328684389591217	0.2753210663795471
0.12398789823055267	0.2695769667625427
0.12832404673099518	0.2723380923271179
0.12322929501533508	0.26907840371131897
0.13063226640224457	0.27408066391944885
0.13788701593875885	0.2788226902484894
0.13153375685214996	0.27457231283187866
0.13361045718193054	0.275980144739151
0.1336614340543747	0.27605104446411133
0.1359739750623703	0.27750858664512634
0.13562913239002228	0.27726781368255615
0.12769904732704163	0.271929532289505
0.13800807297229767	0.2788553833961487
0.1355045884847641	0.2771657705307007
0.13981227576732635	0.28004926443099976
0.1393100619316101	0.27967122197151184
0.13013112545013428	0.27366238832473755
0.12937124073505402	0.2732611298561096
0.12021580338478088	0.2670706510543823
0.13605551421642303	0.27756524085998535
0.13440249860286713	0.2764885127544403
0.13697004318237305	0.2781497836112976
0.13432614505290985	0.27632537484169006
0.1278926581144333	0.2721714675426483
0.12114870548248291	0.26765063405036926
0.13692833483219147	0.27816885709762573
0.13831248879432678	0.27909421920776367
0.13006263971328735	0.2736222445964813
0.12452995777130127	0.269847571849823
0.12135624885559082	0.26788651943206787
0.12985117733478546	0.2735385000705719
0.13599425554275513	0.27752286195755005
0.12229776382446289	0.26834386587142944
0.13282418251037598	0.2753053605556488
0.13568317890167236	0.27738484740257263
0.13146749138832092	0.27458590269088745
0.13009952008724213	0.27350831031799316
0.12430253624916077	0.2697899341583252
0.12846316397190094	0.2724761366844177
0.1257202923297882	0.27066394686698914
0.12671718001365662	0.27124539017677307
0.12533684074878693	0.2705281376838684
0.12196320295333862	0.2682581841945648
0.12959004938602448	0.2733914852142334
0.13155879080295563	0.2744893729686737
0.13608328998088837	0.2774572968482971
0.13930465281009674	0.279740571975708
0.1391553431749344	0.27959927916526794
0.13822582364082336	0.278989315032959
0.13272812962532043	0.2753831148147583
0.13656024634838104	0.2778407037258148
0.12195967137813568	0.2681896984577179
0.12813720107078552	0.272468626499176
0.13556434214115143	0.27729761600494385
0.13611605763435364	0.2776539623737335
0.13983985781669617	0.2800244688987732
0.139610156416893	0.27992430329322815
0.13222752511501312	0.2750593423843384
0.13459716737270355	0.2766343653202057
0.1382664144039154	0.27901434898376465
0.1367560774087906	0.27803653478622437
0.13210806250572205	0.27479320764541626
0.13822509348392487	0.27900370955467224
0.12526115775108337	0.2703680098056793
0.13689251244068146	0.27814024686813354
0.12094035744667053	0.2675073742866516
0.13485205173492432	0.27679625153541565
0.13891582190990448	0.2794205844402313
0.12076067924499512	0.2674521505832672
0.13228653371334076	0.2749579846858978
0.13625863194465637	0.27776721119880676
0.1389354020357132	0.2794489860534668
0.13543888926506042	0.27708113193511963
0.13426390290260315	0.2763761281967163
0.12049348652362823	0.26725709438323975
0.12231865525245667	0.2685272991657257
0.12160171568393707	0.2679365575313568
0.12146826088428497	0.2679872214794159
