1
8.342961311340332	-10.620122909545898
23.76835823059082	-24.169719696044922
10.224221229553223	-6.91726541519165
12.10025405883789	-13.703022003173828
19.705711364746094	-10.28499984741211
9.022188186645508	-7.500628471374512
2.5943901538848877	-22.550073623657227
8.974698066711426	-12.2464017868042
5.703242778778076	-9.512130737304688
1.6299489736557007	-21.25214958190918
4.526724338531494	-16.567781448364258
8.672257423400879	-14.7889404296875
13.667872428894043	-7.653928279876709
31.916603088378906	-14.725092887878418
24.007247924804688	-17.454532623291016
12.460847854614258	-21.992856979370117
30.268461227416992	-12.960203170776367
6.4706621170043945	-22.801753997802734
24.85455894470215	-12.928226470947266
18.86943817138672	-20.677837371826172
25.68911361694336	-21.518028259277344
16.855945587158203	-13.367935180664062
3.274095296859741	-19.78479766845703
0.9623712301254272	-20.811918258666992
14.77891731262207	-11.905106544494629
16.547147750854492	-26.328495025634766
26.075714111328125	-21.801292419433594
18.389842987060547	-24.687362670898438
25.335899353027344	-20.650949478149414
22.030704498291016	-22.025402069091797
29.261186599731445	-18.39645004272461
13.199385643005371	-13.613288879394531
27.94672393798828	-12.711325645446777
5.531662940979004	-16.351917266845703
17.02603530883789	-10.296937942504883
10.964200019836426	-15.712979316711426
12.006837844848633	-15.658588409423828
2.1989521980285645	-15.294412612915039
13.589692115783691	-26.663433074951172
20.170154571533203	-12.05047607421875
8.384984970092773	-17.83364486694336
9.13027286529541	-23.140308380126953
13.620341300964355	-15.945209503173828
25.23029899597168	-15.83780288696289
23.792268753051758	-14.901525497436523
7.653892993927002	-20.525279998779297
30.975339889526367	-12.30490779876709
3.1663544178009033	-20.64324378967285
9.971540451049805	-23.18784523010254
5.582833766937256	-18.560392379760742
12.176331520080566	-15.39631175994873
30.60894012451172	-13.715462684631348
27.838151931762695	-18.417926788330078
24.019184112548828	-12.139959335327148
17.174083709716797	-7.442370891571045
24.25396156311035	-18.173080444335938
33.207618713378906	-14.752792358398438
13.21684455871582	-22.801776885986328
29.070903778076172	-14.279474258422852
1.9130405187606812	-19.885595321655273
15.891992568969727	-25.4522647857666
7.976806640625	-18.029579162597656
30.882823944091797	-12.622245788574219
2.0108578205108643	-17.25653648376465
22.152883529663086	-20.123706817626953
4.379843235015869	-20.16827392578125
12.492422103881836	-19.642642974853516
16.659385681152344	-23.580387115478516
32.27104187011719	-14.87145709991455
13.18089771270752	-16.148313522338867
10.902063369750977	-21.09712791442871
5.680923938751221	-18.622337341308594
12.260169982910156	-25.012638092041016
22.63503074645996	-19.942913055419922
15.598677635192871	-27.232606887817383
17.517414093017578	-27.939990997314453
24.17020606994629	-17.41032600402832
11.055672645568848	-7.753623962402344
4.464599132537842	-14.005423545837402
12.134692192077637	-26.160810470581055
10.661198616027832	-21.370220184326172
31.840280532836914	-13.857278823852539
5.789719581604004	-12.521151542663574
29.84311866760254	-15.21959400177002
8.017967224121094	-18.01187515258789
29.389469146728516	-14.23574161529541
14.448397636413574	-20.388885498046875
14.801033973693848	-27.022327423095703
20.128938674926758	-19.839662551879883
14.155876159667969	-11.062355041503906
6.200324058532715	-8.323003768920898
32.31935119628906	-14.700319290161133
10.030261993408203	-16.046403884887695
17.719058990478516	-25.315921783447266
18.88616180419922	-9.671036720275879
26.546470642089844	-21.190153121948242
17.85408592224121	-17.931425094604492
16.52018165588379	-10.590353012084961
14.92729377746582	-13.615581512451172
30.878345489501953	-14.7387113571167
8.05887222290039	-10.584217071533203
4.944133758544922	-8.583253860473633
3.713195562362671	-21.87751579284668
2.440603494644165	-16.90601921081543
3.3342127799987793	-10.72518539428711
24.599525451660156	-14.254331588745117
6.4562764167785645	-13.521636962890625
1.2692736387252808	-21.74384117126465
4.803046703338623	-10.421181678771973
8.418610572814941	-26.19070816040039
20.098960876464844	-22.240863800048828
18.514310836791992	-21.286314010620117
1.93596351146698	-13.87714672088623
3.4106791019439697	-21.264755249023438
9.216644287109375	-17.225540161132812
2.3227272033691406	-16.673377990722656
19.791669845581055	-11.776592254638672
15.77001667022705	-11.455018997192383
17.92357635498047	-23.987918853759766
6.136847019195557	-24.520458221435547
12.78835391998291	-25.999013900756836
11.32759952545166	-7.774162769317627
18.010833740234375	-7.891795635223389
5.182200908660889	-9.313386917114258
19.500926971435547	-10.800448417663574
27.934158325195312	-12.313838958740234
12.964120864868164	-14.253222465515137
5.839562892913818	-17.633316040039062
9.855971336364746	-17.1678409576416
26.730636596679688	-13.281591415405273
28.68134307861328	-14.279092788696289
6.724737644195557	-18.514286041259766
3.916039228439331	-10.51492691040039
25.21043586730957	-19.997264862060547
17.812559127807617	-21.95978355407715
23.53846549987793	-20.586711883544922
11.43612289428711	-8.994383811950684
19.718233108520508	-20.425376892089844
16.544740676879883	-11.553858757019043
30.05159568786621	-15.283401489257812
2.797654867172241	-19.192873001098633
14.081401824951172	-17.446969985961914
18.304088592529297	-9.997417449951172
10.414434432983398	-15.206457138061523
5.628161907196045	-10.158515930175781
5.161801815032959	-22.372146606445312
26.54041290283203	-11.583564758300781
17.595325469970703	-17.160316467285156
6.358399868011475	-15.15253734588623
8.722643852233887	-16.340883255004883
21.6221923828125	-23.642257690429688
9.739057540893555	-25.189823150634766
11.0219144821167	-14.758278846740723
14.021895408630371	-7.293308258056641
9.3827486038208	-25.12016487121582
15.005830764770508	-11.418362617492676
2.1110098361968994	-21.043598175048828
25.055334091186523	-20.596923828125
18.505281448364258	-15.7332763671875
3.656736135482788	-19.390316009521484
15.780497550964355	-23.520153045654297
26.137027740478516	-11.598419189453125
6.653792858123779	-9.460479736328125
19.615549087524414	-15.748519897460938
10.28673267364502	-12.377165794372559
7.68671989440918	-24.986364364624023
9.629685401916504	-24.4918155670166
8.604302406311035	-17.544391632080078
12.554898262023926	-26.261817932128906
24.14844512939453	-18.89511489868164
28.99924087524414	-17.661409378051758
9.65721321105957	-8.308460235595703
16.7950382232666	-7.766861438751221
4.8630146980285645	-19.371492385864258
12.94321060180664	-7.519203186035156
10.767110824584961	-24.16573715209961
21.579124450683594	-24.425466537475586
18.773639678955078	-20.62444305419922
9.783825874328613	-7.343705177307129
24.301570892333984	-16.129079818725586
1.9696491956710815	-13.557867050170898
6.2033562660217285	-13.933669090270996
19.544723510742188	-16.185420989990234
15.860574722290039	-17.59955596923828
9.994903564453125	-24.62944984436035
13.219647407531738	-14.488969802856445
31.16552734375	-15.857050895690918
23.98819923400879	-15.778002738952637
28.09691047668457	-20.020830154418945
6.163724899291992	-20.3828125
2.3749611377716064	-18.45421028137207
15.572093963623047	-13.135029792785645
4.821512699127197	-17.80734634399414
3.0769433975219727	-11.325082778930664
6.387012958526611	-9.16986083984375
16.904067993164062	-11.354813575744629
14.138904571533203	-14.409823417663574
16.839412689208984	-23.088964462280273
18.801361083984375	-25.65810775756836
3.172403573989868	-21.03230094909668
25.78933334350586	-17.802549362182617
6.48374605178833	-13.737228393554688
28.99970245361328	-14.65302848815918
4.958559513092041	-12.87494945526123
16.1910400390625	-13.983552932739258
5.434247016906738	-19.12665367126465
19.182912826538086	-11.791550636291504
20.83746910095215	-17.336284637451172
4.996823787689209	-17.548656463623047
29.870758056640625	-15.936796188354492
18.02528190612793	-9.95861530303955
11.226101875305176	-7.815858840942383
3.3168447017669678	-17.94171142578125
3.553328037261963	-15.96670913696289
19.57996940612793	-9.508986473083496
9.106783866882324	-16.942800521850586
16.398677825927734	-7.546511173248291
7.439051628112793	-7.99215030670166
18.19163703918457	-27.727323532104492
2.054905414581299	-14.9388427734375
2.3151867389678955	-20.484424591064453
24.592060089111328	-21.916215896606445
24.59170150756836	-9.786661148071289
11.947670936584473	-25.048730850219727
2.6990058422088623	-20.532651901245117
4.641490936279297	-19.18277359008789
24.70818519592285	-15.49946403503418
4.047745227813721	-19.762340545654297
2.712939739227295	-15.323980331420898
10.609247207641602	-21.615299224853516
18.578754425048828	-10.424038887023926
4.689459800720215	-20.926549911499023
14.815020561218262	-27.214855194091797
3.254493474960327	-18.846736907958984
6.352313041687012	-20.48586654663086
9.468695640563965	-25.18222999572754
7.4780988693237305	-23.61040687561035
14.822522163391113	-28.20241355895996
31.183412551879883	-12.259920120239258
12.557049751281738	-26.789226531982422
8.816659927368164	-21.728771209716797
7.415815353393555	-21.063560485839844
3.6024210453033447	-13.406707763671875
6.988470077514648	-23.445449829101562
15.345942497253418	-23.45941925048828
4.255386829376221	-23.027101516723633
29.9407901763916	-14.320154190063477
30.01828956604004	-14.281587600708008
27.879722595214844	-18.569015502929688
12.753755569458008	-13.732490539550781
20.97272491455078	-19.790071487426758
3.3761253356933594	-15.1394681930542
3.758265256881714	-19.26520347595215
31.292085647583008	-13.968354225158691
10.33989143371582	-9.734404563903809
3.835620164871216	-19.862842559814453
31.232345581054688	-16.187448501586914
26.568634033203125	-19.595521926879883
30.60393714904785	-12.22738265991211
6.423909664154053	-19.31793785095215
5.44746732711792	-10.57269287109375
16.718080520629883	-13.33361530303955
11.279997825622559	-20.794069290161133
19.030237197875977	-16.22327423095703
25.2535400390625	-12.228528022766113
14.84241008758545	-18.369279861450195
16.091136932373047	-20.060361862182617
8.684865951538086	-17.04070281982422
29.389263153076172	-17.6591796875
1.6917790174484253	-19.8637638092041
24.626893997192383	-17.087547302246094
3.9609925746917725	-22.324989318847656
6.450541973114014	-24.434776306152344
22.219587326049805	-22.222877502441406
13.238622665405273	-12.694692611694336
20.08555793762207	-8.548579216003418
15.003591537475586	-13.813678741455078
23.639263153076172	-17.91356086730957
27.2182559967041	-11.530989646911621
26.356958389282227	-13.135665893554688
22.064617156982422	-12.362045288085938
14.17664909362793	-7.0758891105651855
21.535184860229492	-14.78328800201416
3.025421380996704	-12.185885429382324
6.244175434112549	-18.678932189941406
24.89764404296875	-16.85328483581543
9.294750213623047	-16.67180633544922
4.323554992675781	-20.2650089263916
5.692305088043213	-18.80543327331543
9.070843696594238	-7.373947620391846
17.605304718017578	-25.827484130859375
22.779308319091797	-16.675952911376953
27.63916778564453	-18.554622650146484
9.13504695892334	-21.914623260498047
15.16483211517334	-27.047231674194336
5.225797176361084	-21.962614059448242
16.136938095092773	-21.550777435302734
29.636859893798828	-14.569207191467285
27.485122680664062	-19.5604305267334
18.496109008789062	-22.07112693786621
18.726049423217773	-13.56696605682373
30.320219039916992	-13.196849822998047
3.166242837905884	-13.972787857055664
2.2332184314727783	-18.211380004882812
4.302280902862549	-15.79098129272461
23.813631057739258	-16.161361694335938
15.459086418151855	-11.663128852844238
28.429500579833984	-15.195395469665527
19.49579620361328	-9.545653343200684
3.230329751968384	-13.4279203414917
25.255184173583984	-16.31624984741211
9.19640064239502	-14.709867477416992
27.619176864624023	-13.451993942260742
12.003765106201172	-14.703142166137695
32.46684265136719	-14.806163787841797
4.3247246742248535	-20.45331573486328
24.685640335083008	-16.910921096801758
3.9552485942840576	-21.124570846557617
30.56087875366211	-13.209691047668457
4.983725070953369	-13.682668685913086
19.846269607543945	-16.62660026550293
7.781529903411865	-17.106164932250977
14.61118221282959	-14.146634101867676
3.3900306224823	-21.459083557128906
5.038410663604736	-17.699132919311523
8.217218399047852	-25.662322998046875
9.71166706085205	-26.5869140625
31.608428955078125	-15.79829216003418
4.248446941375732	-10.723649978637695
9.071855545043945	-16.177692413330078
16.9404239654541	-17.08924674987793
13.442353248596191	-24.748870849609375
4.0234832763671875	-19.57586669921875
6.059020519256592	-15.762712478637695
15.332450866699219	-21.92648696899414
15.131086349487305	-12.272674560546875
30.03000259399414	-17.67013931274414
21.867395401000977	-13.514572143554688
22.59673309326172	-24.057390213012695
17.821395874023438	-12.134247779846191
26.728660583496094	-21.998369216918945
29.354360580444336	-17.126081466674805
32.31784439086914	-15.149248123168945
17.368968963623047	-28.101049423217773
14.569989204406738	-26.90430450439453
9.352548599243164	-23.407888412475586
14.60714340209961	-10.857420921325684
2.7132527828216553	-18.531328201293945
22.682003021240234	-19.597949981689453
2.8362925052642822	-19.39956283569336
18.435192108154297	-17.36025047302246
11.97227954864502	-15.404182434082031
15.02015495300293	-13.843928337097168
14.857345581054688	-13.680542945861816
15.889942169189453	-6.87308931350708
5.579963684082031	-21.080810546875
2.8359341621398926	-15.541007995605469
3.5927369594573975	-15.635775566101074
5.930692672729492	-18.67866325378418
16.989219665527344	-24.281038284301758
6.712092399597168	-17.412521362304688
10.237945556640625	-17.325347900390625
19.676883697509766	-12.085315704345703
14.114531517028809	-19.588768005371094
13.067967414855957	-25.2672119140625
2.14400315284729	-14.973118782043457
17.22830581665039	-20.89154815673828
1.927223563194275	-20.254680633544922
16.254907608032227	-10.365032196044922
22.418371200561523	-16.928756713867188
18.48919105529785	-9.085805892944336
13.993289947509766	-15.887990951538086
16.048269271850586	-10.798645973205566
8.865710258483887	-7.021158695220947
16.546052932739258	-12.829217910766602
15.381220817565918	-27.489765167236328
14.282410621643066	-26.807355880737305
23.409412384033203	-13.842430114746094
7.145040035247803	-17.832733154296875
1.4850391149520874	-20.482784271240234
2.911428213119507	-13.334887504577637
5.043824672698975	-19.964309692382812
17.18961524963379	-24.01922607421875
12.861916542053223	-24.325315475463867
3.820664644241333	-19.92575454711914
16.704835891723633	-28.802001953125
33.093284606933594	-14.787480354309082
7.4885077476501465	-17.97358512878418
13.079407691955566	-7.0044145584106445
6.4858622550964355	-10.538057327270508
14.639082908630371	-26.75418472290039
19.802885055541992	-22.286209106445312
16.91176986694336	-28.34947967529297
7.202949523925781	-23.994983673095703
5.286506175994873	-14.982728004455566
22.692529678344727	-12.297380447387695
9.616362571716309	-7.326587200164795
23.40268325805664	-14.59388542175293
2.8535072803497314	-14.498634338378906
15.4017915725708	-21.59531593322754
15.252169609069824	-13.765931129455566
14.249025344848633	-12.052330017089844
17.727108001708984	-21.267669677734375
32.00102996826172	-12.167943954467773
4.340795040130615	-17.965486526489258
26.833864212036133	-15.298103332519531
7.5505051612854	-14.120762825012207
20.9620304107666	-15.210784912109375
9.376522064208984	-22.677257537841797
13.94719409942627	-14.368673324584961
9.744854927062988	-21.12976837158203
16.432594299316406	-12.504816055297852
5.376108646392822	-19.21491813659668
29.005836486816406	-14.147102355957031
13.572539329528809	-19.050146102905273
32.161624908447266	-13.20773696899414
12.997719764709473	-14.310504913330078
7.793664455413818	-17.071353912353516
25.369691848754883	-16.798498153686523
4.174952030181885	-12.98707389831543
7.079345226287842	-17.24172592163086
22.504175186157227	-11.355600357055664
29.98255729675293	-13.31749153137207
15.74964427947998	-22.747314453125
3.5650551319122314	-14.7188081741333
3.614203929901123	-13.53134536743164
6.90234899520874	-21.36187744140625
12.711426734924316	-22.69538688659668
17.92039680480957	-26.16128921508789
23.67763328552246	-18.739877700805664
20.36623764038086	-10.70220947265625
3.3383162021636963	-16.707218170166016
11.354572296142578	-14.276844024658203
26.435636520385742	-24.90082550048828
2.0255815982818604	-13.520198822021484
24.390613555908203	-13.940277099609375
31.04884910583496	-17.277706146240234
26.145538330078125	-12.580889701843262
10.355936050415039	-8.852267265319824
20.71939468383789	-12.645806312561035
6.4620280265808105	-20.192930221557617
19.82049560546875	-23.484050750732422
8.9450044631958	-12.306748390197754
26.39999771118164	-16.110097885131836
22.786287307739258	-16.584985733032227
5.88306188583374	-22.77351951599121
10.052630424499512	-24.12115478515625
16.843414306640625	-28.50428581237793
3.1491892337799072	-21.797325134277344
4.155750274658203	-19.494075775146484
3.970365285873413	-20.356414794921875
26.17621421813965	-23.03565788269043
22.685380935668945	-18.64743995666504
23.789308547973633	-16.39852523803711
7.432778358459473	-17.331968307495117
6.064610481262207	-10.026595115661621
31.94239044189453	-13.964004516601562
16.756671905517578	-16.139122009277344
5.584753036499023	-20.449016571044922
27.09349250793457	-15.123825073242188
14.06874942779541	-6.622522830963135
6.966745853424072	-16.12906837463379
30.1279296875	-16.337589263916016
16.269691467285156	-26.015159606933594
3.9019124507904053	-18.971147537231445
29.801897048950195	-18.263181686401367
20.028892517089844	-11.165803909301758
31.066707611083984	-16.04534339904785
12.219225883483887	-7.006674766540527
2.048447847366333	-20.959156036376953
14.990653038024902	-15.020774841308594
25.85557746887207	-20.96080207824707
3.4544436931610107	-19.821683883666992
20.549243927001953	-19.44729995727539
27.39042854309082	-17.134279251098633
8.62281322479248	-20.367530822753906
1.8431962728500366	-18.61028289794922
4.817440509796143	-12.538415908813477
26.250192642211914	-13.249305725097656
27.70462989807129	-19.35079002380371
12.93398380279541	-21.728979110717773
3.7894883155822754	-14.699833869934082
10.230481147766113	-25.376052856445312
21.217609405517578	-17.636310577392578
21.42288589477539	-15.744647979736328
5.6512579917907715	-19.35812759399414
3.132471799850464	-21.545698165893555
23.03917694091797	-25.677669525146484
4.26644229888916	-21.015487670898438
4.639378070831299	-20.628652572631836
6.871556758880615	-17.747669219970703
14.925768852233887	-25.25542640686035
10.107218742370605	-24.93124771118164
14.454946517944336	-12.741555213928223
31.389272689819336	-12.613483428955078
6.926447868347168	-18.51056480407715
14.420165061950684	-20.736778259277344
3.9889113903045654	-16.746549606323242
22.013397216796875	-15.952661514282227
21.455474853515625	-9.003028869628906
9.96121597290039	-22.04684829711914
5.930075168609619	-24.15457534790039
2.1789538860321045	-18.277725219726562
4.436082363128662	-15.642267227172852
3.5537383556365967	-21.09480094909668
8.27945327758789	-18.03692626953125
16.136581420898438	-25.796653747558594
18.52712631225586	-14.990201950073242
21.76987075805664	-19.148590087890625
8.46892261505127	-20.50241470336914
8.694731712341309	-20.31435775756836
23.24716567993164	-19.330039978027344
23.688528060913086	-15.963645935058594
6.882044315338135	-17.054275512695312
15.788826942443848	-25.723312377929688
3.247025728225708	-14.618528366088867
27.51611328125	-18.977067947387695
16.479461669921875	-21.82024383544922
5.386573791503906	-17.066627502441406
2.9686033725738525	-22.588838577270508
4.647156238555908	-18.544300079345703
4.295314311981201	-17.623252868652344
31.506893157958984	-15.284546852111816
15.588892936706543	-11.583292007446289
30.506759643554688	-14.76136589050293
6.0744781494140625	-22.13898277282715
22.42327880859375	-18.553804397583008
14.201156616210938	-16.461669921875
24.657718658447266	-12.340642929077148
29.006336212158203	-13.819828033447266
19.670082092285156	-21.65514373779297
14.790984153747559	-6.988940715789795
2.4335129261016846	-14.310678482055664
1.3141916990280151	-20.481182098388672
2.2000653743743896	-21.37827491760254
17.210132598876953	-19.886028289794922
20.554243087768555	-26.01605224609375
7.475194931030273	-12.267144203186035
8.629627227783203	-17.636262893676758
4.991390705108643	-13.602071762084961
5.0921311378479	-21.751693725585938
19.168493270874023	-18.499210357666016
23.09406280517578	-13.183775901794434
23.45317840576172	-9.46322250366211
29.437715530395508	-13.419137001037598
29.34465980529785	-14.917481422424316
2.8414857387542725	-19.7979736328125
3.6267404556274414	-11.363479614257812
2.8289377689361572	-19.785823822021484
31.60813331604004	-15.9170503616333
24.288089752197266	-18.535720825195312
5.500303745269775	-24.299406051635742
31.437715530395508	-16.583148956298828
2.0432615280151367	-14.774762153625488
16.903879165649414	-10.908958435058594
5.773956298828125	-21.784791946411133
4.796459674835205	-22.90619659423828
24.32622718811035	-15.643847465515137
17.335796356201172	-28.043621063232422
29.88750457763672	-17.28002166748047
24.152746200561523	-17.00172996520996
26.372201919555664	-16.456335067749023
11.469216346740723	-16.458667755126953
25.73585319519043	-12.030020713806152
10.589733123779297	-22.706636428833008
27.363847732543945	-11.595725059509277
27.894515991210938	-16.56923484802246
14.998425483703613	-12.735551834106445
4.73029899597168	-19.15506362915039
7.771703243255615	-13.439512252807617
5.030256748199463	-19.12224578857422
15.200580596923828	-27.54110336303711
5.171924114227295	-15.52395248413086
17.51112174987793	-11.13906192779541
8.153570175170898	-7.310690879821777
17.543203353881836	-18.62307357788086
18.700815200805664	-7.97999382019043
3.4343206882476807	-17.942054748535156
16.445295333862305	-27.78008270263672
29.58193016052246	-14.669438362121582
25.5738525390625	-17.841567993164062
14.944602966308594	-17.033884048461914
2.7131285667419434	-12.959219932556152
21.25689697265625	-18.506460189819336
5.43004846572876	-21.91400718688965
9.918746948242188	-14.473759651184082
15.091987609863281	-6.556893825531006
7.6660237312316895	-14.4957857131958
4.5460591316223145	-14.141855239868164
4.428972244262695	-16.71649742126465
21.239360809326172	-24.399198532104492
9.559000968933105	-7.46351957321167
19.630739212036133	-22.507041931152344
12.003645896911621	-26.571422576904297
29.66902732849121	-15.842290878295898
22.720172882080078	-15.315352439880371
22.760272979736328	-22.829336166381836
14.670574188232422	-19.761627197265625
9.060467720031738	-25.073732376098633
28.62792205810547	-16.12627601623535
3.6325275897979736	-15.348464965820312
3.622603178024292	-12.034992218017578
14.2051362991333	-27.648544311523438
10.235960006713867	-10.799321174621582
17.3557071685791	-7.807104587554932
7.802746295928955	-18.39850616455078
22.242008209228516	-11.23563289642334
29.57588005065918	-12.6461763381958
16.279340744018555	-12.549165725708008
1.9759658575057983	-18.867435455322266
16.115732192993164	-14.142239570617676
13.285758018493652	-6.837836742401123
18.866487503051758	-27.60459327697754
29.841745376586914	-13.465910911560059
4.6385178565979	-12.001007080078125
8.509211540222168	-21.58948516845703
28.004657745361328	-21.46979522705078
8.923937797546387	-12.62792682647705
6.6005635261535645	-11.043794631958008
1.740660548210144	-21.485973358154297
24.97416114807129	-22.111318588256836
27.629789352416992	-14.644207954406738
20.116506576538086	-17.75851058959961
30.733367919921875	-16.946430206298828
15.034543991088867	-6.922143459320068
26.3045654296875	-14.39681625366211
16.03701400756836	-11.399083137512207
21.403165817260742	-19.552396774291992
6.951426029205322	-18.679271697998047
29.906761169433594	-20.985565185546875
7.105510711669922	-22.11798667907715
14.891962051391602	-12.073476791381836
20.922863006591797	-12.383687973022461
5.50505256652832	-21.575878143310547
27.61198616027832	-19.400753021240234
3.2276084423065186	-18.49188804626465
5.132706165313721	-18.836894989013672
10.44593334197998	-15.235759735107422
31.57636833190918	-15.71487045288086
19.00333595275879	-22.024654388427734
15.406006813049316	-11.680070877075195
4.383568286895752	-16.070613861083984
14.103466033935547	-13.311355590820312
31.511674880981445	-14.7614107131958
7.828704833984375	-23.32009506225586
10.480043411254883	-12.92724609375
7.656223297119141	-6.890857696533203
17.393962860107422	-26.787254333496094
19.925678253173828	-19.337263107299805
13.46254825592041	-17.024641036987305
6.0801825523376465	-14.662468910217285
16.417037963867188	-8.52643871307373
12.835331916809082	-15.953746795654297
27.538536071777344	-19.936046600341797
3.6733145713806152	-11.070575714111328
20.9493465423584	-12.377117156982422
22.631473541259766	-13.347712516784668
13.15566635131836	-13.577653884887695
17.95915412902832	-22.322223663330078
8.417977333068848	-7.358547210693359
7.598701000213623	-18.11068344116211
8.00234317779541	-22.210262298583984
31.352880477905273	-14.221636772155762
1.5686005353927612	-14.654315948486328
10.561023712158203	-16.48318099975586
16.6591796875	-12.09679889678955
17.568031311035156	-11.686507225036621
3.9446589946746826	-20.86886215209961
4.70960807800293	-15.950243949890137
14.396851539611816	-26.229331970214844
6.715748310089111	-7.212602138519287
19.856182098388672	-9.852294921875
6.977966785430908	-18.097667694091797
5.244647979736328	-21.42855453491211
7.069103240966797	-20.787010192871094
22.369991302490234	-15.14999771118164
1.0301827192306519	-20.956741333007812
8.062543869018555	-16.775096893310547
4.939570903778076	-20.792020797729492
9.31506633758545	-15.935430526733398
4.141520977020264	-19.140214920043945
4.108469009399414	-10.40384292602539
1.2719486951828003	-20.617141723632812
8.988960266113281	-13.790867805480957
5.165718078613281	-22.488109588623047
13.679632186889648	-6.987739086151123
26.877790451049805	-18.728376388549805
4.255950450897217	-16.37517738342285
9.864668846130371	-17.622047424316406
19.965221405029297	-14.084489822387695
2.28405499458313	-18.22624969482422
22.463003158569336	-12.667407989501953
22.794326782226562	-17.836204528808594
11.518895149230957	-22.875864028930664
31.719284057617188	-14.328136444091797
27.194150924682617	-20.28380012512207
6.767462253570557	-19.970781326293945
7.953723430633545	-17.998048782348633
10.345675468444824	-17.48358917236328
14.171875953674316	-7.940724849700928
5.863403797149658	-11.217832565307617
25.897113800048828	-14.51843547821045
29.811717987060547	-17.183414459228516
21.898954391479492	-21.506189346313477
22.96813201904297	-17.28871726989746
16.570884704589844	-21.218130111694336
18.6003475189209	-20.313533782958984
2.8869030475616455	-18.358322143554688
7.985566139221191	-17.99190330505371
26.109207153320312	-20.175426483154297
32.642555236816406	-16.337007522583008
19.53791618347168	-14.591571807861328
1.9844754934310913	-21.484603881835938
30.193174362182617	-14.294394493103027
6.177754878997803	-22.93395233154297
25.835447311401367	-14.377708435058594
4.68587064743042	-12.75908374786377
8.094746589660645	-22.383787155151367
7.923228740692139	-9.54293441772461
7.513570785522461	-23.885242462158203
10.32695484161377	-24.889240264892578
8.573269844055176	-19.83919334411621
12.264647483825684	-23.525772094726562
6.365718364715576	-9.099831581115723
4.651839256286621	-19.736125946044922
26.141719818115234	-16.477907180786133
7.636293411254883	-23.08800506591797
4.387867450714111	-18.433719635009766
19.857412338256836	-15.331995010375977
19.396480560302734	-25.383403778076172
31.766468048095703	-14.797956466674805
22.16844367980957	-11.83607292175293
3.5850887298583984	-14.151464462280273
12.497647285461426	-24.487388610839844
18.332801818847656	-22.453622817993164
27.881763458251953	-21.39737319946289
5.968801975250244	-24.493988037109375
30.374740600585938	-11.46452522277832
15.940184593200684	-28.043548583984375
14.676398277282715	-12.347253799438477
1.7344862222671509	-13.239920616149902
27.70798683166504	-18.07073211669922
3.903010606765747	-13.874929428100586
16.233121871948242	-7.13418436050415
17.811948776245117	-24.461580276489258
7.352542400360107	-18.33277130126953
13.97622299194336	-8.041675567626953
9.382421493530273	-10.798545837402344
9.991474151611328	-16.712064743041992
33.117462158203125	-14.687488555908203
4.773671627044678	-15.107864379882812
2.7499067783355713	-19.2021427154541
16.679367065429688	-12.50120735168457
1.612615942955017	-13.554359436035156
6.121677875518799	-21.041656494140625
1.370536208152771	-22.129329681396484
18.079126358032227	-9.957237243652344
2.2645504474639893	-19.430435180664062
13.970012664794922	-14.50651741027832
15.39240837097168	-16.901384353637695
6.144001007080078	-24.490819931030273
23.231170654296875	-14.531554222106934
13.488232612609863	-25.772212982177734
2.947176218032837	-19.698421478271484
32.62607192993164	-13.231502532958984
24.554357528686523	-14.321535110473633
7.857346057891846	-15.541293144226074
14.716625213623047	-20.61077117919922
15.680006980895996	-12.217891693115234
18.28738021850586	-11.995716094970703
8.248894691467285	-7.97182559967041
22.498706817626953	-13.32114028930664
3.3844363689422607	-19.404415130615234
2.9686334133148193	-19.34979820251465
27.66444206237793	-19.11736488342285
4.621211528778076	-18.554153442382812
13.899654388427734	-13.339244842529297
7.976284503936768	-17.820758819580078
24.034183502197266	-16.02012062072754
6.57417631149292	-19.741180419921875
22.812814712524414	-16.74625015258789
27.433027267456055	-18.14621353149414
7.115424633026123	-23.495468139648438
14.3851957321167	-25.84856605529785
28.881027221679688	-14.586668014526367
8.856932640075684	-8.316628456115723
22.905027389526367	-17.13943862915039
4.193287372589111	-12.256766319274902
6.087255001068115	-9.3445405960083
9.869994163513184	-19.535484313964844
3.125230073928833	-22.50108528137207
11.426970481872559	-17.148685455322266
7.568462371826172	-18.029882431030273
7.609707355499268	-18.555572509765625
24.98045539855957	-20.443994522094727
2.712503671646118	-13.530771255493164
26.800994873046875	-15.91741943359375
3.1586618423461914	-12.656343460083008
9.877936363220215	-8.589479446411133
15.850015640258789	-12.496696472167969
29.056365966796875	-13.31840705871582
8.455204963684082	-21.27642250061035
13.961679458618164	-22.563873291015625
4.348602771759033	-14.566473960876465
21.744924545288086	-26.55300521850586
15.690156936645508	-11.557019233703613
23.578676223754883	-20.20583152770996
18.318403244018555	-7.878010272979736
16.159656524658203	-11.573222160339355
11.786532402038574	-26.454181671142578
9.875763893127441	-14.06164836883545
27.920812606811523	-18.18718719482422
29.077924728393555	-15.491547584533691
4.3686041831970215	-13.180659294128418
6.150544166564941	-12.07853889465332
9.05019760131836	-17.162946701049805
18.124849319458008	-23.26020050048828
5.280084609985352	-20.59821128845215
27.439878463745117	-15.22016716003418
18.8963565826416	-13.557960510253906
5.0320916175842285	-22.38700294494629
20.02792739868164	-20.750646591186523
32.25703048706055	-13.90603256225586
5.2054901123046875	-21.23357391357422
33.20662307739258	-13.09127426147461
6.068406581878662	-15.441879272460938
22.54547691345215	-10.995153427124023
28.113279342651367	-14.597793579101562
13.287040710449219	-15.222400665283203
6.162186145782471	-15.801257133483887
4.074383735656738	-12.902212142944336
15.319645881652832	-11.387945175170898
4.485361576080322	-16.62567901611328
22.13140296936035	-23.068099975585938
5.943466663360596	-22.149490356445312
18.257431030273438	-24.092954635620117
30.978626251220703	-13.130509376525879
2.195693254470825	-17.79010581970215
8.301864624023438	-17.285707473754883
18.89674949645996	-27.223636627197266
3.541872024536133	-14.2714204788208
16.82485580444336	-9.573470115661621
10.198460578918457	-19.887958526611328
27.53457260131836	-20.655487060546875
24.520347595214844	-22.919950485229492
11.666427612304688	-17.709217071533203
25.563343048095703	-17.756948471069336
16.992755889892578	-26.767168045043945
9.49133014678955	-8.517529487609863
9.297856330871582	-9.014967918395996
16.8992862701416	-9.85547924041748
18.21497344970703	-14.239280700683594
10.445939064025879	-21.784025192260742
17.352087020874023	-7.572299480438232
31.95134925842285	-12.123068809509277
2.3816773891448975	-22.147396087646484
22.28375244140625	-22.00885581970215
3.453892946243286	-18.01604652404785
24.281982421875	-18.273109436035156
7.685085773468018	-18.59310531616211
24.93033218383789	-12.010823249816895
11.192249298095703	-16.647306442260742
1.2454456090927124	-17.640155792236328
16.349594116210938	-20.306602478027344
19.5820255279541	-9.758523941040039
30.60491180419922	-13.351784706115723
11.543917655944824	-22.138700485229492
6.476626396179199	-9.792156219482422
23.252870559692383	-13.105420112609863
20.18307113647461	-18.54341697692871
15.553643226623535	-23.510286331176758
18.65090560913086	-16.182523727416992
2.905595541000366	-13.247796058654785
15.438735961914062	-25.72748565673828
20.782690048217773	-13.329747200012207
2.7915689945220947	-17.986825942993164
16.7875919342041	-26.265296936035156
27.46519660949707	-14.660482406616211
10.407766342163086	-7.76820707321167
30.829910278320312	-12.93571949005127
17.4925594329834	-8.026238441467285
4.696951389312744	-15.63863754272461
7.422851085662842	-17.252668380737305
13.42641830444336	-12.923924446105957
5.641287326812744	-17.352706909179688
32.29469299316406	-17.02582550048828
31.596893310546875	-13.782761573791504
2.5125467777252197	-12.991344451904297
19.218524932861328	-12.451558113098145
8.555330276489258	-20.33975601196289
28.402063369750977	-16.41248893737793
3.6232621669769287	-10.430124282836914
19.963987350463867	-17.41452980041504
24.724756240844727	-19.618043899536133
24.039461135864258	-17.294429779052734
17.08661460876465	-16.071578979492188
30.33427619934082	-16.070585250854492
9.26179027557373	-16.89670181274414
10.702656745910645	-14.468589782714844
15.663137435913086	-10.78004264831543
25.743759155273438	-18.301471710205078
7.726794719696045	-8.447493553161621
8.791080474853516	-25.579450607299805
3.233464479446411	-20.79398536682129
5.187254428863525	-17.70806884765625
3.0882818698883057	-22.614242553710938
30.886436462402344	-14.752242088317871
10.392058372497559	-16.107789993286133
11.489270210266113	-15.514364242553711
10.707324028015137	-16.595014572143555
24.022958755493164	-20.529369354248047
25.595529556274414	-16.53814697265625
27.203100204467773	-12.885050773620605
12.695882797241211	-25.65935707092285
6.5142502784729	-16.70740509033203
4.620548725128174	-14.127192497253418
27.360626220703125	-12.421744346618652
13.86307144165039	-13.304991722106934
25.060443878173828	-16.730621337890625
16.536396026611328	-22.23012924194336
20.127912521362305	-20.354740142822266
16.87641716003418	-27.775833129882812
19.86541748046875	-13.342748641967773
10.193135261535645	-20.219127655029297
12.052835464477539	-12.685269355773926
6.593257904052734	-9.433366775512695
27.755308151245117	-12.43480110168457
29.21582794189453	-12.237760543823242
19.804519653320312	-19.35550308227539
12.342728614807129	-21.279123306274414
9.085357666015625	-12.46133041381836
18.558067321777344	-26.514583587646484
22.774147033691406	-20.18799591064453
8.134861946105957	-18.465045928955078
2.296983003616333	-22.24536895751953
8.2504301071167	-24.426612854003906
27.294221878051758	-19.200590133666992
4.0787458419799805	-13.477802276611328
2.818311929702759	-17.688735961914062
7.526849269866943	-6.994802951812744
8.188148498535156	-8.684298515319824
6.858163356781006	-9.13687515258789
34.05472183227539	-14.429457664489746
22.553173065185547	-19.035709381103516
2.8232004642486572	-21.4249324798584
5.6218366622924805	-21.633337020874023
3.9392921924591064	-23.269084930419922
11.991809844970703	-11.438375473022461
16.574687957763672	-24.255537033081055
3.0435216426849365	-20.775264739990234
32.244850158691406	-15.945636749267578
11.141186714172363	-17.634231567382812
25.415536880493164	-19.29230308532715
4.69574499130249	-18.594829559326172
26.716867446899414	-15.196483612060547
30.667186737060547	-13.254972457885742
17.070768356323242	-10.702950477600098
18.486448287963867	-18.248151779174805
24.868959426879883	-12.886055946350098
24.504474639892578	-23.220821380615234
5.601983547210693	-13.99664306640625
26.21425437927246	-16.562694549560547
26.084375381469727	-17.352447509765625
6.110288619995117	-22.607770919799805
22.55472755432129	-20.590726852416992
15.806172370910645	-13.077022552490234
4.421616077423096	-13.894681930541992
12.269024848937988	-13.65597915649414
26.15062141418457	-15.972909927368164
7.141269207000732	-16.88248062133789
14.741235733032227	-6.507304668426514
27.14275360107422	-11.404768943786621
3.6361243724823	-20.302175521850586
4.292662620544434	-19.00629425048828
21.581512451171875	-21.32605743408203
30.274599075317383	-12.150395393371582
19.017810821533203	-22.10386848449707
15.03714370727539	-16.070281982421875
7.24211311340332	-18.037904739379883
28.53777503967285	-21.950193405151367
12.394783973693848	-27.81424331665039
28.591373443603516	-13.42421817779541
24.282024383544922	-23.220457077026367
27.050798416137695	-15.092350959777832
28.5846004486084	-13.188003540039062
6.659084796905518	-8.70998764038086
25.479948043823242	-13.513679504394531
4.965734004974365	-19.167022705078125
8.80511474609375	-9.00296401977539
3.7591516971588135	-13.223419189453125
17.99584197998047	-23.869464874267578
21.83940315246582	-27.64042091369629
9.777491569519043	-23.100996017456055
7.49748420715332	-17.672399520874023
13.872934341430664	-13.601093292236328
3.861325979232788	-18.957901000976562
5.634861469268799	-17.60173797607422
23.296825408935547	-24.28338050842285
3.9732959270477295	-21.295963287353516
12.270462989807129	-12.364331245422363
19.511077880859375	-26.786521911621094
28.46184730529785	-13.593780517578125
17.108230590820312	-13.420553207397461
5.965936183929443	-23.539527893066406
30.153518676757812	-16.378036499023438
19.401094436645508	-17.462411880493164
27.143165588378906	-18.569284439086914
3.3636295795440674	-17.362586975097656
13.93940544128418	-18.733858108520508
12.218941688537598	-18.401119232177734
9.236574172973633	-12.435555458068848
17.48232078552246	-24.936614990234375
4.882688999176025	-16.707382202148438
8.804313659667969	-13.083415985107422
21.842233657836914	-11.17128849029541
15.50776481628418	-12.687094688415527
19.39604949951172	-27.01384162902832
26.035995483398438	-15.423105239868164
3.9851903915405273	-14.049232482910156
24.846420288085938	-14.948098182678223
28.873899459838867	-14.21033763885498
8.542607307434082	-22.912405014038086
15.583826065063477	-10.732665061950684
27.708044052124023	-21.44042205810547
14.28345012664795	-13.540077209472656
4.815497875213623	-8.627507209777832
6.111575126647949	-19.57689666748047
16.12883758544922	-26.200031280517578
11.935091972351074	-9.5040283203125
5.16152286529541	-16.05921745300293
10.187028884887695	-18.859012603759766
3.314873695373535	-13.84062385559082
4.757309436798096	-20.664966583251953
29.754850387573242	-17.94007110595703
8.641863822937012	-19.584775924682617
14.512027740478516	-25.591827392578125
11.578269004821777	-17.274860382080078
24.502193450927734	-16.730850219726562
16.253467559814453	-12.092371940612793
11.166705131530762	-22.212419509887695
10.66262149810791	-18.980255126953125
23.606914520263672	-11.811822891235352
1.6244562864303589	-14.918100357055664
1.093645453453064	-20.03058624267578
17.47482681274414	-10.127351760864258
17.626728057861328	-27.24296760559082
27.337106704711914	-19.50775718688965
2.816796064376831	-21.55645751953125
4.375229358673096	-16.144731521606445
27.296592712402344	-15.833009719848633
3.731545925140381	-16.366456985473633
3.912862539291382	-12.173195838928223
17.404081344604492	-23.58854103088379
23.981748580932617	-12.04332160949707
16.94468879699707	-24.631338119506836
2.4401049613952637	-11.464855194091797
6.881186485290527	-15.765693664550781
2.5240066051483154	-19.333457946777344
9.07534122467041	-17.954771041870117
17.809553146362305	-22.563077926635742
18.329452514648438	-11.038783073425293
2.6231367588043213	-19.62093162536621
18.936220169067383	-22.172983169555664
20.451461791992188	-16.412418365478516
4.467186450958252	-17.1016902923584
6.7303242683410645	-16.148239135742188
4.445779800415039	-18.828266143798828
8.619904518127441	-23.378986358642578
32.60862731933594	-13.665053367614746
17.61084747314453	-9.404764175415039
2.8939077854156494	-14.748746871948242
29.06895637512207	-14.493623733520508
12.987786293029785	-25.754962921142578
14.461532592773438	-6.824734687805176
6.81769323348999	-7.463201522827148
6.141973495483398	-19.22321319580078
7.791008472442627	-22.720394134521484
30.005191802978516	-12.922539710998535
18.173921585083008	-16.67341423034668
5.493066310882568	-16.007749557495117
24.239639282226562	-12.659491539001465
12.999180793762207	-24.86086654663086
12.336431503295898	-14.0108642578125
10.99862003326416	-18.295530319213867
31.510156631469727	-12.986889839172363
4.6425299644470215	-13.646404266357422
20.99591064453125	-20.534927368164062
29.817699432373047	-11.240466117858887
2.5077812671661377	-13.760576248168945
24.74302101135254	-20.122438430786133
19.0211238861084	-16.936922073364258
18.82557487487793	-15.445657730102539
29.198497772216797	-20.670791625976562
31.49062156677246	-18.95601463317871
4.976867198944092	-18.477611541748047
26.357576370239258	-15.354005813598633
5.716192722320557	-18.81113624572754
7.358692646026611	-13.046501159667969
21.016469955444336	-14.864738464355469
30.168807983398438	-14.317191123962402
28.786100387573242	-12.365427017211914
15.335273742675781	-12.581092834472656
15.878891944885254	-18.370784759521484
15.056427001953125	-13.073219299316406
3.6819405555725098	-15.564809799194336
24.429269790649414	-25.831045150756836
17.781394958496094	-9.541205406188965
10.602826118469238	-8.136598587036133
6.761436939239502	-22.083581924438477
0.9493445158004761	-21.289531707763672
3.238224983215332	-17.0399112701416
2.496354103088379	-15.74960994720459
8.002177238464355	-18.369903564453125
17.976484298706055	-7.821931838989258
2.8819382190704346	-10.170358657836914
10.02607250213623	-21.191349029541016
21.142959594726562	-11.215441703796387
11.4902925491333	-8.408358573913574
2.9622223377227783	-18.875850677490234
18.6901798248291	-27.05099105834961
28.68586540222168	-19.1066951751709
32.62813949584961	-13.594449996948242
12.917474746704102	-16.412240982055664
5.153489589691162	-19.325542449951172
9.02200984954834	-24.189208984375
15.933485984802246	-26.91070556640625
5.5223612785339355	-24.591829299926758
13.36965274810791	-24.675270080566406
30.7667236328125	-12.608917236328125
2.1263413429260254	-15.89211654663086
3.6885483264923096	-21.080352783203125
12.359346389770508	-19.38723373413086
17.401456832885742	-24.899442672729492
14.15958309173584	-11.556690216064453
3.829613447189331	-21.648225784301758
21.28679084777832	-22.733346939086914
13.021052360534668	-25.930204391479492
10.573336601257324	-11.178418159484863
7.133260250091553	-13.239543914794922
18.94715690612793	-20.129907608032227
7.956181049346924	-18.336875915527344
2.3439862728118896	-18.220149993896484
20.34434700012207	-10.538326263427734
2.7077009677886963	-19.693885803222656
23.787391662597656	-15.550263404846191
12.627939224243164	-21.51763153076172
15.123937606811523	-17.9787654876709
14.513011932373047	-29.153751373291016
8.221692085266113	-22.695592880249023
2.419009208679199	-10.921965599060059
14.639260292053223	-12.843748092651367
3.4631221294403076	-22.194761276245117
5.588658809661865	-19.00884246826172
10.726040840148926	-23.28597640991211
10.77036190032959	-22.14802360534668
9.41885757446289	-14.824037551879883
18.567733764648438	-12.4440279006958
2.532625913619995	-19.95201873779297
10.697272300720215	-20.730792999267578
12.453042984008789	-14.526315689086914
28.90852165222168	-15.164942741394043
29.031396865844727	-18.664106369018555
7.482718467712402	-22.700607299804688
30.20980453491211	-16.939807891845703
9.498255729675293	-7.67588472366333
28.419574737548828	-11.22741985321045
16.294963836669922	-13.871646881103516
3.985278367996216	-20.24718475341797
24.23943328857422	-20.111278533935547
8.41689682006836	-24.381004333496094
16.597055435180664	-10.41838264465332
12.134916305541992	-15.295488357543945
14.661276817321777	-23.686307907104492
15.860596656799316	-17.21613311767578
13.70155143737793	-7.653311252593994
12.635327339172363	-21.416698455810547
17.68964385986328	-8.208266258239746
15.093703269958496	-13.116222381591797
26.717695236206055	-18.45587158203125
6.386057376861572	-17.976234436035156
11.009821891784668	-22.751516342163086
28.15387725830078	-13.063755989074707
13.708500862121582	-13.99642276763916
26.687002182006836	-22.44899559020996
24.591463088989258	-21.476959228515625
17.455665588378906	-27.378192901611328
7.713037014007568	-10.633498191833496
23.730234146118164	-13.152363777160645
6.517326831817627	-22.77413558959961
31.40999984741211	-15.070496559143066
4.954927921295166	-8.693305969238281
27.871475219726562	-20.56802749633789
7.446887016296387	-17.48232650756836
14.411531448364258	-8.973123550415039
15.282912254333496	-27.559329986572266
1.6444400548934937	-19.265562057495117
2.8431856632232666	-18.72612762451172
2.7099449634552	-20.9245662689209
23.50383949279785	-12.862857818603516
13.131502151489258	-6.834789752960205
2.882023572921753	-20.015750885009766
2.9563119411468506	-17.412132263183594
27.081329345703125	-14.189062118530273
24.193077087402344	-16.960662841796875
9.499520301818848	-24.264957427978516
13.261922836303711	-11.90259838104248
9.166315078735352	-22.419422149658203
20.46129035949707	-10.087480545043945
12.075824737548828	-15.85814380645752
25.737693786621094	-13.07116413116455
4.609787464141846	-21.080411911010742
13.607015609741211	-7.961861610412598
21.201339721679688	-22.95318603515625
3.2502634525299072	-17.719560623168945
19.169164657592773	-18.769990921020508
19.157482147216797	-21.290983200073242
18.065366744995117	-22.300952911376953
3.090388536453247	-17.446704864501953
23.668764114379883	-16.463603973388672
3.0894057750701904	-18.142684936523438
28.368146896362305	-15.98725414276123
10.012198448181152	-7.909431457519531
25.149168014526367	-13.57417106628418
9.165278434753418	-23.90519142150879
8.684353828430176	-17.84402084350586
2.2901618480682373	-20.630361557006836
16.27174186706543	-27.983707427978516
12.74787712097168	-14.952795028686523
3.5444085597991943	-22.993709564208984
4.533384799957275	-13.79495620727539
2.9718573093414307	-20.801376342773438
6.059423923492432	-24.845565795898438
27.676042556762695	-15.264427185058594
31.912899017333984	-17.707067489624023
14.747313499450684	-6.939608097076416
2.518787145614624	-22.58448028564453
2.721280336380005	-20.924510955810547
27.809017181396484	-18.712709426879883
2.874009370803833	-17.75883674621582
24.445676803588867	-19.69735336303711
27.579364776611328	-16.755033493041992
7.41398286819458	-9.229208946228027
18.9466552734375	-22.16996955871582
25.285091400146484	-14.950920104980469
25.701358795166016	-12.758208274841309
13.949482917785645	-13.903425216674805
2.2244293689727783	-19.089235305786133
3.7254478931427	-17.85804557800293
4.918623447418213	-11.342934608459473
6.8950605392456055	-17.72344970703125
3.6505019664764404	-19.9149112701416
18.49284553527832	-26.448139190673828
14.5926513671875	-22.92147445678711
32.481510162353516	-16.50478172302246
10.940035820007324	-23.12888526916504
20.87350845336914	-11.267793655395508
6.175914287567139	-16.458751678466797
11.53499984741211	-16.889484405517578
23.410808563232422	-13.208934783935547
13.897579193115234	-7.666023254394531
6.704732418060303	-20.151195526123047
29.022872924804688	-16.230409622192383
27.4271183013916	-13.98202896118164
5.245263576507568	-19.704824447631836
4.669356822967529	-22.790056228637695
14.969287872314453	-23.124441146850586
28.87789535522461	-16.06263542175293
27.224824905395508	-13.158183097839355
20.714513778686523	-22.408161163330078
8.929783821105957	-15.051505088806152
2.327629327774048	-18.05170249938965
25.8949031829834	-16.021743774414062
3.566161632537842	-15.4371337890625
14.125962257385254	-26.488008499145508
9.923357963562012	-8.976255416870117
17.34898567199707	-10.018708229064941
17.532180786132812	-28.88860321044922
25.864192962646484	-22.311193466186523
4.707027912139893	-19.029102325439453
21.744855880737305	-27.402732849121094
13.261898040771484	-12.767637252807617
17.690847396850586	-12.134353637695312
22.42702865600586	-19.478670120239258
16.201709747314453	-25.030603408813477
33.38877868652344	-13.49452018737793
8.248391151428223	-18.76112937927246
24.162208557128906	-23.767179489135742
11.874253273010254	-22.591665267944336
12.894619941711426	-25.35824966430664
24.099287033081055	-19.431880950927734
6.946494102478027	-18.415529251098633
30.196996688842773	-18.590070724487305
22.583600997924805	-19.218721389770508
16.204193115234375	-12.120923042297363
31.96417236328125	-14.70789623260498
16.564651489257812	-28.286577224731445
15.740724563598633	-10.868403434753418
8.127894401550293	-23.554931640625
5.043842315673828	-23.03614616394043
15.622730255126953	-12.054708480834961
25.57718276977539	-20.858142852783203
3.2888357639312744	-18.994247436523438
17.45201873779297	-7.520362854003906
5.386338233947754	-18.42413330078125
12.257719993591309	-7.332318305969238
14.93255615234375	-7.275885105133057
9.710394859313965	-17.481739044189453
21.251245498657227	-16.57341766357422
26.969444274902344	-13.43535041809082
17.3885555267334	-11.109567642211914
10.090599060058594	-8.866219520568848
15.128670692443848	-26.584102630615234
20.24907112121582	-22.21132469177246
7.792758464813232	-22.024314880371094
10.795174598693848	-20.79446029663086
15.008124351501465	-19.608896255493164
31.682209014892578	-12.300481796264648
20.342233657836914	-9.14741325378418
7.618405818939209	-13.931934356689453
10.743864059448242	-15.535971641540527
3.250830888748169	-11.622645378112793
15.799100875854492	-7.491766929626465
2.853341817855835	-13.911870956420898
10.794828414916992	-16.28156280517578
10.175999641418457	-25.626298904418945
15.623753547668457	-11.553799629211426
9.808038711547852	-22.90863800048828
11.208039283752441	-17.34455108642578
6.195596218109131	-12.601783752441406
13.900790214538574	-18.687374114990234
23.479570388793945	-19.423845291137695
19.334575653076172	-9.214056968688965
10.3622407913208	-25.011974334716797
28.9687557220459	-15.527016639709473
3.2207190990448	-20.916179656982422
3.793125867843628	-20.494945526123047
26.466472625732422	-12.866828918457031
25.380441665649414	-12.320426940917969
5.328464031219482	-12.503995895385742
32.21555709838867	-16.403059005737305
2.868067741394043	-16.591190338134766
16.656736373901367	-28.491790771484375
8.672857284545898	-17.390417098999023
5.368937969207764	-12.619683265686035
3.214383363723755	-21.3179988861084
17.579301834106445	-10.848350524902344
17.33458709716797	-7.988655090332031
13.311627388000488	-25.463722229003906
2.2140166759490967	-21.293067932128906
28.62129020690918	-14.4392671585083
18.859773635864258	-13.818954467773438
19.15262222290039	-10.16285514831543
24.650188446044922	-13.084609031677246
10.200884819030762	-14.706926345825195
17.188629150390625	-10.346445083618164
30.13849449157715	-15.043302536010742
21.57753562927246	-20.000736236572266
18.548551559448242	-14.590754508972168
6.973830223083496	-17.66301727294922
3.4615705013275146	-19.66776466369629
21.23564338684082	-9.27747917175293
3.6288363933563232	-19.283647537231445
20.982574462890625	-10.964632987976074
2.6060550212860107	-20.0028076171875
27.822376251220703	-20.751476287841797
4.3017473220825195	-11.620586395263672
18.230133056640625	-11.324528694152832
2.712653398513794	-19.385929107666016
7.985691070556641	-20.31279945373535
26.641939163208008	-17.864864349365234
30.132099151611328	-13.438420295715332
21.078426361083984	-8.626529693603516
15.462925910949707	-27.89786148071289
17.185354232788086	-8.839558601379395
13.44239616394043	-15.760980606079102
15.604458808898926	-22.415298461914062
31.367202758789062	-13.34990119934082
5.136472225189209	-17.8078556060791
23.423322677612305	-11.473886489868164
18.681642532348633	-23.188552856445312
20.9964656829834	-16.81880760192871
27.380659103393555	-13.671839714050293
10.884775161743164	-16.01620864868164
24.758546829223633	-15.971083641052246
9.857144355773926	-15.095934867858887
3.791433572769165	-14.568737030029297
4.34963846206665	-14.139997482299805
17.303991317749023	-22.380491256713867
24.44476890563965	-15.493203163146973
26.414005279541016	-13.314902305603027
9.548406600952148	-23.567523956298828
13.532408714294434	-23.32475471496582
7.265545845031738	-24.02902603149414
31.3756046295166	-14.186116218566895
18.60894012451172	-10.951340675354004
5.9008564949035645	-21.977657318115234
22.095232009887695	-17.06532859802246
8.807448387145996	-17.096721649169922
31.70537757873535	-13.34542465209961
9.615433692932129	-21.65625762939453
2.8372108936309814	-19.64535903930664
22.918916702270508	-19.88064956665039
5.650240421295166	-14.238649368286133
3.483261823654175	-21.393808364868164
9.72251033782959	-21.9298095703125
3.975909948348999	-16.108057022094727
7.87996244430542	-17.99604606628418
32.50995635986328	-12.356866836547852
9.991257667541504	-18.640853881835938
13.577409744262695	-22.62748908996582
2.528032064437866	-13.79583740234375
25.80515480041504	-11.542040824890137
4.016372203826904	-14.55250072479248
11.654487609863281	-11.345324516296387
18.76700782775879	-22.748065948486328
18.63787269592285	-28.597091674804688
6.282907485961914	-21.95046615600586
17.343963623046875	-25.168357849121094
30.683252334594727	-15.676872253417969
29.280628204345703	-16.649749755859375
6.485320091247559	-20.761993408203125
12.552271842956543	-18.159271240234375
16.7752742767334	-10.706633567810059
23.24237060546875	-12.573759078979492
16.323877334594727	-27.407384872436523
6.580108165740967	-22.8541316986084
3.2973031997680664	-11.047799110412598
20.797378540039062	-20.46625518798828
4.7651047706604	-18.241191864013672
2.8856847286224365	-18.735820770263672
22.008617401123047	-15.039216995239258
9.60111141204834	-14.828974723815918
7.505075931549072	-14.356643676757812
12.892269134521484	-16.118484497070312
5.115046977996826	-10.619406700134277
2.8203117847442627	-12.53329849243164
7.967645645141602	-22.885696411132812
23.764001846313477	-16.81324005126953
29.29175567626953	-20.204408645629883
5.579586982727051	-19.065500259399414
2.1178348064422607	-20.795408248901367
25.283620834350586	-21.286312103271484
18.036590576171875	-25.95785903930664
26.13457489013672	-17.86347198486328
6.851548194885254	-17.52898406982422
10.4118013381958	-15.55943775177002
11.69959545135498	-16.435279846191406
12.478560447692871	-26.15749168395996
8.105372428894043	-14.420658111572266
6.166484355926514	-14.006901741027832
6.027873516082764	-17.88521957397461
30.04076385498047	-16.515588760375977
27.759727478027344	-16.907377243041992
17.517087936401367	-16.731081008911133
28.434162139892578	-14.629962921142578
14.21457576751709	-27.34373664855957
8.941710472106934	-20.658201217651367
19.550304412841797	-16.169336318969727
2.6511361598968506	-16.850278854370117
27.570770263671875	-18.31446647644043
6.615882396697998	-16.32077980041504
30.634004592895508	-18.10974884033203
15.24487590789795	-13.321554183959961
2.5578114986419678	-14.886507034301758
4.681925296783447	-22.771400451660156
9.697651863098145	-24.297744750976562
1.9665597677230835	-19.57853126525879
14.260624885559082	-16.259790420532227
7.035999298095703	-8.562533378601074
17.853595733642578	-16.83806800842285
8.127767562866211	-14.422125816345215
31.842632293701172	-13.330306053161621
13.066500663757324	-12.334271430969238
11.71945858001709	-20.8061580657959
7.237732887268066	-10.629374504089355
4.578257083892822	-19.368886947631836
16.67167854309082	-12.459900856018066
30.889659881591797	-16.71295738220215
4.345459461212158	-19.39344024658203
30.629945755004883	-11.756991386413574
6.13084077835083	-17.848302841186523
1.4654220342636108	-21.233245849609375
10.304518699645996	-19.959941864013672
3.281475305557251	-13.266119003295898
15.016283988952637	-6.896764278411865
26.38312530517578	-13.56015396118164
4.5932769775390625	-18.040985107421875
15.392184257507324	-13.402580261230469
28.366788864135742	-14.754837036132812
30.654212951660156	-14.035057067871094
4.980688571929932	-9.921298027038574
22.817678451538086	-11.425442695617676
9.655709266662598	-16.4971981048584
24.285005569458008	-17.881118774414062
22.863819122314453	-12.805047035217285
30.91375160217285	-15.11007022857666
16.727331161499023	-12.574847221374512
2.4958741664886475	-20.16339683532715
17.94133949279785	-13.408777236938477
5.231142997741699	-23.10273551940918
15.00473690032959	-26.382442474365234
20.29355239868164	-12.988149642944336
3.164494276046753	-16.762027740478516
4.890564441680908	-21.93406105041504
4.452714920043945	-9.069090843200684
16.650537490844727	-10.847428321838379
10.789104461669922	-7.763324737548828
20.049957275390625	-10.870059967041016
12.531024932861328	-14.415698051452637
9.061802864074707	-23.412744522094727
25.457019805908203	-18.250686645507812
14.207503318786621	-26.603002548217773
2.625128984451294	-19.94085693359375
16.79905891418457	-22.421432495117188
10.332682609558105	-23.80169677734375
19.400293350219727	-8.1449556350708
29.224987030029297	-17.224224090576172
17.900279998779297	-14.80246639251709
16.689695358276367	-15.986333847045898
24.645797729492188	-14.563519477844238
7.623828411102295	-17.49346160888672
16.620210647583008	-27.73989486694336
15.340664863586426	-8.802848815917969
31.85757827758789	-15.313420295715332
30.786306381225586	-17.653779983520508
2.0681557655334473	-12.395092964172363
5.846438884735107	-11.349790573120117
15.426405906677246	-27.648244857788086
2.197967767715454	-21.79471778869629
11.865494728088379	-21.450815200805664
14.280440330505371	-23.459537506103516
6.309952259063721	-16.99013328552246
4.665130615234375	-11.501336097717285
17.344867706298828	-24.934715270996094
3.664046049118042	-18.807828903198242
7.850353240966797	-23.869707107543945
23.982017517089844	-16.665050506591797
5.525841236114502	-8.341304779052734
9.349709510803223	-16.141082763671875
8.494645118713379	-17.366418838500977
15.982361793518066	-23.096031188964844
10.615345001220703	-16.55026626586914
9.473699569702148	-12.878110885620117
25.814891815185547	-17.41226577758789
29.274734497070312	-15.298739433288574
31.829818725585938	-14.134806632995605
21.568708419799805	-18.04745101928711
3.6083133220672607	-20.368343353271484
3.5749762058258057	-19.33999252319336
11.76958179473877	-16.35332489013672
21.676185607910156	-15.594939231872559
4.540200233459473	-18.534948348999023
19.20240592956543	-9.793168067932129
21.608219146728516	-16.831863403320312
9.21924114227295	-24.049034118652344
7.20116662979126	-19.208341598510742
4.694764137268066	-15.532248497009277
31.803743362426758	-13.175912857055664
31.577205657958984	-12.4286527633667
5.798371315002441	-8.597968101501465
15.801154136657715	-15.44642448425293
12.9615478515625	-8.033344268798828
10.019301414489746	-14.033079147338867
27.38655662536621	-12.982253074645996
16.920604705810547	-19.070405960083008
10.027913093566895	-16.77321434020996
13.499823570251465	-22.712778091430664
16.679948806762695	-11.183821678161621
6.620558738708496	-19.871870040893555
27.64957618713379	-14.086677551269531
13.956759452819824	-15.103316307067871
7.867633819580078	-19.790836334228516
10.391364097595215	-16.705062866210938
3.2121942043304443	-21.81207847595215
10.897268295288086	-15.549549102783203
13.04389476776123	-26.05126190185547
17.159360885620117	-13.131109237670898
1.9077047109603882	-20.423377990722656
13.040386199951172	-12.751099586486816
8.386534690856934	-26.33381462097168
29.460607528686523	-12.845333099365234
16.55438804626465	-10.936959266662598
11.004899024963379	-24.77674102783203
3.234018087387085	-20.383087158203125
20.116451263427734	-19.039588928222656
15.89952278137207	-7.155641078948975
4.0019025802612305	-12.940058708190918
12.769820213317871	-18.380168914794922
17.87771224975586	-7.928563117980957
6.7754998207092285	-8.82698917388916
16.43633270263672	-26.131982803344727
1.9525312185287476	-20.23135757446289
14.154508590698242	-16.0372371673584
3.0817654132843018	-19.834239959716797
22.27107048034668	-13.116449356079102
13.818947792053223	-25.1726131439209
27.1563663482666	-13.36985969543457
20.705286026000977	-13.50218391418457
4.816590309143066	-23.261377334594727
15.510638236999512	-23.78631019592285
18.829986572265625	-26.026042938232422
13.464177131652832	-26.510711669921875
23.84526252746582	-19.547447204589844
8.874510765075684	-17.833202362060547
27.307701110839844	-12.176335334777832
4.79211950302124	-11.969538688659668
17.89622688293457	-28.01918601989746
32.052486419677734	-15.50625228881836
5.449101448059082	-8.834051132202148
10.61789608001709	-15.34408187866211
7.6773457527160645	-24.039382934570312
2.894932985305786	-13.787712097167969
12.300026893615723	-25.20892906188965
25.624629974365234	-12.662516593933105
10.979328155517578	-14.768448829650879
27.518619537353516	-14.454407691955566
11.820300102233887	-13.251073837280273
14.08682918548584	-26.74563217163086
2.3439366817474365	-12.583498001098633
29.192689895629883	-12.573091506958008
19.426029205322266	-22.95122528076172
15.365059852600098	-20.226028442382812
11.074725151062012	-7.746137619018555
7.1507978439331055	-23.215538024902344
19.020166397094727	-17.95269012451172
1.2655109167099	-20.874942779541016
11.467973709106445	-7.800926208496094
4.727430820465088	-10.534242630004883
7.070120334625244	-17.354896545410156
21.845714569091797	-24.912899017333984
31.1560115814209	-12.28414249420166
16.913578033447266	-15.68786907196045
13.323392868041992	-6.971650123596191
30.552282333374023	-15.97745418548584
4.594845294952393	-21.120431900024414
16.10814666748047	-13.5280122756958
15.122302055358887	-26.909915924072266
3.6228184700012207	-15.020746231079102
3.030881643295288	-19.5958251953125
3.8129193782806396	-20.19536590576172
19.46445083618164	-11.835005760192871
31.910810470581055	-14.523825645446777
26.11760139465332	-12.706561088562012
15.508535385131836	-18.73328971862793
20.299232482910156	-14.149209976196289
8.00533676147461	-18.600536346435547
19.31131935119629	-9.978095054626465
23.45923614501953	-21.405920028686523
22.24298095703125	-22.648061752319336
26.832874298095703	-16.507787704467773
33.328758239746094	-13.860489845275879
10.091134071350098	-20.360841751098633
14.73047924041748	-24.255857467651367
15.552398681640625	-11.345707893371582
4.399620532989502	-19.503795623779297
13.747920036315918	-24.509990692138672
26.146703720092773	-20.317556381225586
6.5102386474609375	-18.502872467041016
19.585851669311523	-17.991106033325195
6.1992974281311035	-7.744093894958496
17.923789978027344	-12.065046310424805
11.588637351989746	-25.984485626220703
22.849515914916992	-21.640289306640625
26.432653427124023	-10.989556312561035
11.949601173400879	-22.588376998901367
12.052143096923828	-16.819683074951172
11.339424133300781	-23.456342697143555
2.064423084259033	-14.406051635742188
12.52154541015625	-16.67923927307129
14.735164642333984	-15.446558952331543
24.280315399169922	-19.357242584228516
8.44357967376709	-17.325172424316406
4.0827460289001465	-9.624564170837402
18.403179168701172	-10.071683883666992
9.033331871032715	-17.801889419555664
2.284759759902954	-19.580928802490234
20.182159423828125	-26.645992279052734
25.129852294921875	-22.96334457397461
17.75348663330078	-7.887197494506836
10.32311725616455	-24.86435890197754
6.214354038238525	-14.69831657409668
16.99951171875	-20.125730514526367
23.1995849609375	-21.432893753051758
19.017513275146484	-15.528141975402832
24.463834762573242	-11.831986427307129
17.788347244262695	-26.394153594970703
8.276651382446289	-13.859159469604492
14.800823211669922	-12.88675308227539
26.01409149169922	-18.905261993408203
17.504751205444336	-13.002882957458496
13.52005386352539	-26.37590789794922
14.174703598022461	-15.0435791015625
21.61512565612793	-16.98678970336914
14.909378051757812	-14.294161796569824
20.916379928588867	-22.7196102142334
17.544065475463867	-23.554283142089844
9.42521858215332	-7.046783924102783
3.164785623550415	-20.855947494506836
5.991508960723877	-13.789264678955078
30.439992904663086	-14.925400733947754
12.702179908752441	-14.801834106445312
26.64328384399414	-15.048909187316895
14.151091575622559	-26.322776794433594
11.726590156555176	-14.575438499450684
6.052779197692871	-8.834724426269531
2.751878023147583	-19.222341537475586
10.323214530944824	-18.404430389404297
22.528453826904297	-20.257932662963867
7.130361080169678	-14.136281967163086
8.950154304504395	-14.019338607788086
29.962308883666992	-12.847579956054688
3.155230760574341	-11.641464233398438
18.144344329833984	-13.524806022644043
19.690887451171875	-27.8153018951416
16.651290893554688	-19.81728172302246
32.54345703125	-17.035205841064453
5.758163928985596	-19.00136947631836
18.145095825195312	-21.185047149658203
27.049545288085938	-18.786666870117188
26.010299682617188	-18.93706703186035
18.770538330078125	-17.81896209716797
28.358966827392578	-17.327491760253906
22.02524757385254	-22.994800567626953
16.006393432617188	-13.712757110595703
30.487993240356445	-13.67890739440918
20.594650268554688	-17.889551162719727
12.283502578735352	-13.070068359375
3.645888328552246	-14.360878944396973
3.869990110397339	-21.80116081237793
8.767391204833984	-20.92786407470703
20.587894439697266	-13.679357528686523
27.81148910522461	-22.148130416870117
5.449079513549805	-8.996338844299316
10.224804878234863	-7.405193328857422
30.93617820739746	-15.504437446594238
13.749152183532715	-15.55858039855957
22.19004249572754	-18.963560104370117
27.052593231201172	-21.742271423339844
25.122310638427734	-14.376260757446289
7.814781665802002	-13.024157524108887
20.372249603271484	-17.53791618347168
8.531912803649902	-23.41571807861328
7.650270938873291	-8.529415130615234
28.325441360473633	-19.77471923828125
4.246915340423584	-10.795623779296875
14.889593124389648	-13.75382137298584
5.893575191497803	-8.380906105041504
17.039405822753906	-20.97249984741211
32.178043365478516	-15.301624298095703
8.615761756896973	-7.8315534591674805
16.130876541137695	-23.335960388183594
12.1847505569458	-23.777385711669922
10.396368980407715	-24.580659866333008
8.263605117797852	-7.894697189331055
1.962891936302185	-20.465042114257812
13.029654502868652	-9.180188179016113
12.421692848205566	-18.086578369140625
22.488677978515625	-14.612091064453125
12.533384323120117	-13.375900268554688
22.87666893005371	-15.681550025939941
12.130084037780762	-26.068098068237305
32.31402587890625	-15.310186386108398
18.737943649291992	-23.194936752319336
5.480202674865723	-13.93086051940918
6.228638648986816	-22.790508270263672
9.716280937194824	-8.279399871826172
17.967153549194336	-17.849071502685547
9.801239013671875	-16.11631965637207
12.281722068786621	-6.580076694488525
19.628232955932617	-20.350910186767578
24.770517349243164	-16.41234588623047
19.41142463684082	-16.762344360351562
29.9693546295166	-12.562361717224121
28.42120933532715	-15.346962928771973
15.823816299438477	-7.385888576507568
26.953411102294922	-10.487746238708496
14.756637573242188	-11.571022987365723
19.564800262451172	-23.480831146240234
28.588050842285156	-19.480533599853516
22.934642791748047	-12.292335510253906
18.21712875366211	-12.241947174072266
9.754464149475098	-15.973281860351562
26.2696475982666	-17.551477432250977
17.639179229736328	-11.911972045898438
15.766786575317383	-12.921740531921387
14.954347610473633	-16.312227249145508
24.29770278930664	-17.614459991455078
4.661128044128418	-14.901679992675781
5.343565940856934	-21.14251136779785
15.984517097473145	-22.62270736694336
27.036848068237305	-14.484515190124512
3.6084203720092773	-13.410579681396484
26.790748596191406	-16.24003791809082
21.561307907104492	-11.688175201416016
22.334300994873047	-24.52081298828125
16.613792419433594	-11.97640323638916
5.543394565582275	-12.497858047485352
4.639795780181885	-10.546496391296387
13.599562644958496	-25.80711555480957
3.0904624462127686	-17.616731643676758
25.689739227294922	-14.120827674865723
12.217968940734863	-24.799633026123047
11.070012092590332	-7.604608058929443
18.68817901611328	-11.102371215820312
14.483269691467285	-18.824554443359375
12.027166366577148	-7.865306377410889
4.057469844818115	-16.456851959228516
25.888389587402344	-12.036730766296387
32.15918731689453	-15.686497688293457
24.66782569885254	-16.541030883789062
2.643547773361206	-17.996360778808594
13.038329124450684	-14.498270988464355
24.428905487060547	-12.436189651489258
12.878946304321289	-6.913336277008057
9.208475112915039	-17.63779640197754
17.881122589111328	-24.65301513671875
7.200234413146973	-21.93284797668457
14.060250282287598	-12.472196578979492
13.105696678161621	-13.661079406738281
28.700706481933594	-16.896400451660156
23.096139907836914	-15.628067970275879
18.487363815307617	-9.772738456726074
30.34287452697754	-14.572355270385742
19.661272048950195	-25.803504943847656
7.448505878448486	-18.3861141204834
1.1619056463241577	-20.042993545532227
4.214906692504883	-8.74171257019043
16.620038986206055	-21.304746627807617
3.1024677753448486	-20.746967315673828
3.484065294265747	-20.454452514648438
3.125192642211914	-14.675495147705078
9.772172927856445	-17.78380584716797
21.164283752441406	-21.140338897705078
2.081869602203369	-14.179152488708496
18.19304656982422	-11.765830993652344
16.606353759765625	-19.175642013549805
8.977115631103516	-23.523574829101562
18.669872283935547	-10.693060874938965
28.927858352661133	-15.121722221374512
7.850527286529541	-17.811725616455078
17.043004989624023	-26.7728214263916
6.51414680480957	-19.010385513305664
4.1713080406188965	-21.578285217285156
16.630481719970703	-26.21746826171875
7.4661054611206055	-23.60062026977539
17.933944702148438	-12.017938613891602
22.66456413269043	-24.059743881225586
7.694418430328369	-22.535831451416016
1.664361834526062	-20.067235946655273
27.094755172729492	-20.271099090576172
15.352063179016113	-11.978452682495117
26.037918090820312	-17.46561622619629
11.29171085357666	-17.209087371826172
17.282405853271484	-16.444225311279297
32.35331344604492	-13.07923412322998
3.367070436477661	-18.026447296142578
20.295330047607422	-20.739919662475586
23.662254333496094	-20.13364601135254
18.596960067749023	-16.02707862854004
23.726030349731445	-16.888092041015625
3.277346611022949	-15.318929672241211
7.856454372406006	-21.98246192932129
6.243564128875732	-11.650854110717773
3.664161443710327	-9.11654281616211
26.008102416992188	-20.613059997558594
15.699760437011719	-26.357288360595703
8.571755409240723	-7.095024108886719
4.244345188140869	-11.67623233795166
20.126726150512695	-25.909425735473633
24.739023208618164	-19.951133728027344
12.515899658203125	-7.323124885559082
8.214207649230957	-23.088424682617188
10.518864631652832	-19.974634170532227
10.026453971862793	-16.555044174194336
13.14922046661377	-25.392812728881836
15.086939811706543	-19.72665786743164
16.87119483947754	-10.683187484741211
7.935300350189209	-25.186580657958984
11.542218208312988	-15.821374893188477
8.578592300415039	-8.721232414245605
32.09637451171875	-16.888147354125977
7.193994998931885	-16.212411880493164
5.923764705657959	-14.67087173461914
18.6156005859375	-18.601581573486328
22.641128540039062	-11.598770141601562
16.709270477294922	-22.70880889892578
27.805484771728516	-12.132466316223145
3.238351583480835	-19.484699249267578
16.469938278198242	-25.77471160888672
6.418605327606201	-19.76152229309082
3.768470048904419	-15.447312355041504
7.2546820640563965	-15.12914752960205
9.353646278381348	-9.767974853515625
10.80033016204834	-19.595108032226562
10.365078926086426	-8.35068130493164
23.39504623413086	-15.838553428649902
16.662710189819336	-15.139643669128418
5.852551460266113	-10.865338325500488
26.307405471801758	-18.101337432861328
12.837152481079102	-14.877398490905762
11.33861255645752	-24.43911361694336
13.588016510009766	-21.02806282043457
9.197793006896973	-16.58221435546875
24.67089080810547	-18.168148040771484
27.133283615112305	-14.512426376342773
30.296939849853516	-14.755067825317383
2.2230536937713623	-21.76731300354004
15.770533561706543	-15.198281288146973
19.939706802368164	-14.475074768066406
5.573161602020264	-14.738740921020508
27.436500549316406	-20.058284759521484
8.744011878967285	-25.321231842041016
24.44916343688965	-17.0843448638916
24.075197219848633	-11.11092472076416
17.46738052368164	-27.571102142333984
3.6789679527282715	-12.564912796020508
7.402653694152832	-10.253156661987305
23.035381317138672	-11.353099822998047
28.446134567260742	-21.040544509887695
10.004439353942871	-7.959849834442139
21.300148010253906	-17.338838577270508
3.0639917850494385	-19.373821258544922
23.870800018310547	-10.625268936157227
3.95292067527771	-20.51956558227539
3.656289577484131	-14.581838607788086
25.680545806884766	-11.912755966186523
17.17902183532715	-22.62881851196289
10.318243980407715	-23.957059860229492
13.098223686218262	-27.724708557128906
16.046024322509766	-26.009151458740234
14.21973991394043	-27.81269073486328
1.8023122549057007	-13.45997142791748
25.876895904541016	-20.849380493164062
14.539786338806152	-19.517257690429688
19.20846939086914	-22.173654556274414
9.468057632446289	-8.591765403747559
3.856518030166626	-21.630184173583984
29.97675895690918	-12.048542022705078
18.77449607849121	-12.767438888549805
13.93607234954834	-19.470294952392578
2.16768479347229	-20.549243927001953
29.26827049255371	-17.2932071685791
18.459674835205078	-21.416580200195312
12.33105182647705	-15.608909606933594
10.784767150878906	-19.24106216430664
4.403414726257324	-21.158493041992188
3.5858330726623535	-16.895444869995117
9.138846397399902	-20.864669799804688
15.679361343383789	-26.096721649169922
16.50668716430664	-10.67348861694336
6.763571739196777	-7.371434211730957
7.0223164558410645	-8.453044891357422
32.10335159301758	-13.83836555480957
23.47005271911621	-22.133991241455078
7.83718729019165	-17.621768951416016
16.96927833557129	-11.36029052734375
22.442184448242188	-18.4133358001709
3.7244975566864014	-20.024391174316406
19.32324981689453	-25.731325149536133
31.154247283935547	-14.352307319641113
8.704278945922852	-17.355897903442383
5.8385419845581055	-18.63735008239746
30.358783721923828	-13.791131019592285
17.632694244384766	-28.2620849609375
13.701642036437988	-8.245525360107422
9.488587379455566	-16.573087692260742
29.190916061401367	-15.79997730255127
20.474063873291016	-16.276470184326172
28.004186630249023	-17.275562286376953
3.746001958847046	-17.699201583862305
17.156248092651367	-10.88243579864502
31.18572998046875	-12.666600227355957
23.26326560974121	-20.79350471496582
12.121950149536133	-18.457683563232422
5.627587795257568	-15.477479934692383
21.99407958984375	-11.215590476989746
6.932104587554932	-17.333660125732422
18.293569564819336	-28.111143112182617
28.118192672729492	-14.003052711486816
13.122197151184082	-13.865209579467773
24.589111328125	-17.617088317871094
22.94840431213379	-18.041149139404297
17.521024703979492	-20.52561378479004
3.1118195056915283	-21.628639221191406
32.149940490722656	-16.384462356567383
26.1368408203125	-16.28246307373047
27.21751594543457	-14.165032386779785
5.6966776847839355	-15.225627899169922
7.120700836181641	-23.887147903442383
2.4951415061950684	-11.236590385437012
8.674259185791016	-24.587615966796875
7.269514560699463	-7.738313674926758
5.943950176239014	-21.45713233947754
5.652997016906738	-11.893865585327148
5.514647960662842	-10.681680679321289
18.51136016845703	-10.29000473022461
7.47499418258667	-11.979633331298828
13.778302192687988	-12.603645324707031
15.805283546447754	-14.861092567443848
4.188421249389648	-19.656278610229492
