1
-15.223703384399414	19.981014251708984
-19.07660484313965	3.8152248859405518
-16.253124237060547	-1.3950064182281494
-11.470565795898438	24.996984481811523
-21.798364639282227	-4.488277435302734
-18.287973403930664	13.415285110473633
-22.076866149902344	0.8263521194458008
-22.3082275390625	6.3531341552734375
-21.355985641479492	14.422781944274902
-9.878280639648438	24.52805519104004
-24.046981811523438	-4.0978593826293945
-10.150805473327637	25.43804168701172
-13.424978256225586	-2.0983452796936035
-21.81011390686035	9.50069808959961
-18.157670974731445	-2.6034164428710938
-16.73983383178711	23.8740291595459
-15.267373085021973	4.623837471008301
-20.62763023376465	-0.4581041932106018
-16.876575469970703	-0.34821146726608276
-19.10050392150879	18.17854118347168
-11.2279052734375	-1.1002297401428223
-16.899276733398438	2.8835227489471436
-14.165998458862305	23.089672088623047
-9.378175735473633	25.42342185974121
-13.755879402160645	11.837655067443848
-22.279460906982422	9.661103248596191
-20.770570755004883	-1.9560348987579346
-16.419736862182617	3.5804696083068848
-19.951194763183594	16.6862850189209
-17.02220916748047	21.633310317993164
-22.647476196289062	-4.291369438171387
-8.848387718200684	13.711087226867676
-14.074469566345215	4.970663070678711
-9.607532501220703	24.942459106445312
-19.290077209472656	13.395341873168945
-14.103128433227539	15.540911674499512
-19.827810287475586	-6.873351097106934
-11.95993423461914	25.005155563354492
-7.440465450286865	15.408062934875488
-10.675148010253906	4.422519683837891
-4.672159194946289	4.943342208862305
-16.62648582458496	19.10130500793457
-13.090597152709961	19.3248233795166
-15.35384464263916	4.54975700378418
-15.599641799926758	20.02935791015625
-15.312976837158203	14.334915161132812
-19.007362365722656	-0.8656454086303711
-17.511838912963867	19.773269653320312
-8.477558135986328	13.234539031982422
-14.688821792602539	-0.6108421683311462
-8.865564346313477	15.544234275817871
-15.683173179626465	12.755087852478027
-21.964611053466797	2.608254909515381
-17.0502986907959	2.9207613468170166
-19.70160484313965	-2.886535167694092
-11.204408645629883	24.961427688598633
-16.603107452392578	20.54222869873047
-14.097864151000977	19.37135887145996
-7.224680423736572	10.892434120178223
-16.883987426757812	2.1909899711608887
-23.009967803955078	14.689210891723633
-13.435571670532227	4.85460090637207
-5.4080963134765625	11.583001136779785
-15.068170547485352	18.991958618164062
-14.381768226623535	7.878910064697266
-20.88408088684082	-3.5151937007904053
-12.30013656616211	12.174773216247559
-6.916916847229004	12.282586097717285
-14.998620986938477	14.9031400680542
-14.758641242980957	23.08013916015625
-21.690114974975586	-1.3274576663970947
-12.487874031066895	24.248750686645508
-10.598068237304688	2.465088367462158
-22.127321243286133	11.985306739807129
-20.74402618408203	13.035926818847656
-6.4388108253479	15.181480407714844
-12.319525718688965	6.132204055786133
-11.732549667358398	4.715179443359375
-15.755696296691895	9.44002628326416
-18.398113250732422	-6.74777889251709
-10.985701560974121	25.974109649658203
-19.94671058654785	14.516626358032227
-13.550314903259277	5.092826843261719
-8.912639617919922	17.325166702270508
-13.105026245117188	24.265178680419922
-8.440922737121582	18.506216049194336
-11.222861289978027	4.220729827880859
-17.525100708007812	18.18754768371582
-22.175941467285156	8.286041259765625
-19.736358642578125	-2.477349042892456
-22.913330078125	1.483527421951294
-4.917929172515869	4.423275947570801
-24.343685150146484	14.718535423278809
-12.112987518310547	22.867849349975586
-17.611024856567383	9.178262710571289
-9.918858528137207	-0.5333247184753418
-7.902928829193115	12.249852180480957
-13.125758171081543	15.55453109741211
-5.636116027832031	13.15244197845459
-22.62558364868164	11.655149459838867
-15.998592376708984	3.6103758811950684
-11.045307159423828	25.31014060974121
-24.027219772338867	9.871773719787598
-7.635201454162598	2.2309775352478027
-16.5861759185791	14.575922012329102
-10.247884750366211	12.628161430358887
-10.412762641906738	25.043886184692383
-15.231671333312988	22.143840789794922
-19.726686477661133	13.418764114379883
-21.83894920349121	-5.780590057373047
-17.51167106628418	-1.076223611831665
-22.626659393310547	5.816025733947754
-19.76731300354004	-0.41984522342681885
-10.96190071105957	22.736555099487305
-5.281527996063232	4.366690635681152
-11.549833297729492	4.507040977478027
-10.237737655639648	20.454988479614258
-22.17896842956543	14.755020141601562
-22.022388458251953	9.288090705871582
-5.57639741897583	5.387788772583008
-18.442340850830078	-1.916129469871521
-21.55721092224121	14.512862205505371
-11.784933090209961	24.589841842651367
-24.172025680541992	11.614982604980469
-6.294525623321533	14.134880065917969
-22.798343658447266	-4.109313011169434
-14.322436332702637	7.217068672180176
-14.036172866821289	13.884501457214355
-12.431800842285156	10.944661140441895
-15.847685813903809	19.533830642700195
-8.122172355651855	3.3427023887634277
-22.78592300415039	14.484017372131348
-11.203089714050293	18.58374786376953
-21.93840217590332	-5.475924491882324
-6.708852291107178	12.318628311157227
-20.253725051879883	12.855278015136719
-11.627920150756836	24.140724182128906
-8.094216346740723	12.416659355163574
-12.160845756530762	14.185201644897461
-10.22535228729248	2.7824487686157227
-14.885123252868652	6.3714141845703125
-19.62359046936035	-1.1541696786880493
-22.1044864654541	-0.40622299909591675
-20.875017166137695	16.03973388671875
-6.067165374755859	13.280056953430176
-20.032522201538086	16.326749801635742
-13.197188377380371	5.576032638549805
-20.120437622070312	16.71187400817871
-14.033305168151855	18.697694778442383
-8.836155891418457	3.0859084129333496
-14.010972023010254	9.532776832580566
-10.883370399475098	2.9381000995635986
-18.579553604125977	-5.1918230056762695
-20.218338012695312	-3.5328192710876465
-23.48504066467285	13.148575782775879
-21.855602264404297	8.220757484436035
-10.21567153930664	2.799739122390747
-19.975570678710938	-1.2124314308166504
-10.69311237335205	-0.981347918510437
-7.588202953338623	8.961363792419434
-12.079534530639648	4.839870452880859
-24.1864070892334	11.082085609436035
-10.652965545654297	25.37574577331543
-12.927200317382812	0.35916978120803833
-8.922441482543945	15.876002311706543
-15.03537368774414	-0.02000492811203003
-21.42657470703125	-6.612261772155762
-20.24760627746582	-1.522432804107666
-22.30790138244629	9.300785064697266
-17.946565628051758	14.180732727050781
-20.214574813842773	-2.0674586296081543
-14.732572555541992	3.7128381729125977
-17.58577537536621	-3.093905210494995
-10.156098365783691	15.964886665344238
-25.516103744506836	-2.4453277587890625
-14.894540786743164	16.595191955566406
-14.840082168579102	5.040431022644043
-12.718019485473633	14.33486270904541
-19.435121536254883	17.659517288208008
-19.332029342651367	-3.3912124633789062
-12.766883850097656	21.62758445739746
-12.392552375793457	1.56083083152771
-21.659587860107422	5.050450325012207
-12.692614555358887	25.57040786743164
-18.134410858154297	-3.809781312942505
-7.304190635681152	12.403687477111816
-22.892101287841797	-0.10887673497200012
-21.641347885131836	0.16450181603431702
-20.61713218688965	-5.657238960266113
-12.089887619018555	3.8235819339752197
-5.7909464836120605	3.0820257663726807
-21.32689094543457	-2.61430287361145
-23.42081642150879	3.7069947719573975
-18.993913650512695	15.158549308776855
-15.932418823242188	11.144133567810059
-12.585956573486328	18.220399856567383
-8.517890930175781	14.436697006225586
-25.02105140686035	2.10579252243042
-20.94473648071289	-5.196798324584961
-24.307586669921875	7.060807228088379
-13.141796112060547	24.1436767578125
-10.037020683288574	20.31700897216797
-22.111173629760742	12.092284202575684
-17.35477066040039	11.176385879516602
-23.265810012817383	8.803027153015137
-10.26816177368164	22.99260711669922
-7.820796966552734	12.421122550964355
-22.692052841186523	2.9009034633636475
-14.941819190979004	5.259542465209961
-18.771556854248047	8.890486717224121
-9.57950496673584	24.200916290283203
-20.48263931274414	2.065136671066284
-4.019247055053711	9.364474296569824
-14.651638984680176	10.013347625732422
-4.628899097442627	12.393233299255371
-21.788471221923828	8.170899391174316
-10.494640350341797	4.183737754821777
-16.913049697875977	15.174010276794434
-14.174188613891602	16.101423263549805
-18.477401733398438	15.0387544631958
-7.434756755828857	14.670369148254395
-11.700444221496582	3.8138229846954346
-14.108993530273438	13.74280071258545
-16.501272201538086	-1.433876633644104
-21.753402709960938	13.24951457977295
-22.650999069213867	11.875130653381348
-17.627656936645508	15.267317771911621
-15.059755325317383	22.140501022338867
-12.536983489990234	22.16119956970215
-23.55315399169922	2.4739878177642822
-5.880687713623047	9.562137603759766
-12.035669326782227	9.503029823303223
-19.14324188232422	15.400440216064453
-18.375734329223633	-0.8065491914749146
-12.101363182067871	0.06968110799789429
-13.259964942932129	16.94588279724121
-20.39923858642578	5.023502349853516
-24.17243194580078	13.253479957580566
-8.876372337341309	0.8653630018234253
-22.39940643310547	0.13978442549705505
-24.578365325927734	0.2761054039001465
-6.425705432891846	14.285569190979004
-9.77620792388916	9.643077850341797
-19.277414321899414	-2.6206064224243164
-16.578439712524414	12.874006271362305
-20.198579788208008	13.225988388061523
-8.827509880065918	18.065710067749023
-14.045623779296875	22.871835708618164
-18.464109420776367	0.9766955375671387
-20.92938995361328	-7.058423042297363
-15.357900619506836	-2.120208740234375
-9.720134735107422	10.882092475891113
-12.734943389892578	24.260042190551758
-22.540254592895508	14.922375679016113
-9.844722747802734	9.95225715637207
-16.372556686401367	22.07274627685547
-18.24901008605957	-0.8351438045501709
-15.69852066040039	3.7799293994903564
-11.870316505432129	19.67315101623535
-7.433703899383545	2.2427728176116943
-19.284317016601562	7.308496475219727
-8.409372329711914	21.35455894470215
-15.252833366394043	19.32096290588379
-12.701333999633789	4.746201515197754
-14.77549934387207	6.791324615478516
-12.663968086242676	4.201544761657715
-18.441970825195312	10.885939598083496
-7.960488796234131	14.023114204406738
-22.907602310180664	5.885307312011719
-22.606287002563477	1.8267772197723389
-11.097844123840332	22.0250301361084
-9.606949806213379	24.941129684448242
-17.414609909057617	-4.918219566345215
-19.99211883544922	-0.46530020236968994
-7.6279191970825195	20.880979537963867
-13.230306625366211	3.3688175678253174
-16.157604217529297	0.10175204277038574
-7.443824291229248	10.506617546081543
-21.0701847076416	-6.911487579345703
-7.23178243637085	15.916028022766113
-8.3848237991333	12.007120132446289
-10.510822296142578	3.853515386581421
-21.356876373291016	3.6360630989074707
-24.830101013183594	-1.2567288875579834
-17.6521053314209	16.16027069091797
-19.601993560791016	-4.049184799194336
-22.151670455932617	12.82921028137207
-17.811288833618164	10.63244915008545
-10.157672882080078	15.992554664611816
-18.46158790588379	-1.9742587804794312
-15.855314254760742	-2.8571293354034424
-7.573235511779785	11.703946113586426
-24.00094223022461	11.220683097839355
-20.049955368041992	-0.9568765759468079
-7.574193954467773	11.506312370300293
-10.14577579498291	11.647610664367676
-19.461294174194336	-2.325099229812622
-12.393282890319824	25.769941329956055
-14.103693008422852	3.06266188621521
-7.486303806304932	15.393448829650879
-11.817626953125	3.2541935443878174
-7.371417999267578	2.437868118286133
-24.152238845825195	14.56393051147461
-7.2614054679870605	18.566682815551758
-10.939621925354004	21.990785598754883
-5.234990119934082	13.820034980773926
-23.3282413482666	-2.7677829265594482
-13.011268615722656	22.624473571777344
-5.917495250701904	12.052721977233887
-18.60234832763672	13.018998146057129
-11.351905822753906	4.184401512145996
-7.154114246368408	11.279303550720215
-19.22318458557129	-1.2706668376922607
-15.997515678405762	22.010761260986328
-14.65532398223877	11.21855640411377
-20.6416072845459	7.946698188781738
-12.23497486114502	-2.169985771179199
-9.513960838317871	25.195131301879883
-14.850817680358887	1.137817621231079
-20.501554489135742	-2.951636552810669
-22.073745727539062	14.109307289123535
-11.368550300598145	-0.3705035448074341
-10.081768035888672	1.2863496541976929
-8.48318862915039	11.785721778869629
-17.20382308959961	4.001581192016602
-7.274609565734863	9.99532413482666
-15.109461784362793	21.08646583557129
-16.61581039428711	-0.4698178172111511
-23.98784637451172	12.197646141052246
-13.199577331542969	-0.964565634727478
-10.624512672424316	5.322531700134277
-21.424991607666016	2.3944008350372314
-12.182660102844238	25.88871192932129
-15.507478713989258	-1.2221792936325073
-13.884024620056152	2.90855073928833
-13.293008804321289	4.455320358276367
-24.832962036132812	-1.4620633125305176
-16.404340744018555	0.009939432144165039
-13.081207275390625	-0.9222791194915771
-11.801738739013672	19.008241653442383
-13.931373596191406	3.5158512592315674
-21.116409301757812	14.882731437683105
-6.365333557128906	3.089188814163208
-18.88274574279785	7.3919525146484375
-19.140993118286133	-2.5110080242156982
-13.411945343017578	4.318393707275391
-7.668076038360596	12.460223197937012
-7.885315418243408	19.57756996154785
-10.152538299560547	19.5510196685791
-14.922947883605957	10.306296348571777
-13.794601440429688	8.061628341674805
-15.892630577087402	-2.8297760486602783
-13.734491348266602	26.946147918701172
-24.728073120117188	10.247167587280273
-19.669111251831055	-2.4223952293395996
-9.641607284545898	26.085660934448242
-7.638228893280029	16.704004287719727
-9.384516716003418	22.256467819213867
-21.746767044067383	3.9501025676727295
-8.932266235351562	8.380125045776367
-22.224334716796875	14.811067581176758
-20.220975875854492	-1.8695091009140015
-15.664661407470703	2.8128373622894287
-16.2211971282959	16.939931869506836
-17.56806182861328	0.06958615779876709
-23.442100524902344	-2.9166595935821533
-10.576021194458008	26.511587142944336
-9.686897277832031	25.543073654174805
-8.149948120117188	13.921952247619629
-6.456419944763184	13.670788764953613
-19.517669677734375	-1.503520131111145
-11.022500991821289	8.173868179321289
-16.307065963745117	16.432296752929688
-7.990737438201904	13.600769996643066
-18.717077255249023	4.4530487060546875
-10.388593673706055	3.0598156452178955
-13.947659492492676	4.843672752380371
-16.518585205078125	0.711292028427124
-8.041593551635742	10.351207733154297
-19.709983825683594	-3.9849469661712646
-9.941123962402344	4.3024139404296875
-6.8857741355896	15.089290618896484
-23.410602569580078	8.201774597167969
-24.57943344116211	14.497314453125
-8.68858528137207	22.524621963500977
-11.178318977355957	25.222013473510742
-11.248434066772461	25.65370750427246
-14.701454162597656	-0.7299764156341553
-9.10303020477295	16.47553062438965
-15.283992767333984	-0.9636195302009583
-14.261272430419922	9.253329277038574
-9.398921966552734	8.325990676879883
-18.380054473876953	2.898162603378296
-13.766314506530762	2.8646390438079834
-8.02329158782959	15.676305770874023
-21.661182403564453	-4.294299125671387
-14.82967758178711	1.6787067651748657
-17.126829147338867	13.651249885559082
-21.296621322631836	1.269918441772461
-14.851709365844727	3.4377853870391846
-20.215314865112305	-2.7891244888305664
-10.32593059539795	26.325197219848633
-17.64463996887207	3.026538133621216
-8.52884292602539	21.47480010986328
-22.473722457885742	3.6956398487091064
-24.194250106811523	-2.3783648014068604
-10.013426780700684	25.679716110229492
-23.719074249267578	11.293866157531738
-4.206264495849609	8.416136741638184
-15.701963424682617	19.13344955444336
-11.860419273376465	10.227519035339355
-17.546579360961914	3.8076961040496826
-24.233173370361328	-4.16184139251709
-8.525491714477539	2.2822659015655518
-20.294984817504883	-6.378958702087402
-15.787574768066406	23.762619018554688
-23.726816177368164	1.6840384006500244
-15.893478393554688	-0.7800363302230835
-9.546061515808105	26.408933639526367
-9.665860176086426	25.770240783691406
-17.30483055114746	-0.9785014390945435
-6.247738361358643	14.069670677185059
-16.80837631225586	4.321413040161133
-11.16315746307373	4.010632514953613
-9.40925407409668	-0.794988214969635
-12.865330696105957	13.385552406311035
-19.894346237182617	-1.2648630142211914
-25.203554153442383	2.1437976360321045
-7.757990837097168	15.540878295898438
-14.549513816833496	12.991728782653809
-9.777932167053223	11.39896011352539
-22.841270446777344	16.6567325592041
-9.39863109588623	17.894147872924805
-20.393869400024414	2.8978216648101807
-15.444190979003906	20.05164337158203
-17.429637908935547	10.164877891540527
-13.899242401123047	5.243456840515137
-16.34871482849121	-2.7243781089782715
-23.51636505126953	1.3250572681427002
-10.32334041595459	25.93084716796875
-21.334228515625	-3.5670104026794434
-16.000247955322266	5.927271842956543
-9.990460395812988	23.673274993896484
-16.652915954589844	-1.3873801231384277
-22.623310089111328	-0.9273360371589661
-11.20165729522705	21.70513153076172
-12.281225204467773	4.139867782592773
-9.302536010742188	23.642513275146484
-23.332050323486328	3.7164745330810547
-9.44965934753418	3.036288022994995
-16.90496253967285	4.182090759277344
-24.455116271972656	4.606612205505371
-22.267047882080078	-2.388209819793701
-9.501321792602539	25.35802459716797
-12.321956634521484	14.647992134094238
-10.898530960083008	4.59183406829834
-10.838951110839844	8.20401668548584
-11.879919052124023	15.14631462097168
-17.77470588684082	-0.5402597784996033
-10.451489448547363	26.869157791137695
-20.229768753051758	14.666129112243652
-12.984283447265625	24.34097671508789
-5.568783283233643	14.239829063415527
-9.469202995300293	14.070929527282715
-6.780675411224365	13.358536720275879
-24.7363338470459	-1.3603265285491943
-23.90060806274414	12.08118724822998
-13.187694549560547	21.575088500976562
-20.335556030273438	14.426030158996582
-7.975316047668457	12.958943367004395
-19.33013153076172	-3.3630778789520264
-9.132362365722656	25.1910457611084
-10.394314765930176	22.151851654052734
-9.01699161529541	25.341421127319336
-13.975946426391602	22.46864891052246
-17.667327880859375	10.675918579101562
-16.775239944458008	20.003389358520508
-22.5421142578125	2.16228985786438
-23.086524963378906	10.271309852600098
-11.456685066223145	12.842816352844238
-21.62199592590332	-1.7052536010742188
-12.5879487991333	10.286042213439941
-3.8774993419647217	8.979674339294434
-16.16689682006836	-0.4318814277648926
-11.152238845825195	15.504996299743652
-8.893423080444336	9.130895614624023
-7.377781391143799	15.5853910446167
-18.452119827270508	9.84255599975586
-23.997787475585938	5.496870040893555
-18.88057518005371	7.485750198364258
-17.937450408935547	-0.8918320536613464
-24.235252380371094	6.420663833618164
-21.326820373535156	-3.2347114086151123
-17.95743179321289	14.560256958007812
-15.680729866027832	-2.678718328475952
-16.149799346923828	-1.9043864011764526
-24.27338409423828	15.443424224853516
-9.078789710998535	21.05071449279785
-16.007713317871094	2.56032395362854
-8.537772178649902	17.251012802124023
-12.860481262207031	26.03249168395996
-20.36687469482422	1.2433102130889893
-7.328631401062012	17.251035690307617
-21.14438819885254	14.575139045715332
-18.395862579345703	15.483723640441895
-20.833932876586914	11.552584648132324
-20.002403259277344	1.9228780269622803
-10.599827766418457	20.774614334106445
-22.652660369873047	11.810797691345215
-20.449857711791992	4.834346771240234
-19.32685661315918	0.2934630513191223
-15.212274551391602	20.846654891967773
-18.028223037719727	0.05404496192932129
-13.71326732635498	12.925965309143066
-17.940359115600586	0.06556791067123413
-20.74515724182129	-1.5291471481323242
-16.12875747680664	16.256393432617188
-18.876550674438477	-1.562548279762268
-7.989705562591553	14.559560775756836
-12.943094253540039	23.47745704650879
-23.649351119995117	14.897514343261719
-11.230518341064453	24.101675033569336
-10.243217468261719	2.9500629901885986
-17.327409744262695	14.328902244567871
-7.658596038818359	11.928906440734863
-9.765762329101562	25.090909957885742
-11.081674575805664	24.29770851135254
-17.445171356201172	10.353543281555176
-8.21545124053955	22.393362045288086
-20.41954803466797	1.7761640548706055
-16.66355323791504	-1.0527256727218628
-8.72725772857666	11.791004180908203
-22.087366104125977	10.094226837158203
-17.277019500732422	-1.662318468093872
-18.575862884521484	18.065757751464844
-18.74204444885254	16.104961395263672
-21.524707794189453	8.92578125
-16.1157169342041	23.213111877441406
-14.412787437438965	5.2456207275390625
-13.202150344848633	3.155393123626709
-12.600237846374512	14.143186569213867
-11.730549812316895	24.975435256958008
-9.33709716796875	24.257749557495117
-19.02776336669922	12.73146915435791
-21.10940170288086	-2.2543420791625977
-14.228878021240234	22.466379165649414
-15.262153625488281	21.906770706176758
-15.396244049072266	3.8646013736724854
-8.093568801879883	21.38399314880371
-9.256978034973145	13.576560020446777
-12.688985824584961	8.572392463684082
-14.239063262939453	-1.0151190757751465
-21.527090072631836	-4.821471214294434
-6.821834087371826	3.086812973022461
-6.181283473968506	5.4231672286987305
-6.809349060058594	13.653251647949219
-12.643556594848633	23.4769344329834
-7.489781856536865	12.497334480285645
-10.06374454498291	11.11868953704834
-15.797516822814941	17.641204833984375
-22.390016555786133	10.13560962677002
-4.282253265380859	9.851421356201172
-11.069430351257324	24.721921920776367
-22.94088363647461	10.483680725097656
-17.125391006469727	0.9652522802352905
-23.892229080200195	5.346198081970215
-4.656981468200684	5.484090805053711
-16.583715438842773	6.748232841491699
-9.25732421875	24.496484756469727
-6.616575241088867	14.176730155944824
-6.505918025970459	14.38598918914795
-15.181615829467773	16.4930477142334
-17.30879783630371	-2.168841600418091
-13.432605743408203	21.932035446166992
-7.208474159240723	13.44588565826416
-22.364187240600586	8.669939994812012
-11.906853675842285	10.726223945617676
-21.207687377929688	11.169626235961914
-19.37675666809082	-3.491211414337158
-8.076873779296875	12.534035682678223
-9.043904304504395	-0.5215215086936951
-8.175856590270996	7.942410469055176
-23.706111907958984	10.093096733093262
-14.416193962097168	17.95526885986328
-20.66800880432129	5.862342834472656
-19.79801368713379	15.736839294433594
-7.533165454864502	4.604809761047363
-24.301956176757812	11.170722007751465
-22.525999069213867	-1.425490140914917
-8.27088451385498	9.962052345275879
-9.259709358215332	18.42633628845215
-16.23512840270996	13.344667434692383
-7.993179798126221	14.782732963562012
-23.192155838012695	6.061822891235352
-7.920155048370361	15.400938987731934
-8.904457092285156	21.348291397094727
-16.258607864379883	3.670797348022461
-9.338191986083984	1.1433258056640625
-18.169281005859375	-5.81077766418457
-16.24092674255371	19.599306106567383
-8.40140151977539	22.44399070739746
-10.718901634216309	13.690539360046387
-18.26070213317871	-1.5548977851867676
-18.065675735473633	13.06269645690918
-19.699918746948242	13.119561195373535
-23.436302185058594	1.899296760559082
-19.332107543945312	-2.8232312202453613
-22.67780876159668	12.28909683227539
-14.759093284606934	3.387887477874756
-11.172135353088379	9.624165534973145
-7.181150436401367	10.281074523925781
-13.209213256835938	24.665346145629883
-6.3634514808654785	3.4591121673583984
-11.556831359863281	4.413821220397949
-15.101494789123535	3.7038047313690186
-11.164670944213867	13.356165885925293
-19.49285316467285	-2.9549851417541504
-9.065604209899902	9.8699951171875
-12.848834991455078	9.31003475189209
-22.905941009521484	5.436548233032227
-23.528085708618164	9.27664852142334
-24.64923858642578	9.052897453308105
-20.35198211669922	-6.783350944519043
-14.410819053649902	5.154358863830566
-13.060555458068848	4.875335693359375
-17.182147979736328	9.133624076843262
-21.373689651489258	4.610492706298828
-20.511716842651367	-0.8918855786323547
-4.135679244995117	8.584185600280762
-16.793270111083984	2.9810476303100586
-7.082864284515381	12.518855094909668
-7.903055191040039	13.087029457092285
-15.99606704711914	3.643240451812744
-19.757463455200195	0.8323351144790649
-15.818883895874023	14.525304794311523
-12.65693187713623	17.911481857299805
-22.045042037963867	-7.225057601928711
-21.097272872924805	-5.629151344299316
-13.108619689941406	3.9403254985809326
-23.110675811767578	5.014676094055176
-21.760705947875977	-5.312786102294922
-9.883026123046875	4.055915832519531
-14.13486385345459	21.77886390686035
-23.906740188598633	12.2111234664917
-22.658784866333008	-4.679304122924805
-10.455612182617188	23.997976303100586
-20.452184677124023	-1.7015146017074585
-18.240028381347656	2.449772834777832
-8.867358207702637	11.083735466003418
-17.466367721557617	18.46787452697754
-9.590852737426758	20.279600143432617
-10.306748390197754	2.9957706928253174
-4.376745223999023	12.063519477844238
-14.4827299118042	22.38885498046875
-5.891369342803955	8.363463401794434
-14.305538177490234	16.08342933654785
-14.821999549865723	4.591823577880859
-21.24203872680664	15.038653373718262
-21.319936752319336	-6.890637397766113
-12.086100578308105	4.331917762756348
-8.262041091918945	12.322665214538574
-16.66306495666504	14.96855354309082
-19.364717483520508	-6.271878242492676
-21.815624237060547	3.0824131965637207
-20.187517166137695	-5.808571815490723
-14.984888076782227	23.64338493347168
-16.489038467407227	5.666842460632324
-22.954797744750977	14.433362007141113
-9.203248977661133	2.8370018005371094
-19.149002075195312	14.928627014160156
-20.325214385986328	14.378440856933594
-10.06723403930664	18.441022872924805
-16.053993225097656	-1.4133663177490234
-22.268667221069336	-2.536660671234131
-22.584596633911133	-0.44644445180892944
-4.4513750076293945	9.617093086242676
-13.98059368133545	15.480639457702637
-24.3286190032959	3.2254316806793213
-8.111021041870117	19.831483840942383
-15.050642013549805	10.079360008239746
-21.657947540283203	15.500236511230469
-11.765108108520508	20.595182418823242
-10.588075637817383	3.464775323867798
-10.863890647888184	23.576026916503906
-17.067594528198242	-2.606656312942505
-12.925692558288574	-1.4426950216293335
-22.1070613861084	-4.110542297363281
-14.393749237060547	-0.4221513867378235
-12.04963207244873	9.079809188842773
-11.304361343383789	4.4372148513793945
-7.142800331115723	13.57071590423584
-13.978109359741211	9.96705150604248
-14.842874526977539	13.67867374420166
-6.747750282287598	12.24280071258545
-7.693325042724609	19.352479934692383
-8.31635856628418	9.553450584411621
-20.67876625061035	15.619425773620605
-9.244035720825195	22.381935119628906
-24.799001693725586	1.1861937046051025
-12.11350154876709	9.794367790222168
-12.102269172668457	21.860397338867188
-17.550331115722656	21.516246795654297
-11.828534126281738	10.004477500915527
-21.486705780029297	-5.008754730224609
-10.947793960571289	13.845438957214355
-10.666155815124512	21.433256149291992
-11.602608680725098	4.281414985656738
-23.635011672973633	4.28367805480957
-24.470643997192383	8.479721069335938
-14.858963012695312	13.243050575256348
-20.291175842285156	-0.4135318398475647
-14.86497974395752	-2.8178176879882812
-20.85443687438965	0.009036779403686523
-23.417526245117188	9.946842193603516
-18.253347396850586	-0.19079208374023438
-24.00533676147461	15.528401374816895
-11.332616806030273	21.20389747619629
-22.99296760559082	15.399977684020996
-12.947585105895996	2.18902587890625
-18.228544235229492	-1.894457221031189
-8.147933959960938	3.372668743133545
-13.920016288757324	-0.8647211790084839
-14.932950973510742	19.1610164642334
-13.807365417480469	24.335580825805664
-20.963619232177734	3.2872071266174316
-11.019510269165039	14.30918025970459
-10.168182373046875	23.468618392944336
-20.614553451538086	12.11137866973877
-4.5929975509643555	13.459528923034668
-20.43293571472168	12.390715599060059
-15.726241111755371	5.165772438049316
-25.43682861328125	3.752246618270874
-4.359215259552002	7.004573822021484
-15.365680694580078	-0.4115903377532959
-19.10515594482422	-6.461115837097168
-15.19608211517334	20.727256774902344
-23.705957412719727	12.621867179870605
-13.755448341369629	13.289776802062988
-21.76552391052246	1.6231328248977661
-19.798189163208008	3.068819522857666
-10.385377883911133	26.7523136138916
-8.008498191833496	19.51397705078125
-12.902812957763672	1.6758921146392822
-20.592472076416016	-0.4658798575401306
-22.86212730407715	5.493823051452637
-6.437943458557129	14.556292533874512
-13.848064422607422	19.556276321411133
-11.564444541931152	20.61560821533203
-4.070401668548584	11.803839683532715
-20.35402488708496	-3.7365434169769287
-7.055352210998535	14.603642463684082
-14.169261932373047	17.71512794494629
-13.753120422363281	20.969297409057617
-16.486970901489258	-1.836256504058838
-10.178491592407227	3.664433240890503
-8.246831893920898	16.75736427307129
-25.655073165893555	13.315254211425781
-21.257434844970703	9.010236740112305
-16.379287719726562	17.166967391967773
-13.543295860290527	-1.7791000604629517
-11.558399200439453	22.234060287475586
-10.2170991897583	24.03776741027832
-14.70223617553711	2.858469247817993
-8.263338088989258	10.836251258850098
-23.665241241455078	15.989052772521973
-16.934267044067383	6.420626640319824
-24.448562622070312	4.857537269592285
-7.211051940917969	10.016621589660645
-22.529117584228516	1.2821409702301025
-12.555461883544922	12.32675838470459
-23.514795303344727	-2.8513946533203125
-7.391876697540283	18.47812843322754
-6.283187389373779	4.391267776489258
-16.24234962463379	-5.9383344650268555
-15.610684394836426	19.285924911499023
-21.485822677612305	-0.2801271080970764
-14.086370468139648	3.251472234725952
-11.324944496154785	24.88971519470215
-4.67475700378418	9.242980003356934
-22.431610107421875	-0.3836718797683716
-22.52498435974121	6.940503120422363
-14.253666877746582	17.164043426513672
-8.608124732971191	20.106897354125977
-23.288349151611328	1.4213550090789795
-23.013246536254883	-5.1363630294799805
-11.97896957397461	4.563899993896484
-21.464384078979492	-1.6476316452026367
-20.626955032348633	-6.101239204406738
-5.329030513763428	6.927685737609863
-20.4437313079834	13.999998092651367
-20.293222427368164	-0.776880145072937
-13.25155258178711	-2.5134525299072266
-18.583656311035156	-0.3222178816795349
-18.478734970092773	13.427407264709473
-10.192787170410156	25.67115592956543
-11.223523139953613	23.529003143310547
-6.802361011505127	13.63477611541748
-19.18423080444336	10.277846336364746
-19.262083053588867	-2.241314172744751
-23.82791519165039	11.510552406311035
-15.312883377075195	20.878210067749023
-19.83449935913086	12.242609977722168
-11.533646583557129	25.640188217163086
-10.942234992980957	23.04655647277832
-9.116141319274902	7.368474006652832
-16.407276153564453	19.860942840576172
-10.630350112915039	2.1771416664123535
-8.25888729095459	11.269125938415527
-15.100269317626953	-1.8371837139129639
-18.52292251586914	16.163158416748047
-10.056160926818848	23.709548950195312
-9.239822387695312	26.350778579711914
-9.547077178955078	17.437265396118164
-7.51679801940918	11.639274597167969
-10.506267547607422	24.934146881103516
-16.616775512695312	20.98880386352539
-11.419782638549805	20.353404998779297
-4.286036491394043	13.167279243469238
-21.564058303833008	-7.414431571960449
-20.35028839111328	-1.9506614208221436
-17.6290283203125	0.6192564964294434
-23.48834800720215	-1.6438848972320557
-22.208139419555664	-1.863815188407898
-13.644116401672363	23.601272583007812
-22.303936004638672	0.20600295066833496
-6.612034320831299	10.798152923583984
-18.708026885986328	-1.2446365356445312
-9.599298477172852	3.8186376094818115
-19.26407241821289	12.689849853515625
-12.442910194396973	3.8047497272491455
-8.890135765075684	23.267892837524414
-7.586038589477539	17.324298858642578
-25.065032958984375	1.4093798398971558
-13.634989738464355	-0.1110498309135437
-10.11249828338623	17.436452865600586
-15.685585975646973	5.552003860473633
-20.13945770263672	-0.673743724822998
-15.915654182434082	-0.7721583843231201
-16.243501663208008	2.464336395263672
-17.16136932373047	1.982602834701538
-15.063841819763184	4.502521514892578
-16.010589599609375	18.42335319519043
-18.683670043945312	12.228926658630371
-20.12450408935547	13.55853271484375
-9.313193321228027	25.077707290649414
-18.267255783081055	-0.6133418083190918
-11.062281608581543	25.808143615722656
-16.523271560668945	14.680434226989746
-24.348344802856445	10.567591667175293
-12.756793022155762	0.7390168905258179
-20.532886505126953	12.005119323730469
-9.171842575073242	2.8722174167633057
-22.713151931762695	-0.5275710225105286
-20.50337791442871	0.9229065179824829
-22.70579719543457	9.79125690460205
-18.178319931030273	-6.969027519226074
-18.203344345092773	0.3827356696128845
-4.04440975189209	6.460173606872559
-18.859851837158203	1.4346154928207397
-16.810401916503906	16.666261672973633
-11.060521125793457	2.42199969291687
-13.77309513092041	4.600337982177734
-19.859437942504883	-1.3049622774124146
-15.825753211975098	-5.335842132568359
-23.238094329833984	0.53841233253479
-16.040668487548828	20.733415603637695
-12.258255004882812	22.66073989868164
-22.16011619567871	-5.57186222076416
-23.786476135253906	14.650209426879883
-24.510238647460938	-1.7048883438110352
-14.713972091674805	16.849031448364258
-14.972399711608887	8.307845115661621
-15.859621047973633	-2.978508710861206
-20.862390518188477	2.6156904697418213
-22.671873092651367	2.0850415229797363
-19.451061248779297	10.330288887023926
-18.8726863861084	5.958864212036133
-17.072750091552734	13.96898365020752
-11.599010467529297	3.3220269680023193
-12.874946594238281	4.826525688171387
-12.848827362060547	9.75841236114502
-12.15289306640625	16.37891960144043
-11.60557746887207	15.093914985656738
-14.550431251525879	-1.3097589015960693
-15.288681983947754	3.7108798027038574
-11.782638549804688	18.422128677368164
-18.868898391723633	-0.037261784076690674
-11.781970024108887	24.177459716796875
-11.174848556518555	4.521825790405273
-22.981590270996094	-5.998331069946289
-21.452585220336914	-2.863213062286377
-11.42789077758789	26.52010154724121
-13.416461944580078	-1.65941321849823
-9.931538581848145	13.77131175994873
-10.4736967086792	3.400224208831787
-4.860546112060547	11.595959663391113
-21.187101364135742	12.874654769897461
-20.6131591796875	13.81560230255127
-18.994525909423828	6.9444379806518555
-8.308523178100586	3.0741331577301025
-18.791730880737305	-5.9439897537231445
-12.28990364074707	24.875755310058594
-8.387734413146973	6.342992782592773
-21.1389102935791	-0.7774516344070435
-7.330972194671631	6.094202995300293
-21.227750778198242	11.350061416625977
-23.44573211669922	12.741918563842773
-16.058738708496094	22.842599868774414
-17.858259201049805	7.33473014831543
-21.25165367126465	12.48021411895752
-7.431191921234131	3.076726198196411
-10.299325942993164	24.01970100402832
-19.530500411987305	12.435211181640625
-8.785585403442383	7.139998435974121
-14.696929931640625	22.648006439208984
-18.148221969604492	-2.4572901725769043
-19.85758399963379	9.537686347961426
-20.681781768798828	6.1351165771484375
-7.5243306159973145	5.0021209716796875
-17.20993995666504	-0.20325642824172974
-11.428058624267578	4.006412506103516
-19.95653533935547	9.935566902160645
-23.43724822998047	-3.0333614349365234
-22.3146915435791	9.500842094421387
-22.566837310791016	14.558701515197754
-24.06730842590332	10.091485023498535
-15.992424964904785	19.974992752075195
-9.819960594177246	26.806547164916992
-8.800678253173828	17.727495193481445
-14.489505767822266	14.378876686096191
-25.467588424682617	3.7606379985809326
-23.52338981628418	0.13917317986488342
-15.346359252929688	12.137162208557129
-16.92429542541504	-0.9814614057540894
-12.660117149353027	23.50016975402832
-24.65380859375	7.311537742614746
-19.07912826538086	3.1231749057769775
-14.878311157226562	5.620671272277832
-14.396703720092773	24.81037139892578
-10.78368091583252	3.3853423595428467
-12.383445739746094	22.139081954956055
-16.979381561279297	12.398211479187012
-20.61118507385254	-1.4032297134399414
-22.09345245361328	-1.976508617401123
-23.079328536987305	3.4186413288116455
-17.468891143798828	-6.552707672119141
-8.057080268859863	9.146574974060059
-9.840043067932129	3.835907220840454
-6.2663774490356445	14.124358177185059
-18.248157501220703	16.514507293701172
-11.149751663208008	9.912985801696777
-7.584944725036621	12.407204627990723
-19.009984970092773	-6.840669631958008
-14.85135555267334	18.974313735961914
-12.73351001739502	7.241661071777344
-15.69808578491211	15.562102317810059
-5.008819103240967	5.233560562133789
-14.292778015136719	15.130452156066895
-9.043242454528809	18.7557430267334
-21.100086212158203	8.160755157470703
-21.703895568847656	2.5196638107299805
-17.342092514038086	2.037644624710083
-7.430852890014648	14.36931324005127
-13.556251525878906	21.45988655090332
-9.112940788269043	2.5914604663848877
-10.219229698181152	19.292057037353516
-8.849958419799805	19.32462501525879
-8.242508888244629	20.509597778320312
-16.672433853149414	11.841318130493164
-24.8602352142334	13.44651985168457
-15.426539421081543	-3.699427843093872
-18.669572830200195	8.751959800720215
-8.399423599243164	18.276750564575195
-20.3591251373291	9.607708930969238
-11.063029289245605	22.578672409057617
-11.078534126281738	19.40753746032715
-18.079730987548828	7.90181827545166
-10.563854217529297	4.668787956237793
-10.569502830505371	24.78040885925293
-13.841106414794922	20.69947624206543
-14.605615615844727	-1.8170819282531738
-21.132883071899414	13.71888542175293
-16.814434051513672	8.792941093444824
-22.269777297973633	1.847754955291748
-3.3036932945251465	9.695202827453613
-18.341331481933594	8.717955589294434
-14.302003860473633	4.674694061279297
-22.843355178833008	2.1586296558380127
-10.891780853271484	6.307312965393066
-16.550552368164062	-3.3736965656280518
-17.406211853027344	2.2266738414764404
-8.733318328857422	2.7435169219970703
-9.910335540771484	25.96310043334961
-7.317837715148926	10.74286937713623
-16.414945602416992	8.536201477050781
-17.200654983520508	8.093992233276367
-10.91355037689209	3.2351160049438477
-8.993632316589355	9.997109413146973
-16.68465232849121	3.0567688941955566
-12.025466918945312	12.560208320617676
-11.554351806640625	4.922355651855469
-14.026398658752441	24.601320266723633
-4.729618072509766	5.681887626647949
-16.811471939086914	10.790587425231934
-18.720409393310547	8.861641883850098
-22.784852981567383	-2.90162992477417
-14.496859550476074	13.821489334106445
-21.86892318725586	11.437154769897461
-13.007431983947754	26.24203109741211
-23.250415802001953	-3.4351694583892822
-18.816287994384766	-0.38049888610839844
-9.88614559173584	20.085988998413086
-8.285417556762695	20.970687866210938
-23.13848304748535	-1.4482038021087646
-5.883495330810547	13.47981071472168
-9.415897369384766	3.596799612045288
-20.121118545532227	6.595889091491699
-22.05986213684082	5.386749267578125
-21.96849822998047	16.15242576599121
-8.244298934936523	3.2800815105438232
-12.451103210449219	19.894758224487305
-13.202823638916016	-1.2370548248291016
-5.453885555267334	3.5247983932495117
-23.72468376159668	-2.708814859390259
-15.71522045135498	13.652610778808594
-22.84958839416504	1.3333415985107422
-23.152191162109375	9.991206169128418
-14.735645294189453	5.281167030334473
-20.09926414489746	14.136470794677734
-23.56451988220215	16.381879806518555
-21.32499885559082	-1.4666627645492554
-9.619100570678711	20.87543296813965
-15.505953788757324	-0.485859751701355
-12.514233589172363	17.628582000732422
-12.018301010131836	2.924314022064209
-11.21306037902832	21.955888748168945
-12.264031410217285	14.864794731140137
-18.475038528442383	-0.17830878496170044
-12.593047142028809	25.44776725769043
-9.889976501464844	24.566991806030273
-12.722541809082031	5.257793426513672
-11.856521606445312	24.824697494506836
-20.317550659179688	-6.573390007019043
-19.122661590576172	-1.0184309482574463
-16.51335334777832	-1.6313258409500122
-7.609833240509033	13.132159233093262
-13.844411849975586	3.6514928340911865
-20.07568359375	-1.3143244981765747
-18.51017189025879	-1.6511151790618896
-15.882781028747559	22.598102569580078
-4.3029327392578125	6.5877227783203125
-17.78481674194336	16.224437713623047
-7.9573187828063965	11.743687629699707
-21.861356735229492	9.081732749938965
-23.67181968688965	11.198101997375488
-22.5576171875	14.321270942687988
-16.93954086303711	-4.015151023864746
-13.056120872497559	4.9925384521484375
-9.289785385131836	22.1972599029541
-16.753875732421875	20.28957176208496
-11.45879077911377	25.671178817749023
-6.895820617675781	13.87652587890625
-8.575529098510742	11.379912376403809
-17.906082153320312	-1.833634376525879
-9.100767135620117	22.814905166625977
-6.082673072814941	15.310734748840332
-9.35016918182373	19.690641403198242
-5.325058460235596	14.212065696716309
-19.58493995666504	-2.548896312713623
-14.233015060424805	22.899072647094727
-9.417030334472656	13.137604713439941
-8.363471984863281	3.119070529937744
-18.19844627380371	0.19913393259048462
-24.005680084228516	13.08700942993164
-17.230966567993164	0.11257004737854004
-11.662586212158203	24.515810012817383
-10.467637062072754	25.63214874267578
-20.34686851501465	-2.0017995834350586
-18.87360954284668	9.784010887145996
-18.57154083251953	-7.3408308029174805
-18.656675338745117	14.423287391662598
-15.892598152160645	-1.7932591438293457
-22.973403930664062	-1.4617469310760498
-17.918670654296875	2.4888908863067627
-17.96292495727539	17.213722229003906
-17.15073013305664	8.213581085205078
-10.500361442565918	9.284489631652832
-11.781360626220703	25.11756706237793
-11.56842041015625	17.81010627746582
-25.840967178344727	-2.966655969619751
-22.026416778564453	15.049798965454102
-18.312795639038086	15.523170471191406
-12.537952423095703	4.9259538650512695
-17.61639976501465	-0.029909610748291016
-11.88492202758789	4.244362831115723
-21.079099655151367	1.4780514240264893
-23.303401947021484	5.510943412780762
-16.01755714416504	-0.6496879458427429
-21.701108932495117	7.132242202758789
-21.328866958618164	-1.4607712030410767
-22.188949584960938	10.209851264953613
-23.76858901977539	0.6356006264686584
-13.845526695251465	19.193538665771484
-24.2647762298584	16.07403564453125
-9.874195098876953	2.4064438343048096
-22.793981552124023	-5.372562408447266
-11.809836387634277	5.332292556762695
-18.703536987304688	0.5214849710464478
-13.83489990234375	5.677233695983887
-17.128437042236328	-5.378091812133789
-8.179058074951172	20.01002311706543
-13.779272079467773	12.560172080993652
-20.560537338256836	-3.6714117527008057
-23.99024200439453	-2.0955886840820312
-22.159570693969727	1.9141149520874023
-13.444862365722656	4.788702964782715
-23.920312881469727	5.455251693725586
-7.498651027679443	14.056488990783691
-11.327178955078125	26.06791114807129
-10.502788543701172	24.361379623413086
-9.283232688903809	18.627408981323242
-4.846144676208496	6.36151123046875
-9.732292175292969	12.21669864654541
-11.556595802307129	20.427396774291992
-12.632702827453613	0.013328492641448975
-16.17245101928711	1.0075961351394653
-8.511009216308594	9.996231079101562
-12.340185165405273	0.7399650812149048
-19.687223434448242	-1.7347352504730225
-7.81894063949585	7.855480194091797
-12.531240463256836	20.110307693481445
-13.201882362365723	21.162378311157227
-12.302266120910645	3.226482391357422
-22.193017959594727	10.132312774658203
-13.733803749084473	3.302675247192383
-16.276309967041016	7.072986602783203
-7.484017848968506	12.585198402404785
-16.928510665893555	0.022211968898773193
-10.302862167358398	-0.4045698046684265
-17.88418960571289	-0.8997133374214172
-16.583019256591797	2.981928825378418
-22.380298614501953	7.758321762084961
-11.57070541381836	12.561646461486816
-20.24394416809082	-4.112725257873535
-10.460830688476562	8.672133445739746
-14.966607093811035	14.828662872314453
-12.868082046508789	13.088245391845703
-16.79560089111328	10.917060852050781
-8.64918327331543	12.657404899597168
-11.664501190185547	4.686505317687988
-19.974897384643555	-2.305649757385254
-12.394103050231934	20.357986450195312
-14.910902976989746	-1.6168954372406006
-20.080041885375977	17.442834854125977
-15.651570320129395	-0.9004496932029724
-3.980217695236206	8.67320728302002
-8.473341941833496	3.451561212539673
-9.007683753967285	24.300153732299805
-6.872392177581787	14.1003999710083
-14.832250595092773	25.643333435058594
-12.543228149414062	21.678892135620117
-24.75318717956543	5.050961494445801
-8.649139404296875	8.604508399963379
-10.307305335998535	25.168272018432617
-22.293987274169922	-0.8859748244285583
-15.328893661499023	21.75098419189453
-9.248727798461914	19.1507625579834
-15.855733871459961	2.822827100753784
-9.196561813354492	17.965675354003906
-24.09815788269043	7.769824028015137
-22.478174209594727	12.926279067993164
-14.493868827819824	-1.3549139499664307
-6.276400566101074	13.74364185333252
-13.459423065185547	3.981266736984253
-14.630974769592285	12.029644966125488
-11.840764045715332	23.8903751373291
-24.053125381469727	11.613390922546387
-13.307312965393066	-1.205735445022583
-19.120975494384766	-6.896324157714844
-8.29271125793457	12.34070110321045
-10.066953659057617	23.506458282470703
-15.34199047088623	3.0829179286956787
-26.1378231048584	-1.9337575435638428
-13.8627347946167	4.580698013305664
-19.824186325073242	17.410459518432617
-21.592987060546875	1.824794054031372
-17.725208282470703	2.3197290897369385
-23.376346588134766	2.0974338054656982
-12.936727523803711	-3.45696759223938
-9.211496353149414	20.3895320892334
-9.007378578186035	22.364709854125977
-7.442652225494385	3.893568754196167
-7.133877277374268	10.964444160461426
-22.077892303466797	-3.186868190765381
-8.924430847167969	22.266469955444336
-17.24464225769043	2.0736446380615234
-8.461111068725586	9.388648986816406
-8.807010650634766	7.964149475097656
-14.174460411071777	4.997445106506348
-10.588866233825684	4.058269500732422
-7.544177055358887	18.79834747314453
-12.222538948059082	19.537691116333008
-23.488203048706055	6.362963676452637
-9.217997550964355	22.052000045776367
-17.826711654663086	-6.260319709777832
-8.752175331115723	22.553518295288086
-17.939096450805664	19.82618522644043
-14.06541633605957	17.530771255493164
-11.94085693359375	8.16934871673584
-9.3097505569458	24.453168869018555
-23.077062606811523	15.198447227478027
-22.955419540405273	2.7989611625671387
-6.880948066711426	11.36893081665039
-9.300074577331543	25.104633331298828
-8.66861343383789	12.425734519958496
-15.520068168640137	2.8476710319519043
-9.90601634979248	10.917445182800293
-9.823935508728027	24.693281173706055
-12.718803405761719	19.4346866607666
-14.657535552978516	25.40349006652832
-21.82085418701172	5.484084129333496
-17.922773361206055	-0.02245795726776123
-15.695427894592285	22.19938850402832
-5.875074863433838	17.66845703125
-8.485347747802734	22.468847274780273
-24.371000289916992	5.513289451599121
-14.605978965759277	5.252315521240234
-7.035788536071777	10.393683433532715
-9.249545097351074	8.40146541595459
-19.72262954711914	-2.1698641777038574
-21.385473251342773	-2.4300265312194824
-24.231388092041016	-2.3729805946350098
-24.37110137939453	3.2368404865264893
-8.909810066223145	19.734155654907227
-25.03835105895996	14.349909782409668
-9.329919815063477	3.5537452697753906
-12.031869888305664	24.247983932495117
-9.805795669555664	10.116657257080078
-22.421030044555664	9.848793029785156
-6.438431262969971	15.067198753356934
-6.7194132804870605	13.83830738067627
-7.59885835647583	13.271210670471191
-14.361048698425293	20.738731384277344
-10.202829360961914	23.187002182006836
-22.654985427856445	2.7694129943847656
-11.999685287475586	4.258994102478027
-22.8096981048584	0.019597798585891724
-22.851388931274414	6.992626190185547
-6.825686454772949	13.906485557556152
-11.423796653747559	12.101395606994629
-16.713632583618164	0.09498870372772217
-9.833694458007812	15.81993579864502
-11.292675971984863	21.76779556274414
-11.816158294677734	7.0576887130737305
-13.729538917541504	4.788341522216797
-22.085481643676758	-0.5421556234359741
-25.09772300720215	13.223288536071777
-12.015323638916016	24.061052322387695
-12.464020729064941	4.333984375
-16.646631240844727	9.061078071594238
-24.861019134521484	13.509416580200195
-9.910942077636719	26.217844009399414
-9.323789596557617	20.45084571838379
-10.87763786315918	7.553271293640137
-15.275527954101562	-1.2131710052490234
-12.933639526367188	3.0256874561309814
-14.85750961303711	4.891836166381836
-7.265106678009033	12.023518562316895
-19.603134155273438	7.653231620788574
-8.639936447143555	9.214913368225098
-15.687966346740723	21.308725357055664
-13.547968864440918	2.93031907081604
-10.678295135498047	-1.3824139833450317
-10.099087715148926	23.64951515197754
-23.992155075073242	10.126752853393555
-21.979398727416992	14.356497764587402
-16.95635223388672	-1.132551670074463
-17.904115676879883	-7.436440467834473
-15.422464370727539	3.7279305458068848
-22.80192756652832	9.45461654663086
-16.085678100585938	-0.642652153968811
-17.5773983001709	21.90514373779297
-17.913175582885742	17.72066879272461
-13.823230743408203	4.260771751403809
-9.47735595703125	8.252474784851074
-10.748916625976562	12.871954917907715
-17.697603225708008	2.165059804916382
-6.593969345092773	17.838346481323242
-22.82697868347168	-2.457165241241455
-15.970525741577148	2.657834529876709
-18.691043853759766	6.101535797119141
-9.271428108215332	4.290884017944336
-10.026097297668457	5.732324600219727
-15.146820068359375	3.175175905227661
-11.581136703491211	21.6023006439209
-7.430906772613525	21.084848403930664
-17.881208419799805	17.244037628173828
-13.371238708496094	12.459403038024902
-10.416471481323242	24.967737197875977
-13.731354713439941	8.646193504333496
-12.103083610534668	22.33030128479004
-20.541296005249023	12.743088722229004
-7.564357280731201	13.288500785827637
-8.301289558410645	14.071051597595215
-7.207269191741943	12.306310653686523
-12.154903411865234	19.5867919921875
-23.890764236450195	2.1356146335601807
-14.235001564025879	-2.2839009761810303
-10.130877494812012	5.647933006286621
-3.034982204437256	7.366605758666992
-21.784273147583008	11.184229850769043
-11.063643455505371	24.472829818725586
-16.734477996826172	3.9466006755828857
-22.73286247253418	9.929818153381348
-15.226847648620605	6.899587631225586
-19.417415618896484	15.63031005859375
-25.533117294311523	11.491730690002441
-20.262248992919922	16.302127838134766
-16.529552459716797	-2.8999321460723877
-24.0316162109375	1.6705495119094849
-12.511860847473145	4.1409912109375
-9.806159973144531	24.452682495117188
-12.955879211425781	12.910689353942871
-11.406867027282715	4.371428489685059
-8.803963661193848	22.35503578186035
-11.481454849243164	24.404394149780273
-9.448441505432129	5.346158027648926
-7.900177478790283	15.881075859069824
-13.60079288482666	24.644460678100586
-23.2562313079834	8.537116050720215
-24.622507095336914	14.0042142868042
-12.698529243469238	24.12050437927246
-13.779056549072266	4.984014511108398
-12.118814468383789	11.961129188537598
-9.487936019897461	25.473360061645508
-15.398416519165039	19.556568145751953
-9.870445251464844	24.528532028198242
-23.0201416015625	17.217580795288086
-11.1721773147583	4.329476356506348
-17.25315284729004	-3.4637715816497803
-16.14409637451172	-2.3349826335906982
-7.199890613555908	14.023491859436035
-17.489986419677734	0.5425595045089722
-5.51743221282959	15.18282699584961
-13.639104843139648	16.95753288269043
-16.09074592590332	-2.8107080459594727
-21.40117073059082	1.9902801513671875
-21.12870979309082	-5.766129493713379
-17.336776733398438	19.664634704589844
-8.570720672607422	12.795746803283691
-11.726522445678711	23.742233276367188
-23.339778900146484	11.213393211364746
-19.20546531677246	15.88123607635498
-7.665248870849609	11.04955768585205
-14.577768325805664	17.193931579589844
-24.54608154296875	8.584952354431152
-10.184460639953613	24.600114822387695
-18.033159255981445	-2.3610923290252686
-13.481392860412598	11.267991065979004
-16.934452056884766	14.097649574279785
-16.527509689331055	-1.080124855041504
-24.545900344848633	9.966071128845215
-9.664352416992188	19.6114444732666
-9.525664329528809	24.493518829345703
-3.394962787628174	9.641950607299805
-13.110445976257324	21.881574630737305
-18.429597854614258	-1.4541993141174316
-20.00727653503418	-6.641811370849609
-22.408178329467773	0.5799562335014343
-9.183208465576172	24.19710350036621
-13.387198448181152	-1.2228665351867676
-14.273122787475586	18.7681941986084
-6.991326808929443	18.787282943725586
-19.94599151611328	-3.4474809169769287
-12.210047721862793	15.747920036315918
-18.353271484375	18.148151397705078
-17.946857452392578	11.927287101745605
-14.149270057678223	20.170045852661133
-18.570940017700195	1.4274201393127441
-13.725971221923828	5.3304643630981445
-8.144404411315918	13.398110389709473
-12.567167282104492	17.68915367126465
-9.35505199432373	2.9844155311584473
-16.21735954284668	-0.7533513903617859
-22.568105697631836	12.941352844238281
-5.599408149719238	8.08576774597168
-14.920523643493652	21.66448974609375
-9.637115478515625	8.41991138458252
-16.530433654785156	19.725021362304688
-19.433786392211914	-5.463883399963379
-6.442547798156738	11.937641143798828
-9.112079620361328	24.692712783813477
-8.611251831054688	8.287491798400879
-23.057836532592773	5.965553283691406
-16.26165199279785	4.081424713134766
-22.665788650512695	12.211328506469727
-9.435128211975098	17.577472686767578
-12.824446678161621	4.427533149719238
-18.275928497314453	-3.1771397590637207
-13.228845596313477	20.998559951782227
-21.297536849975586	-4.241669654846191
-19.901113510131836	2.1559011936187744
-20.274988174438477	-2.759732484817505
-17.638872146606445	18.295082092285156
-21.2924861907959	1.7314507961273193
-13.502734184265137	12.300681114196777
-15.909521102905273	0.8371536731719971
-9.166787147521973	24.43583106994629
-15.460453033447266	7.897729873657227
-9.515356063842773	21.36874008178711
-21.438230514526367	-6.565563201904297
-16.102291107177734	2.8128182888031006
-9.863626480102539	26.11867332458496
-19.751859664916992	0.1402449607849121
-12.128535270690918	25.980178833007812
-7.345648765563965	16.421716690063477
-7.5158257484436035	15.001032829284668
-17.40773582458496	-1.7941648960113525
-22.279754638671875	-4.397207260131836
-22.889493942260742	-6.110541343688965
-8.612334251403809	23.85106086730957
-9.894245147705078	3.554586410522461
-12.970453262329102	20.891653060913086
-19.039419174194336	-6.7804155349731445
-22.144777297973633	1.1788783073425293
-7.3590006828308105	15.9876070022583
-20.354135513305664	-1.7674038410186768
-24.22313117980957	-1.3886440992355347
-17.912067413330078	-3.9096198081970215
-12.039800643920898	25.899015426635742
-10.524825096130371	4.790401458740234
-13.691774368286133	5.250995635986328
-8.689720153808594	16.032224655151367
-10.530760765075684	24.98222541809082
-10.372286796569824	4.2289323806762695
-9.780948638916016	15.533341407775879
-20.840251922607422	-2.332871913909912
-23.042604446411133	11.682497024536133
-16.3873348236084	-1.1518020629882812
-25.214500427246094	5.848560333251953
-9.26446533203125	17.373065948486328
-12.583855628967285	4.715579032897949
-21.750551223754883	-4.755411148071289
-14.311153411865234	21.082931518554688
-20.389888763427734	17.549503326416016
-11.307657241821289	4.535058975219727
-6.433994293212891	13.736334800720215
-18.633848190307617	10.346232414245605
-8.494250297546387	22.10481834411621
-15.749093055725098	-2.4395816326141357
-23.396713256835938	14.089564323425293
-17.009998321533203	14.24316120147705
-23.8918399810791	7.103069305419922
-21.127031326293945	-1.1901553869247437
-21.073362350463867	-0.20856846868991852
-20.26343536376953	-3.381247043609619
-24.316848754882812	4.054308891296387
-12.44845962524414	12.228835105895996
-19.597822189331055	-2.1262693405151367
-11.014883041381836	12.7269926071167
-21.677249908447266	0.28766435384750366
-17.45709800720215	14.620850563049316
-17.09908103942871	2.8114614486694336
-22.565149307250977	14.887852668762207
-18.03679656982422	8.809077262878418
-9.442069053649902	4.425280570983887
-21.28750991821289	-6.516661643981934
-4.636085510253906	14.531968116760254
-13.913819313049316	22.08978843688965
-22.34032440185547	-5.236388206481934
-21.688888549804688	10.852083206176758
-15.45688247680664	-2.8265764713287354
-19.975421905517578	18.302146911621094
-23.822959899902344	2.322991371154785
-4.010380268096924	9.123127937316895
-7.313849925994873	15.966025352478027
-16.712554931640625	2.4791855812072754
-6.922943115234375	13.326170921325684
-7.498917102813721	15.798686027526855
-18.008455276489258	-1.0399677753448486
-13.655657768249512	4.467591285705566
-22.080718994140625	8.731973648071289
-11.866937637329102	15.320708274841309
-13.23201847076416	21.733640670776367
-8.415531158447266	13.911541938781738
-18.39862060546875	13.799568176269531
-5.648907661437988	6.186833381652832
-4.659952640533447	13.397497177124023
-20.534597396850586	-0.5880867838859558
-13.184325218200684	-0.7643003463745117
-15.961835861206055	13.338007926940918
-19.433435440063477	7.9434099197387695
-5.660891532897949	4.812215805053711
-23.73389434814453	-1.7196218967437744
-23.536230087280273	1.7885444164276123
-16.57417869567871	-3.324036121368408
-21.636594772338867	8.71528148651123
-10.266874313354492	16.392316818237305
-11.186433792114258	21.05717658996582
-9.515031814575195	23.9752254486084
-3.8223960399627686	11.877731323242188
-7.816835880279541	12.67230224609375
-9.18698787689209	23.21694564819336
-8.497591972351074	8.954668998718262
-13.930723190307617	-1.7868530750274658
-24.75103759765625	-3.9713282585144043
-19.33561134338379	-7.107169151306152
-12.562698364257812	12.453564643859863
-23.289390563964844	5.682734489440918
-13.4529447555542	16.100461959838867
-23.547903060913086	-1.6609585285186768
-14.195733070373535	24.048677444458008
-12.652912139892578	2.9418423175811768
-26.974273681640625	5.002450942993164
-24.45880889892578	10.079124450683594
-11.339628219604492	4.376491546630859
-22.196123123168945	13.33928108215332
-15.084396362304688	17.020170211791992
-19.789581298828125	-6.607882499694824
-23.556812286376953	13.753732681274414
-24.515798568725586	0.41524696350097656
-9.156511306762695	4.577082633972168
-13.102352142333984	23.69940757751465
-21.831689834594727	13.67530632019043
-6.647353649139404	13.593310356140137
-7.511087894439697	20.944686889648438
-23.684907913208008	-4.2285661697387695
-16.008358001708984	17.493677139282227
-24.964946746826172	-0.6522151231765747
-16.425670623779297	9.91775894165039
-21.423124313354492	-2.6617839336395264
-8.997523307800293	23.979005813598633
-20.53719139099121	-0.871379017829895
-13.850478172302246	17.3093318939209
-16.003416061401367	23.084657669067383
-18.099855422973633	1.2361681461334229
-10.64950180053711	20.22715950012207
-9.570323944091797	7.441889762878418
-10.329767227172852	24.395177841186523
-5.961719989776611	3.0972607135772705
-15.631840705871582	5.149035453796387
-18.251855850219727	-0.7712827324867249
-20.443422317504883	9.579519271850586
-14.890907287597656	11.31419563293457
-11.08914852142334	9.41362190246582
-8.781123161315918	2.4698307514190674
-7.76348352432251	16.866397857666016
-21.319374084472656	-1.8101768493652344
-15.234057426452637	6.07169246673584
-11.444079399108887	22.292612075805664
-9.582500457763672	25.541217803955078
-14.62610912322998	22.837968826293945
-15.058231353759766	2.829256534576416
-9.608538627624512	26.62127685546875
-21.431764602661133	9.083422660827637
-9.113604545593262	21.091066360473633
-6.709792613983154	4.931748390197754
-17.962783813476562	8.384337425231934
-5.567519187927246	17.514081954956055
-9.635120391845703	22.013994216918945
-22.238948822021484	15.927830696105957
-18.41119956970215	-1.7661226987838745
-20.572507858276367	-6.876676559448242
-14.688482284545898	19.756593704223633
-12.720149993896484	25.39741325378418
-20.0242862701416	16.29932403564453
-9.806831359863281	23.272024154663086
-22.1324405670166	9.966362953186035
-23.682952880859375	14.365155220031738
-23.654394149780273	-2.702630043029785
-21.519041061401367	-0.7205837368965149
-10.978139877319336	-1.2827346324920654
-7.061627388000488	17.468603134155273
-12.63237476348877	-0.2799886465072632
-22.333404541015625	2.8452274799346924
-18.622760772705078	8.72248363494873
-5.902716636657715	13.919210433959961
-9.879046440124512	4.130120277404785
-9.672775268554688	21.03880500793457
-16.41575813293457	-5.954835891723633
-17.170930862426758	8.7205171585083
-18.693742752075195	5.684333801269531
-19.213993072509766	-2.338115930557251
-16.560604095458984	8.191888809204102
-9.517807006835938	2.8758294582366943
-21.501752853393555	13.623190879821777
-13.704549789428711	20.203105926513672
-13.262323379516602	17.162086486816406
-11.545594215393066	4.186595916748047
-22.152883529663086	-0.5051103830337524
-11.951995849609375	3.791635274887085
-24.862586975097656	0.23127466440200806
-7.930163383483887	1.9249987602233887
-12.170100212097168	4.2446088790893555
-24.744281768798828	-0.29858922958374023
-11.865276336669922	19.8006649017334
-12.351526260375977	14.324841499328613
-16.286184310913086	18.48490333557129
-21.181154251098633	-2.9395034313201904
-17.715974807739258	-1.585106372833252
-6.06633996963501	11.923447608947754
-10.13687515258789	9.833598136901855
-15.361156463623047	-0.5107315182685852
-18.27483558654785	9.574023246765137
-7.908546447753906	17.38446617126465
-23.555917739868164	-0.5966190695762634
-23.657821655273438	2.6003763675689697
-15.029861450195312	2.798367977142334
-20.99046516418457	-2.844803810119629
-18.073219299316406	-2.1651339530944824
-14.205702781677246	5.212960243225098
-17.417251586914062	-2.189148426055908
-14.37163257598877	5.205079078674316
-17.27303695678711	-1.8163195848464966
-7.2399163246154785	17.952268600463867
-18.145160675048828	-6.600225448608398
-8.329217910766602	21.402502059936523
-10.639591217041016	18.500913619995117
-10.76125431060791	0.16408658027648926
-6.288045406341553	4.875120162963867
-11.766257286071777	4.610218048095703
-23.217912673950195	3.5683867931365967
-25.486040115356445	7.190555572509766
-12.900182723999023	-0.28893864154815674
-7.052573204040527	15.640955924987793
-24.92015266418457	13.83814525604248
-21.689302444458008	-2.0044569969177246
-9.295282363891602	22.116243362426758
-10.940868377685547	-3.373933792114258
-6.773532867431641	13.327027320861816
-7.258060932159424	16.0260066986084
-9.595205307006836	20.683584213256836
-11.644898414611816	4.202775001525879
-5.134855270385742	16.150495529174805
-19.167190551757812	-0.17887991666793823
-8.991963386535645	3.1765758991241455
-8.191908836364746	18.880712509155273
-4.163488864898682	5.610509872436523
-13.027602195739746	-1.9140843152999878
-11.869723320007324	6.8743896484375
-16.861417770385742	-3.9854722023010254
-8.845270156860352	3.201727867126465
-22.615798950195312	11.296744346618652
-24.218793869018555	14.8644437789917
-8.785325050354004	14.510095596313477
-12.074872016906738	24.300947189331055
-10.105690002441406	26.789339065551758
-12.470039367675781	27.1219425201416
-7.7307329177856445	17.408735275268555
-24.380205154418945	-3.617359161376953
-8.213022232055664	12.729212760925293
-20.881437301635742	-3.5714163780212402
-19.73012351989746	-0.4152412414550781
-23.461833953857422	1.8525946140289307
-20.66004753112793	-5.71468448638916
-6.489316463470459	12.06284236907959
-17.005889892578125	-0.13337349891662598
-23.946928024291992	13.183603286743164
-18.928882598876953	5.948322296142578
-16.978675842285156	-2.7475078105926514
-21.275054931640625	-3.5696213245391846
-9.60461139678955	13.246969223022461
-9.308441162109375	8.976424217224121
-9.98061466217041	23.859140396118164
-15.55966567993164	12.319374084472656
-17.97819709777832	0.6391627788543701
-7.231792449951172	5.720098495483398
-15.977330207824707	7.504526138305664
-20.476285934448242	4.106538772583008
-22.788198471069336	2.851543426513672
-10.205083847045898	25.935155868530273
-21.976604461669922	14.902606010437012
-24.448577880859375	-3.245493173599243
-21.693405151367188	-4.124857425689697
-24.3165283203125	14.037408828735352
-8.764116287231445	20.939775466918945
-20.70406150817871	2.1788880825042725
-11.770591735839844	21.46529769897461
-22.206287384033203	14.506068229675293
-9.177313804626465	2.8437297344207764
-21.846981048583984	-5.803433418273926
-11.426142692565918	7.248045921325684
-20.56007194519043	-4.330225944519043
-9.307271957397461	15.886603355407715
-17.53919792175293	2.5395419597625732
-10.141312599182129	12.60307788848877
-16.640911102294922	-2.0332984924316406
-23.49443244934082	11.400896072387695
-12.333580017089844	4.183479309082031
-15.331446647644043	5.517383575439453
-15.492166519165039	-5.321667671203613
-17.93135643005371	-6.254251480102539
-11.79025936126709	24.573118209838867
-10.402512550354004	2.6278343200683594
-8.272473335266113	22.053014755249023
-7.886830806732178	19.78855323791504
-7.446591854095459	11.915030479431152
-21.65480613708496	-3.779463052749634
-13.470245361328125	9.970026969909668
-15.487101554870605	6.304583549499512
-11.008089065551758	-1.010338306427002
-22.872817993164062	8.96660041809082
-14.655908584594727	2.700817346572876
-16.45258140563965	18.895132064819336
-17.158533096313477	-6.6501312255859375
-19.105548858642578	16.021305084228516
-11.870665550231934	25.76127052307129
-21.55231285095215	11.519730567932129
-22.69923210144043	14.9179105758667
-10.242561340332031	1.1058504581451416
-9.955894470214844	22.247034072875977
-15.193042755126953	14.68455982208252
-8.233769416809082	10.731287002563477
-14.099090576171875	11.183427810668945
-8.695303916931152	2.5561015605926514
-22.75580406188965	11.379242897033691
-4.525155067443848	12.30942153930664
-14.209630012512207	5.200292587280273
-17.792407989501953	14.778910636901855
-12.807150840759277	16.64483070373535
-7.011466979980469	10.573988914489746
-10.415081977844238	17.797143936157227
-21.826370239257812	-4.166689872741699
-8.288039207458496	10.26258373260498
-13.50380802154541	-1.1286991834640503
-9.994500160217285	22.410232543945312
-22.07597541809082	10.458674430847168
-13.688627243041992	21.072622299194336
-21.344358444213867	16.41022491455078
-24.727758407592773	13.276988983154297
-11.060282707214355	4.565757751464844
-18.948240280151367	12.766463279724121
-14.219847679138184	4.6019487380981445
-23.553781509399414	2.192840814590454
-17.802106857299805	18.992427825927734
-19.553926467895508	-5.660262107849121
-17.53182029724121	-2.116023063659668
-6.236741065979004	12.629488945007324
-13.147933006286621	6.279958724975586
-13.397668838500977	2.1168627738952637
-18.57103729248047	4.6959228515625
-12.444978713989258	19.09684181213379
-11.500425338745117	12.755492210388184
-8.199910163879395	10.581391334533691
-16.14402961730957	5.913285255432129
-24.06941032409668	5.01869010925293
-24.131311416625977	11.799358367919922
-11.555791854858398	3.212387800216675
-14.320043563842773	12.728432655334473
-8.98684024810791	17.372705459594727
-23.635498046875	10.73496150970459
-7.146724224090576	9.619736671447754
-7.442868709564209	13.07140827178955
-17.210783004760742	-2.74491548538208
-6.3761749267578125	7.43873405456543
-16.733776092529297	6.904848098754883
-7.718352794647217	18.661441802978516
-21.802040100097656	6.335611343383789
-24.11050033569336	10.538291931152344
-20.099018096923828	-2.645455837249756
-8.74478816986084	3.362539052963257
-20.029020309448242	10.847503662109375
-19.052467346191406	19.46357536315918
-12.467597007751465	11.006240844726562
-19.39836311340332	-1.2541406154632568
-8.763720512390137	22.611391067504883
-13.599122047424316	24.639310836791992
-25.755502700805664	1.0265947580337524
-15.939470291137695	5.383790016174316
-8.88618278503418	22.715322494506836
-22.876924514770508	11.0206937789917
-15.06965160369873	15.987568855285645
-16.43117332458496	2.60892391204834
-7.479470729827881	16.85169792175293
-12.929142951965332	5.420200347900391
-17.895523071289062	11.438146591186523
-15.024651527404785	9.597845077514648
-15.61178207397461	2.6016621589660645
-24.258501052856445	3.9641716480255127
-16.681638717651367	8.557038307189941
-20.86359214782715	-6.4084367752075195
-16.01371955871582	14.807821273803711
-21.25809669494629	-6.969453811645508
-7.78291654586792	10.427071571350098
-21.30659294128418	-6.847272872924805
-8.817882537841797	13.748884201049805
-15.843254089355469	-2.4699788093566895
-14.491622924804688	14.353447914123535
-8.253852844238281	12.065857887268066
-6.909731864929199	4.978450775146484
-20.97983741760254	-1.7248170375823975
-19.552043914794922	-1.7148311138153076
-9.508864402770996	10.810091972351074
-8.407979965209961	17.204904556274414
-6.747580051422119	11.720711708068848
-17.33311653137207	18.73029899597168
-10.305598258972168	10.72063159942627
-19.898855209350586	-2.448842763900757
-18.286354064941406	5.838666915893555
-4.318464279174805	9.172928810119629
-23.16257667541504	4.657844543457031
-8.786086082458496	13.641756057739258
-20.13544273376465	-6.099656105041504
-9.607239723205566	7.428131103515625
-14.903777122497559	3.544548511505127
-9.666373252868652	3.427053689956665
-22.624441146850586	9.494715690612793
-21.43581771850586	2.706061363220215
-23.230636596679688	-1.7524447441101074
-13.340127944946289	4.310477256774902
-9.66922664642334	20.375097274780273
-9.878351211547852	19.538206100463867
-18.849260330200195	8.985694885253906
-13.65792465209961	4.441740989685059
-13.592428207397461	8.72396183013916
-18.854177474975586	-6.113039970397949
-11.066999435424805	3.0765984058380127
-7.941532611846924	5.890464782714844
-23.553449630737305	12.527270317077637
-12.243534088134766	22.180421829223633
-18.56817626953125	-1.3982429504394531
-4.268233776092529	13.22796630859375
-22.628376007080078	9.19628620147705
-9.889260292053223	2.654524087905884
-12.799816131591797	11.004532814025879
-13.40422534942627	13.111084938049316
-3.521265745162964	6.410825729370117
-14.76813793182373	1.450430154800415
-9.58453369140625	24.336477279663086
-12.581695556640625	3.2478058338165283
-7.805534362792969	15.348956108093262
-20.291913986206055	-2.890273094177246
-7.404970645904541	10.790791511535645
-11.971185684204102	-0.05478698015213013
-4.095493793487549	9.089340209960938
-17.271596908569336	3.2488560676574707
-11.667756080627441	22.691736221313477
-7.630711555480957	9.3342866897583
-19.96265983581543	-2.6419293880462646
-22.699552536010742	12.28720760345459
-22.081928253173828	2.2623302936553955
-11.907448768615723	18.919340133666992
-20.758832931518555	13.491945266723633
-6.835574150085449	12.228007316589355
-15.140998840332031	18.764678955078125
-10.90733814239502	24.257699966430664
-13.726213455200195	23.68433952331543
-5.362313747406006	16.42546272277832
-22.588096618652344	-1.0381187200546265
-9.774666786193848	9.605936050415039
-10.296137809753418	20.6070499420166
-7.090071678161621	14.00334358215332
-18.08879280090332	5.968682289123535
-20.677492141723633	2.396730422973633
-16.36491584777832	-2.150550365447998
-23.62774085998535	1.978642463684082
-8.034330368041992	18.045297622680664
-13.858494758605957	13.21334457397461
-23.425670623779297	7.318483352661133
-14.477789878845215	9.895934104919434
-9.426694869995117	3.781604528427124
-11.777381896972656	22.017980575561523
-13.973580360412598	21.74049949645996
-23.00114631652832	2.700472354888916
-24.11686134338379	7.524483680725098
-12.835588455200195	12.762228965759277
-7.661128997802734	6.608062744140625
-9.859240531921387	24.804302215576172
-9.07104206085205	16.822620391845703
-21.7093505859375	-6.738853454589844
-13.506239891052246	19.351186752319336
-15.78587532043457	5.1307783126831055
-22.754915237426758	14.46337604522705
-10.416360855102539	24.456750869750977
-9.865412712097168	11.939852714538574
-18.28277015686035	0.5750093460083008
-17.55179786682129	18.04829216003418
-10.537989616394043	21.65028190612793
-13.769010543823242	19.085786819458008
-23.108360290527344	1.3053406476974487
-22.830331802368164	-4.975752830505371
-3.929215908050537	11.707093238830566
-13.525025367736816	22.329715728759766
-18.615571975708008	7.347296714782715
-10.323519706726074	15.980210304260254
-5.163340091705322	8.47188949584961
-11.204524993896484	14.947333335876465
-7.147482395172119	10.203989028930664
-8.72472095489502	17.899248123168945
-12.770635604858398	18.35088539123535
-14.10379695892334	24.782190322875977
-7.138811111450195	15.244306564331055
-23.548519134521484	-0.7238863706588745
-11.159555435180664	25.85930061340332
-13.66547679901123	24.580778121948242
-11.073846817016602	23.72956657409668
-16.384103775024414	14.875232696533203
-9.545723915100098	10.03170394897461
-15.297608375549316	15.687887191772461
-12.336410522460938	15.523381233215332
-4.936916828155518	7.843033790588379
-8.618904113769531	9.95090389251709
-21.254087448120117	16.27720832824707
-13.236879348754883	3.3800625801086426
-15.403787612915039	-3.542178153991699
-11.335321426391602	22.344318389892578
-11.779684066772461	4.408750534057617
-15.307231903076172	3.263831377029419
-16.181961059570312	24.25754165649414
-14.931156158447266	18.098331451416016
-15.443073272705078	-1.3533414602279663
-15.313541412353516	10.459718704223633
-18.320981979370117	-2.92098331451416
-20.22962760925293	0.6839425563812256
-14.283021926879883	21.432415008544922
-23.87093162536621	-2.684952735900879
-8.831450462341309	9.449145317077637
-22.747272491455078	-0.23689918220043182
-15.599996566772461	20.64704704284668
-22.877838134765625	7.959763526916504
-24.567035675048828	13.004027366638184
-20.08869171142578	-3.8779680728912354
-17.009153366088867	13.332595825195312
-20.789560317993164	-2.4129602909088135
-20.960641860961914	-5.001752853393555
-10.222049713134766	3.9489858150482178
-19.16984748840332	5.470410346984863
-9.594242095947266	25.462350845336914
-17.886703491210938	14.19123363494873
-10.367637634277344	7.338831901550293
-8.867196083068848	8.393647193908691
-24.424510955810547	13.34965705871582
-23.73744773864746	3.429262638092041
-17.695127487182617	23.852426528930664
-9.214885711669922	9.71203899383545
-17.86882209777832	9.624831199645996
-7.687585830688477	9.81071662902832
-9.405797958374023	2.9918017387390137
-7.150434494018555	13.920517921447754
-19.76549530029297	9.227781295776367
-10.612836837768555	23.93522834777832
-23.82233428955078	7.006355285644531
-22.38799476623535	-1.208698034286499
-8.437192916870117	21.448535919189453
-15.222512245178223	-2.015662908554077
-16.44745635986328	0.06673043966293335
-21.733386993408203	-2.0718913078308105
-18.00381851196289	-5.643129348754883
-16.472929000854492	5.31131649017334
-14.297049522399902	2.908402681350708
-21.56153678894043	-0.070193350315094
-4.521692752838135	6.739200592041016
-18.592954635620117	-5.4603118896484375
-13.594622611999512	8.001097679138184
-20.912601470947266	-1.8369230031967163
-11.880819320678711	19.295673370361328
-13.259496688842773	24.30436897277832
-7.128776550292969	5.291528701782227
-9.215906143188477	25.49062728881836
-4.424551963806152	13.091628074645996
-13.32774543762207	-1.3948396444320679
-10.009658813476562	13.659814834594727
-20.01668357849121	6.642251014709473
-17.375261306762695	18.16622543334961
-22.79754066467285	1.1673504114151
-10.785849571228027	10.567216873168945
-15.857675552368164	24.391164779663086
-10.681533813476562	22.056730270385742
-25.19523811340332	-2.276620626449585
-12.945597648620605	5.199301719665527
-8.026291847229004	13.60812759399414
-16.748064041137695	21.20629119873047
-7.159342288970947	14.715157508850098
-20.0123348236084	-1.890362024307251
-22.564510345458984	6.392037391662598
-12.710562705993652	5.056171417236328
-19.41065788269043	-0.09235280752182007
-23.574748992919922	5.843622207641602
-11.411592483520508	15.854447364807129
-3.9842529296875	11.519551277160645
-11.511858940124512	-0.3203602433204651
-9.010214805603027	9.944464683532715
-24.556184768676758	-2.1533710956573486
-23.864482879638672	14.388777732849121
-7.721444606781006	15.078224182128906
-9.011813163757324	19.430021286010742
-9.418780326843262	12.982840538024902
-16.11616325378418	5.6498613357543945
-8.387829780578613	19.467077255249023
-13.989818572998047	2.9846272468566895
-9.381590843200684	23.030397415161133
-7.7698974609375	21.685993194580078
-13.516393661499023	23.768423080444336
-5.431830406188965	5.152581214904785
-22.80630874633789	2.0546135902404785
-15.264248847961426	18.24876594543457
-15.63341236114502	-2.4216349124908447
-11.172645568847656	9.101834297180176
-15.270095825195312	16.484086990356445
-24.4443302154541	10.71165943145752
