1
5.634422302246094	-14.403587341308594
15.042466163635254	-19.045177459716797
14.884429931640625	-26.385772705078125
1.935305118560791	-27.388586044311523
15.370859146118164	-17.2108154296875
8.138360977172852	-29.031103134155273
2.4186675548553467	-17.055278778076172
17.271764755249023	-17.119522094726562
4.239830017089844	-26.96306800842285
2.348536252975464	-23.42503547668457
7.297389984130859	-25.31766700744629
14.176511764526367	-8.478652954101562
-3.3346633911132812	-9.247153282165527
5.475182056427002	-25.92243003845215
1.1384238004684448	-20.861459732055664
-2.002138614654541	-6.85983943939209
12.862138748168945	-21.783203125
-0.4477553367614746	-23.26103401184082
3.1952688694000244	-32.89431381225586
-1.2317852973937988	-5.205627918243408
-0.10015225410461426	-18.20308494567871
11.089773178100586	-24.879480361938477
6.084372520446777	-27.92219352722168
4.482111930847168	-34.558494567871094
-3.323603630065918	-13.482765197753906
15.347193717956543	-9.09152889251709
1.1677494049072266	-31.822364807128906
-2.6422691345214844	-6.941542148590088
0.21568584442138672	-24.628171920776367
15.190268516540527	-12.74615478515625
0.808212399482727	-14.380236625671387
2.353097438812256	-32.27886962890625
4.938830852508545	-14.876712799072266
1.192582130432129	-28.265705108642578
-3.335754871368408	-10.150662422180176
17.097461700439453	-24.198535919189453
-3.729519844055176	-20.58499526977539
6.896695137023926	-29.551420211791992
6.431316375732422	-11.755724906921387
6.775828838348389	-12.235647201538086
1.2125144004821777	-27.219528198242188
17.225805282592773	-22.319425582885742
3.962769031524658	-28.956485748291016
4.39774227142334	-25.183908462524414
8.557401657104492	-12.61287784576416
5.032433032989502	-6.567220211029053
10.71822452545166	-14.010641098022461
6.604228496551514	-19.370485305786133
15.453099250793457	-10.24916934967041
-2.5174951553344727	-9.637980461120605
12.257528305053711	-13.187871932983398
3.3143112659454346	-16.613035202026367
9.937581062316895	-21.724946975708008
5.254678249359131	-26.984834671020508
6.966065406799316	-5.8305134773254395
3.2494211196899414	-19.94171905517578
7.264220714569092	-29.839834213256836
16.232892990112305	-15.989320755004883
6.953566074371338	-29.90059471130371
8.738556861877441	-14.773911476135254
12.278966903686523	-8.836063385009766
9.351448059082031	-27.903810501098633
3.773970127105713	-14.476395606994629
7.062963962554932	-26.086923599243164
6.388381004333496	-31.94892692565918
-3.725074052810669	-10.169530868530273
0.7341110706329346	-19.569875717163086
17.854656219482422	-24.76280403137207
9.001697540283203	-28.12799072265625
12.209830284118652	-10.952497482299805
5.303464889526367	-31.43333625793457
2.2016425132751465	-31.64944076538086
1.4026241302490234	-23.200706481933594
-2.9242022037506104	-12.07109260559082
1.951207160949707	-32.2775764465332
-1.0338354110717773	-18.050981521606445
9.350947380065918	-9.953336715698242
15.83388614654541	-18.85269546508789
14.371834754943848	-10.136154174804688
6.42930793762207	-25.744813919067383
2.3733553886413574	-30.966388702392578
1.0598983764648438	-18.323776245117188
7.112360000610352	-19.690841674804688
16.6733455657959	-19.087831497192383
-0.4003552198410034	-19.845069885253906
1.2493515014648438	-21.675304412841797
0.7490758895874023	-28.93830680847168
-3.719142436981201	-11.465149879455566
1.1349300146102905	-3.8978207111358643
6.682959079742432	-11.6613130569458
2.9743359088897705	-4.824405670166016
14.916683197021484	-20.037708282470703
-0.4456362724304199	-21.30284309387207
17.02845001220703	-21.078516006469727
5.513188362121582	-3.7701282501220703
0.956979513168335	-17.933534622192383
15.543984413146973	-14.436812400817871
5.078090190887451	-12.780420303344727
-0.1650301218032837	-22.448610305786133
9.05056095123291	-20.34083366394043
10.230127334594727	-6.550200939178467
12.576868057250977	-10.707508087158203
11.73494815826416	-7.525441646575928
7.872178077697754	-29.567001342773438
15.966673851013184	-8.497946739196777
17.661327362060547	-23.627361297607422
17.7659912109375	-23.60362434387207
2.2343199253082275	-28.357513427734375
0.33126139640808105	-27.51393699645996
1.7381949424743652	-7.756288528442383
14.656168937683105	-6.509822368621826
14.053406715393066	-8.934329986572266
3.4355499744415283	-33.25563049316406
15.344528198242188	-23.862905502319336
13.019123077392578	-13.808658599853516
15.29495620727539	-11.243921279907227
15.984147071838379	-16.57971954345703
10.186652183532715	-13.137694358825684
-1.0300111770629883	-6.202735424041748
0.3073974847793579	-8.36039924621582
12.83460807800293	-14.626426696777344
7.700040817260742	-12.070830345153809
12.904607772827148	-7.6890130043029785
13.595625877380371	-11.754493713378906
13.935235023498535	-15.171992301940918
0.7072888612747192	-4.221637725830078
4.607307434082031	-27.272220611572266
17.45136260986328	-23.658666610717773
-1.534724473953247	-6.977797031402588
3.978839159011841	-5.2589921951293945
9.152301788330078	-8.857633590698242
-1.3017293214797974	-11.426167488098145
3.1499691009521484	-3.592041015625
2.9477906227111816	-17.626155853271484
3.5711514949798584	-15.060698509216309
5.193022727966309	-16.99403190612793
10.402823448181152	-7.179189682006836
8.132633209228516	-8.178646087646484
10.10559368133545	-16.26459503173828
15.70489501953125	-15.121015548706055
3.29524827003479	-32.06473159790039
1.1404190063476562	-25.417675018310547
6.73814058303833	-27.191396713256836
4.19840145111084	-3.2625465393066406
2.4821135997772217	-32.399959564208984
3.068685531616211	-30.164901733398438
12.105293273925781	-10.168526649475098
4.7117695808410645	-30.86983299255371
6.9633378982543945	-30.769468307495117
12.35773754119873	-8.010907173156738
14.032625198364258	-7.23496150970459
12.439393043518066	-10.958949089050293
10.88370132446289	-8.103002548217773
4.289785861968994	-3.4381394386291504
14.700972557067871	-12.702629089355469
4.719903469085693	-4.1516594886779785
7.4653215408325195	-11.326065063476562
13.032618522644043	-24.193220138549805
13.789228439331055	-24.23296356201172
10.20157241821289	-22.23843002319336
2.7318978309631348	-33.16326904296875
12.62668514251709	-7.277970314025879
4.518022060394287	-3.863636016845703
16.5037899017334	-15.24657917022705
11.171868324279785	-23.724895477294922
9.861842155456543	-11.930004119873047
14.750367164611816	-18.67500114440918
0.5063222646713257	-5.313084125518799
3.149508476257324	-33.10903549194336
9.666488647460938	-15.459548950195312
1.8838999271392822	-24.49753189086914
0.9552854299545288	-4.410404682159424
1.438858985900879	-25.11264419555664
12.458736419677734	-17.66245460510254
6.012155055999756	-21.398433685302734
0.10072708129882812	-24.11138916015625
0.6404393911361694	-20.00896453857422
4.435216903686523	-30.27443504333496
1.7456982135772705	-30.08747673034668
3.1528167724609375	-31.73774528503418
7.403019428253174	-30.267953872680664
14.052163124084473	-13.61669921875
0.4214198589324951	-27.462322235107422
16.98386001586914	-18.944425582885742
9.40660285949707	-14.56771469116211
13.992685317993164	-9.07470703125
6.426136016845703	-27.683319091796875
15.097576141357422	-18.541025161743164
13.207802772521973	-7.960716724395752
3.0975341796875	-6.152307987213135
8.771495819091797	-27.6062068939209
15.50864315032959	-19.88923454284668
15.524348258972168	-7.362750053405762
4.164401054382324	-33.4442024230957
3.4321250915527344	-31.94080352783203
13.177030563354492	-6.7243218421936035
3.142714023590088	-4.884683132171631
17.016551971435547	-15.39290714263916
13.269685745239258	-7.4802656173706055
17.636634826660156	-21.9169979095459
13.947135925292969	-8.431037902832031
3.100278854370117	-4.13119649887085
14.075189590454102	-21.844514846801758
11.503911972045898	-11.992315292358398
5.341113567352295	-31.59964370727539
1.1573026180267334	-20.14507293701172
9.231285095214844	-27.68032455444336
1.7888195514678955	-30.202112197875977
10.75898265838623	-18.955535888671875
0.9783065915107727	-4.461349010467529
0.9611836671829224	-17.517431259155273
-1.8897936344146729	-5.97865629196167
6.8321075439453125	-27.901142120361328
0.5081696510314941	-25.310945510864258
1.710884690284729	-5.289918899536133
-2.6462955474853516	-6.659726619720459
1.2362854480743408	-30.663715362548828
9.126452445983887	-22.420852661132812
10.40890884399414	-10.836533546447754
0.10687255859375	-22.07061004638672
2.728827953338623	-6.59199333190918
2.6031668186187744	-8.434014320373535
-2.497476577758789	-17.20540428161621
14.669891357421875	-25.376806259155273
1.9182183742523193	-4.1306023597717285
12.619860649108887	-12.782007217407227
13.629724502563477	-18.14133644104004
17.78601837158203	-21.552024841308594
12.756499290466309	-25.566682815551758
0.26497554779052734	-28.167186737060547
0.5988593101501465	-27.806114196777344
2.101990222930908	-17.183853149414062
0.9707527160644531	-17.92836570739746
5.867404460906982	-13.677090644836426
16.249549865722656	-22.884695053100586
16.303714752197266	-25.34212303161621
2.347822427749634	-4.435940265655518
0.41801559925079346	-18.69770050048828
0.8977802991867065	-17.807483673095703
16.345598220825195	-8.790877342224121
13.26883316040039	-8.592235565185547
1.186116337776184	-4.930161476135254
8.183515548706055	-11.426480293273926
0.14668875932693481	-5.378144264221191
0.9210140705108643	-25.568859100341797
15.549687385559082	-20.08070182800293
15.986724853515625	-23.641775131225586
14.989871978759766	-12.555051803588867
16.810340881347656	-19.121444702148438
17.551410675048828	-21.171728134155273
-0.9840080738067627	-20.505094528198242
1.8029789924621582	-19.147926330566406
8.336936950683594	-11.929438591003418
-1.3494040966033936	-7.620285511016846
1.7116270065307617	-18.3645076751709
14.972743034362793	-24.915096282958984
3.856083631515503	-33.4956169128418
0.7455969452857971	-5.421327590942383
-0.23805707693099976	-6.0801682472229
8.379005432128906	-8.980032920837402
-0.4458951950073242	-19.656274795532227
1.598953127861023	-5.193094253540039
3.158163070678711	-15.088811874389648
1.5303393602371216	-20.22862434387207
6.675823211669922	-6.145633220672607
9.550617218017578	-29.352697372436523
15.937591552734375	-10.898130416870117
16.199302673339844	-14.55185317993164
14.324186325073242	-20.456464767456055
15.649648666381836	-11.796545028686523
13.331789016723633	-6.865095615386963
-2.035524845123291	-9.349936485290527
10.104659080505371	-28.863290786743164
8.604513168334961	-11.616044998168945
5.134150981903076	-15.589324951171875
8.872466087341309	-12.365519523620605
9.55262565612793	-26.641786575317383
14.724560737609863	-17.192211151123047
8.998620986938477	-26.41642189025879
11.770777702331543	-6.907823085784912
4.106879711151123	-19.750192642211914
2.1024348735809326	-27.38399314880371
10.773988723754883	-25.42689323425293
1.5789258480072021	-27.911914825439453
2.7437875270843506	-32.33512878417969
6.115176200866699	-5.041678428649902
13.301423072814941	-8.714024543762207
14.835439682006836	-8.834831237792969
8.538607597351074	-13.292316436767578
1.3942317962646484	-22.630136489868164
14.338835716247559	-26.04463768005371
14.288154602050781	-7.997103214263916
-3.151033878326416	-8.30026912689209
11.872794151306152	-20.392671585083008
-0.31482887268066406	-19.664091110229492
13.063338279724121	-9.269279479980469
0.6237841844558716	-17.500268936157227
7.718598365783691	-13.276108741760254
14.183237075805664	-9.490741729736328
13.858940124511719	-6.725862503051758
0.09907770156860352	-28.633310317993164
2.5804619789123535	-15.144708633422852
5.606557846069336	-29.98243522644043
-1.464217185974121	-5.028410911560059
3.562384843826294	-32.43949508666992
13.90377140045166	-7.906055927276611
0.8308978080749512	-22.87790870666504
6.885855674743652	-6.317254066467285
8.094383239746094	-29.327301025390625
4.529406547546387	-7.953912258148193
-0.007001787424087524	-5.143711090087891
1.2689048051834106	-18.379981994628906
-4.15700626373291	-13.80493450164795
3.711317300796509	-30.619022369384766
0.8471090793609619	-26.716093063354492
16.35630989074707	-13.045379638671875
5.22485876083374	-14.325187683105469
8.024394989013672	-23.11154556274414
3.902036190032959	-24.282041549682617
11.091557502746582	-6.4041829109191895
7.786109924316406	-5.669593811035156
10.57553768157959	-26.50214195251465
11.434087753295898	-8.460395812988281
5.761219024658203	-14.60470199584961
4.478394508361816	-29.1916446685791
2.990307092666626	-25.903390884399414
3.139404773712158	-30.777076721191406
9.448604583740234	-15.791967391967773
-0.8024702072143555	-5.918957233428955
6.230629920959473	-24.138093948364258
14.967141151428223	-7.28541374206543
11.655287742614746	-9.615677833557129
-2.541754722595215	-7.9549946784973145
9.318428039550781	-22.474754333496094
6.360575199127197	-29.03009033203125
13.171854019165039	-12.077994346618652
15.170024871826172	-9.513402938842773
-0.2672921419143677	-18.66971206665039
13.899577140808105	-8.320618629455566
2.7077372074127197	-32.099822998046875
6.321533203125	-18.316850662231445
10.636590957641602	-14.928975105285645
6.935266971588135	-6.372225761413574
3.129809856414795	-14.67739486694336
12.550296783447266	-6.570366382598877
14.51833724975586	-15.037128448486328
8.711424827575684	-26.457256317138672
1.8321754932403564	-5.264440059661865
2.3589935302734375	-30.816709518432617
5.281124114990234	-31.484704971313477
-0.4482760429382324	-18.851486206054688
4.245749473571777	-26.23696517944336
2.8104732036590576	-15.597704887390137
2.4512429237365723	-15.725007057189941
2.0032339096069336	-15.137869834899902
12.77500057220459	-8.620542526245117
18.0140438079834	-23.360368728637695
17.118907928466797	-24.80625343322754
2.0731797218322754	-32.80269241333008
2.7062697410583496	-17.530872344970703
4.404382705688477	-29.736127853393555
0.1895303726196289	-20.793048858642578
0.2830772399902344	-25.193099975585938
10.043867111206055	-24.846345901489258
15.546773910522461	-13.120792388916016
5.6001811027526855	-6.6864800453186035
13.515983581542969	-17.370981216430664
9.4447603225708	-15.181273460388184
-4.069567680358887	-14.639592170715332
13.108514785766602	-24.804349899291992
13.460283279418945	-7.7788543701171875
14.95602035522461	-6.678926944732666
7.1686882972717285	-13.146471977233887
-1.8836591243743896	-22.962812423706055
3.524420738220215	-17.1367130279541
3.736172676086426	-21.842100143432617
1.2903826236724854	-27.730546951293945
4.189857006072998	-6.977916717529297
2.3462133407592773	-8.011012077331543
2.219641923904419	-29.576438903808594
15.009440422058105	-9.429186820983887
9.424386978149414	-25.049909591674805
8.29712963104248	-8.92983341217041
11.014605522155762	-5.822471618652344
7.757442951202393	-14.723488807678223
7.650537490844727	-27.492502212524414
1.6073195934295654	-29.73503875732422
8.597750663757324	-7.434191703796387
0.8801727294921875	-26.09330177307129
13.73281478881836	-7.725368499755859
10.137340545654297	-12.592846870422363
0.5150706768035889	-27.553604125976562
3.688288450241089	-14.844316482543945
10.581805229187012	-9.588658332824707
1.5538724660873413	-19.567968368530273
5.902462005615234	-23.63576889038086
10.705921173095703	-18.18954086303711
0.553612470626831	-19.127437591552734
15.179509162902832	-15.587343215942383
0.4770534038543701	-18.124238967895508
8.06701374053955	-10.061971664428711
-0.27686142921447754	-9.208549499511719
9.889920234680176	-25.54368019104004
-0.0066547393798828125	-19.484291076660156
-2.540865659713745	-6.113348007202148
1.7660667896270752	-5.035760879516602
10.877205848693848	-17.756202697753906
11.854524612426758	-15.520660400390625
3.6356635093688965	-14.226625442504883
2.3246994018554688	-32.69102096557617
11.921114921569824	-17.315685272216797
6.325634956359863	-29.991151809692383
16.14923858642578	-10.292145729064941
10.726998329162598	-11.065183639526367
3.667146921157837	-26.504947662353516
6.458478927612305	-15.37675666809082
8.028337478637695	-12.056479454040527
2.4458301067352295	-31.147634506225586
4.114181995391846	-12.92679214477539
-3.223625898361206	-21.489795684814453
4.132453918457031	-3.749706268310547
0.9166795015335083	-18.51332664489746
4.484317779541016	-6.9938435554504395
15.356587409973145	-12.081954956054688
0.6217379570007324	-5.906239032745361
2.7523412704467773	-26.203536987304688
11.9192533493042	-9.608999252319336
3.517611026763916	-22.04619789123535
4.802602291107178	-3.3696913719177246
6.655002593994141	-11.45263385772705
5.034603595733643	-22.948938369750977
14.300575256347656	-7.265289306640625
10.377389907836914	-24.400190353393555
10.08240795135498	-28.5050048828125
2.85221529006958	-31.87602996826172
16.746442794799805	-23.508474349975586
8.550748825073242	-23.668359756469727
4.065608978271484	-30.06853485107422
-3.8867945671081543	-13.112038612365723
-3.7587380409240723	-16.867658615112305
12.759655952453613	-11.123443603515625
12.559427261352539	-21.47869110107422
16.133472442626953	-14.145685195922852
1.2739554643630981	-18.68340301513672
15.659761428833008	-15.47828197479248
7.05865478515625	-29.775266647338867
16.770610809326172	-19.4641056060791
11.309882164001465	-15.759838104248047
6.895839691162109	-11.844003677368164
17.07042694091797	-21.477935791015625
2.23276686668396	-27.941055297851562
6.311919212341309	-29.62921905517578
1.0899474620819092	-17.52124786376953
12.270904541015625	-10.413497924804688
2.2919256687164307	-3.609611988067627
15.881695747375488	-13.01911735534668
9.08896541595459	-18.872005462646484
4.6955084800720215	-14.681334495544434
7.6957807540893555	-22.299516677856445
12.17620849609375	-16.54599952697754
2.589085340499878	-33.576637268066406
0.5557582378387451	-27.901968002319336
-2.2245020866394043	-7.5287628173828125
5.886561393737793	-29.352445602416992
8.987039566040039	-19.891660690307617
6.45505428314209	-22.940261840820312
13.035213470458984	-12.934407234191895
6.806385040283203	-14.225605010986328
1.672311782836914	-31.480619430541992
-3.1736764907836914	-20.023700714111328
2.659926414489746	-14.289712905883789
11.848855972290039	-22.39643096923828
15.584762573242188	-9.687211036682129
12.961098670959473	-24.738779067993164
14.650156021118164	-14.175773620605469
3.0452566146850586	-20.701644897460938
-2.318910598754883	-6.704235076904297
10.45900821685791	-28.93803596496582
1.9640251398086548	-16.645885467529297
14.951305389404297	-18.79058074951172
3.2955410480499268	-6.20059061050415
17.071950912475586	-20.805038452148438
-1.5256465673446655	-5.430510520935059
11.811244010925293	-18.882240295410156
-2.511629581451416	-6.9037699699401855
15.802536964416504	-7.22941780090332
4.426740646362305	-31.59516716003418
17.711305618286133	-22.90679359436035
16.47605323791504	-7.792194366455078
13.661863327026367	-10.541632652282715
9.56993293762207	-20.78673553466797
2.235088586807251	-6.165352821350098
0.3701423406600952	-17.307687759399414
14.529717445373535	-24.127063751220703
4.424200534820557	-18.536848068237305
3.5818209648132324	-7.136313438415527
3.260803461074829	-27.49793243408203
-3.8569955825805664	-11.11093521118164
12.145003318786621	-15.141234397888184
3.198094367980957	-2.9271419048309326
1.803304672241211	-19.156414031982422
14.51854419708252	-10.274991035461426
7.218985080718994	-8.544329643249512
-2.1683521270751953	-7.2409348487854
2.776411533355713	-32.79238510131836
1.4090182781219482	-24.058792114257812
14.999096870422363	-7.826141834259033
13.157248497009277	-16.932743072509766
3.2654616832733154	-26.9668025970459
3.3738112449645996	-32.183589935302734
-2.1957647800445557	-7.445976257324219
15.901895523071289	-15.318467140197754
15.7564058303833	-20.622278213500977
7.1648406982421875	-28.774808883666992
1.5724422931671143	-16.258010864257812
3.1188173294067383	-32.9047966003418
12.712735176086426	-16.518234252929688
12.837127685546875	-12.57827377319336
0.24678432941436768	-4.478518962860107
9.57318115234375	-18.788150787353516
13.999471664428711	-26.73503875732422
-1.3410069942474365	-7.678653717041016
-3.4978597164154053	-21.00037384033203
16.271080017089844	-23.318872451782227
11.43713665008545	-9.359604835510254
3.778637170791626	-32.5826416015625
4.1858696937561035	-30.069908142089844
0.39977312088012695	-20.45854949951172
1.4269051551818848	-16.805086135864258
9.823394775390625	-11.895485877990723
11.848159790039062	-25.96731185913086
-1.548969030380249	-4.320332050323486
7.554798126220703	-29.898591995239258
9.060641288757324	-25.849178314208984
14.82972526550293	-17.39821434020996
6.518571376800537	-24.291488647460938
-0.20756220817565918	-19.834875106811523
14.414262771606445	-15.67305850982666
11.964077949523926	-10.383872032165527
3.4030792713165283	-33.08248519897461
12.713289260864258	-12.62105655670166
16.592697143554688	-18.329904556274414
9.48997688293457	-28.006914138793945
15.183307647705078	-12.868162155151367
6.474152088165283	-11.672757148742676
0.37070393562316895	-18.00861930847168
11.354117393493652	-25.313779830932617
5.835129737854004	-12.469594955444336
-1.6637139320373535	-6.175061225891113
13.245417594909668	-18.367155075073242
9.29825210571289	-28.861858367919922
4.105237007141113	-18.887956619262695
-3.3352227210998535	-9.193266868591309
1.3328096866607666	-32.07585525512695
13.295021057128906	-6.412601470947266
1.8841803073883057	-32.52510070800781
-3.7067315578460693	-9.887519836425781
11.571391105651855	-14.65479564666748
-2.402862310409546	-7.472834587097168
1.954509973526001	-19.072221755981445
5.968922138214111	-24.406068801879883
11.627691268920898	-10.918937683105469
1.9705456495285034	-3.94504714012146
11.268345832824707	-20.597793579101562
17.254026412963867	-22.187410354614258
12.36467170715332	-17.980003356933594
0.3814130425453186	-8.992785453796387
13.845648765563965	-12.204499244689941
2.600311040878296	-2.9910290241241455
5.809441566467285	-26.35989761352539
11.103949546813965	-19.90601348876953
3.0619871616363525	-33.48332977294922
7.1756062507629395	-13.977609634399414
9.952836036682129	-10.901405334472656
14.149861335754395	-7.874669075012207
1.6564915180206299	-32.896812438964844
14.600130081176758	-8.761205673217773
9.8783597946167	-6.942104339599609
10.876097679138184	-10.941569328308105
15.383132934570312	-22.52056312561035
15.384648323059082	-24.322195053100586
14.550047874450684	-23.70184898376465
16.273000717163086	-14.973867416381836
12.408085823059082	-10.702726364135742
10.900254249572754	-12.86117935180664
14.991615295410156	-10.599531173706055
1.8760099411010742	-20.162599563598633
7.8202433586120605	-13.566228866577148
-3.4754929542541504	-10.056615829467773
4.7656121253967285	-4.561631679534912
12.484176635742188	-24.974748611450195
6.745326995849609	-12.249713897705078
2.480111837387085	-24.092618942260742
13.963345527648926	-8.493549346923828
3.1134235858917236	-32.18876266479492
6.036282539367676	-33.30333709716797
6.30546760559082	-30.92808723449707
7.586296558380127	-13.584884643554688
4.551250457763672	-15.04913330078125
0.9111111164093018	-19.736103057861328
3.6729061603546143	-26.03410530090332
7.556496620178223	-26.462156295776367
15.316667556762695	-14.473420143127441
14.131942749023438	-8.742544174194336
14.095986366271973	-7.943922519683838
15.559589385986328	-10.011621475219727
-3.7388203144073486	-17.544570922851562
9.36137866973877	-4.93455696105957
8.666376113891602	-11.342716217041016
17.257301330566406	-20.359756469726562
2.3294920921325684	-5.222002983093262
9.597369194030762	-23.07775115966797
14.42922306060791	-13.991500854492188
-0.9026393890380859	-5.4591755867004395
2.338300943374634	-4.157688140869141
5.6483869552612305	-15.046798706054688
-1.2751355171203613	-20.650859832763672
12.866364479064941	-13.198249816894531
3.2695374488830566	-33.97161102294922
1.1688623428344727	-31.273895263671875
2.3648273944854736	-32.31820297241211
12.015839576721191	-7.6419548988342285
2.931185007095337	-5.29182767868042
5.740042686462402	-4.955359935760498
13.75856876373291	-22.04099464416504
15.656767845153809	-11.85066032409668
5.8155837059021	-21.477840423583984
11.455730438232422	-11.219365119934082
17.410667419433594	-21.608980178833008
1.9354043006896973	-30.483917236328125
15.640371322631836	-9.199385643005371
1.1227667331695557	-21.995464324951172
14.684927940368652	-11.373320579528809
10.610841751098633	-7.547999858856201
0.4221522808074951	-19.37129783630371
2.7881009578704834	-32.4102783203125
15.159062385559082	-7.536680221557617
13.627559661865234	-15.442235946655273
13.52075481414795	-12.608778953552246
0.999121904373169	-19.43553352355957
0.8757593631744385	-18.513872146606445
-3.106975555419922	-12.333513259887695
12.60166072845459	-11.458999633789062
5.298567295074463	-12.06383228302002
2.0182745456695557	-21.965517044067383
-2.29170560836792	-7.335953712463379
15.344305038452148	-12.165410041809082
2.6945621967315674	-4.299520492553711
6.049295902252197	-31.447336196899414
6.169707298278809	-29.08837127685547
6.656647205352783	-28.502460479736328
3.5773797035217285	-25.09792137145996
15.335002899169922	-8.163962364196777
8.017309188842773	-5.9246320724487305
6.959686279296875	-27.043601989746094
-1.7664287090301514	-5.989595890045166
10.381660461425781	-6.853352069854736
16.63292121887207	-17.99308967590332
13.191542625427246	-8.524557113647461
1.983436107635498	-13.585926055908203
10.105552673339844	-21.68134307861328
15.644134521484375	-13.827054023742676
11.062294006347656	-10.007437705993652
12.917200088500977	-8.991555213928223
1.676727294921875	-18.867916107177734
10.112936019897461	-8.308528900146484
11.646509170532227	-28.322246551513672
14.453786849975586	-23.622228622436523
16.743497848510742	-15.86275863647461
8.438568115234375	-9.385724067687988
5.986456871032715	-28.634634017944336
6.971982002258301	-26.97371482849121
4.425628185272217	-16.781391143798828
6.518029689788818	-15.976419448852539
6.11695671081543	-31.653427124023438
5.165382385253906	-3.8983240127563477
5.9494099617004395	-12.76380443572998
2.2684106826782227	-26.8496150970459
-2.5862393379211426	-7.020407199859619
6.833399295806885	-17.68539047241211
4.051584720611572	-3.4721322059631348
12.773730278015137	-18.746061325073242
2.2803993225097656	-32.19136047363281
15.942089080810547	-16.786842346191406
-1.2592639923095703	-21.386383056640625
1.8117303848266602	-30.80311393737793
7.982742786407471	-12.975550651550293
7.193229675292969	-12.990930557250977
0.3991761803627014	-4.441339492797852
9.688559532165527	-25.85966682434082
-0.20514559745788574	-20.689435958862305
2.166141986846924	-20.54792022705078
15.337118148803711	-15.826672554016113
14.117551803588867	-12.826556205749512
6.568774223327637	-22.980432510375977
12.803872108459473	-8.879081726074219
15.485884666442871	-16.288471221923828
10.641972541809082	-10.861903190612793
5.797478675842285	-14.045172691345215
1.0974808931350708	-20.32486343383789
1.9159727096557617	-31.02018165588379
15.97543716430664	-15.8171968460083
-2.994771957397461	-7.942053318023682
9.972829818725586	-21.98480796813965
13.068586349487305	-7.608383655548096
1.5767357349395752	-23.179668426513672
1.6269280910491943	-30.23332405090332
17.626941680908203	-20.36318588256836
-1.8089780807495117	-6.040742874145508
2.886232852935791	-31.613248825073242
14.020021438598633	-8.514082908630371
8.103608131408691	-17.839725494384766
10.218168258666992	-7.099332332611084
12.668933868408203	-7.693584442138672
5.417412757873535	-14.956459045410156
13.760690689086914	-7.921717643737793
-0.5052968263626099	-20.82027816772461
17.055320739746094	-21.148149490356445
-3.1620306968688965	-12.147150039672852
16.40789222717285	-14.115365982055664
-3.170647621154785	-10.051976203918457
7.46970272064209	-29.62493896484375
17.556211471557617	-17.434213638305664
14.596686363220215	-8.166813850402832
1.1808581352233887	-21.660030364990234
0.9984956979751587	-17.574600219726562
16.083505630493164	-19.805831909179688
7.551797389984131	-7.607494354248047
3.1034340858459473	-15.394815444946289
4.026896953582764	-27.832239151000977
12.204434394836426	-20.18123435974121
4.218766689300537	-3.192256212234497
14.878758430480957	-12.878239631652832
6.211968421936035	-25.748849868774414
13.38630485534668	-13.98564338684082
8.29728889465332	-27.128652572631836
0.6425703763961792	-14.684749603271484
-2.782210350036621	-7.827600002288818
12.0299654006958	-9.746689796447754
2.882981300354004	-31.385833740234375
2.1945204734802246	-5.553049087524414
7.582540035247803	-15.31757640838623
0.7805620431900024	-17.47135353088379
-2.8686091899871826	-8.815695762634277
4.367962837219238	-28.994522094726562
-3.646605968475342	-10.213560104370117
8.882187843322754	-23.47807502746582
-0.3037499785423279	-5.261231422424316
1.5526217222213745	-19.27648162841797
10.905613899230957	-13.049184799194336
8.502392768859863	-6.255530834197998
5.846845626831055	-15.099406242370605
4.30696964263916	-23.992685317993164
14.357421875	-15.279568672180176
10.76574993133545	-18.104114532470703
12.083415985107422	-27.16145896911621
1.7326762676239014	-30.38746452331543
2.986562728881836	-5.358504772186279
4.045217990875244	-29.579559326171875
0.465085506439209	-25.110254287719727
6.882134437561035	-30.031795501708984
0.5883817672729492	-23.787044525146484
6.070118427276611	-21.185359954833984
-3.1628503799438477	-11.196901321411133
14.433525085449219	-12.5448579788208
2.2415575981140137	-31.39324951171875
0.19534826278686523	-26.475801467895508
1.0688791275024414	-25.850847244262695
-0.3619764447212219	-5.234689712524414
2.5716099739074707	-18.188400268554688
12.08321475982666	-10.138169288635254
5.393056392669678	-30.608068466186523
14.02022647857666	-6.3970537185668945
14.715557098388672	-7.263134479522705
14.852231979370117	-16.356945037841797
3.385509967803955	-5.107296466827393
16.480642318725586	-20.047809600830078
10.587945938110352	-24.005952835083008
2.6089987754821777	-5.663398742675781
13.291090965270996	-24.190431594848633
12.799546241760254	-26.045976638793945
11.608553886413574	-28.66088104248047
7.980090141296387	-31.11117172241211
9.563700675964355	-28.963634490966797
16.885955810546875	-25.00068473815918
13.77551555633545	-8.75940227508545
0.23851162195205688	-5.223799228668213
10.038653373718262	-14.636406898498535
3.95047664642334	-6.2364325523376465
15.91977596282959	-15.143253326416016
4.7374701499938965	-32.980308532714844
2.411719560623169	-6.980981349945068
5.371095657348633	-20.497726440429688
13.701869010925293	-9.250490188598633
3.628375291824341	-29.332136154174805
0.37029194831848145	-24.2113094329834
2.5063364505767822	-3.648695945739746
0.0788646936416626	-8.985733985900879
17.579809188842773	-18.48626136779785
5.6780548095703125	-29.832319259643555
7.462404251098633	-14.757803916931152
2.7193312644958496	-33.72536087036133
14.945113182067871	-9.06822395324707
13.287679672241211	-10.93316650390625
-1.7541024684906006	-6.993520259857178
0.08387970924377441	-25.943260192871094
3.835214138031006	-34.28947448730469
12.726187705993652	-21.06096649169922
8.994505882263184	-26.964412689208984
11.367646217346191	-16.38423728942871
1.8873977661132812	-31.319318771362305
0.6948847770690918	-4.1649088859558105
1.705371618270874	-3.536992311477661
9.424762725830078	-7.606162071228027
1.5192618370056152	-23.291563034057617
5.263225555419922	-30.34084129333496
5.118459701538086	-31.36733627319336
14.01087474822998	-9.420886993408203
13.020383834838867	-28.113513946533203
0.06279134750366211	-26.973388671875
3.0499587059020996	-4.615426540374756
4.805978298187256	-27.735576629638672
12.401201248168945	-9.566352844238281
4.303277969360352	-26.580873489379883
2.7150766849517822	-3.711836338043213
4.479865074157715	-24.14350128173828
-2.1177620887756348	-23.868017196655273
8.047784805297852	-10.438021659851074
3.4646859169006348	-33.86238479614258
1.5747472047805786	-17.340673446655273
13.923376083374023	-9.095949172973633
6.060254096984863	-29.043100357055664
14.856094360351562	-7.369171142578125
-1.5714004039764404	-7.160261631011963
8.277566909790039	-30.08043098449707
10.919949531555176	-9.453027725219727
12.61719036102295	-7.560022354125977
4.149538993835449	-27.115266799926758
9.799120903015137	-12.935659408569336
5.491430759429932	-9.724982261657715
14.425817489624023	-13.494784355163574
0.4281501770019531	-29.972248077392578
7.520805358886719	-6.380773544311523
1.7239279747009277	-31.645984649658203
3.3357973098754883	-21.15048599243164
15.646389961242676	-22.56241226196289
5.596531867980957	-27.87168312072754
5.420477867126465	-30.284082412719727
7.719921112060547	-21.918739318847656
3.621016263961792	-30.210063934326172
13.143119812011719	-8.692367553710938
15.825203895568848	-14.927671432495117
15.863115310668945	-12.359171867370605
6.217588424682617	-26.143888473510742
3.038290023803711	-10.402255058288574
5.5261406898498535	-28.098129272460938
16.172754287719727	-15.967185974121094
0.00842854380607605	-6.661956787109375
1.5799500942230225	-31.301424026489258
3.982823133468628	-26.65458869934082
0.6974129676818848	-27.66829490661621
11.856051445007324	-9.12177562713623
16.41934585571289	-20.848323822021484
6.348793029785156	-12.342920303344727
-2.8297574520111084	-8.25438404083252
7.968498229980469	-27.213909149169922
-0.32789361476898193	-4.072689533233643
2.47062611579895	-32.31242752075195
1.959782600402832	-32.52121353149414
16.379257202148438	-23.943391799926758
16.012113571166992	-10.455167770385742
-0.3637385964393616	-6.100122928619385
3.503019094467163	-34.21165084838867
15.651200294494629	-12.135951042175293
8.045036315917969	-10.638676643371582
2.0212690830230713	-31.13496971130371
11.281628608703613	-18.28505516052246
13.437155723571777	-18.018226623535156
16.750701904296875	-11.441996574401855
10.090728759765625	-10.803396224975586
5.080707550048828	-13.339962005615234
14.13912582397461	-14.910391807556152
-0.9756083488464355	-20.51628875732422
13.557433128356934	-14.551787376403809
15.072349548339844	-8.659799575805664
4.355157375335693	-4.206303119659424
-3.9308362007141113	-10.54898738861084
3.170844316482544	-3.3307409286499023
12.483811378479004	-7.422987461090088
3.272273302078247	-8.606879234313965
15.053787231445312	-22.17046356201172
4.071542739868164	-30.06050682067871
9.008188247680664	-17.94537925720215
-3.116177558898926	-9.035030364990234
7.927298069000244	-12.495368003845215
0.9228941202163696	-3.8363118171691895
15.751422882080078	-10.088834762573242
8.97033977508545	-21.988313674926758
2.2826881408691406	-4.173379898071289
13.925856590270996	-6.400512218475342
6.069936752319336	-31.228097915649414
7.395092964172363	-5.338277816772461
15.321765899658203	-20.637319564819336
-3.718968629837036	-12.259204864501953
4.186513423919678	-8.502541542053223
5.101828575134277	-30.35454559326172
2.6564409732818604	-24.270437240600586
13.699888229370117	-23.00093650817871
2.8270978927612305	-21.748586654663086
13.354949951171875	-6.548860549926758
3.209031581878662	-33.33542251586914
10.474203109741211	-8.836508750915527
2.1510708332061768	-4.073617935180664
5.620362758636475	-13.218290328979492
12.931540489196777	-27.926063537597656
13.535737991333008	-6.841902256011963
4.639013290405273	-16.23198890686035
15.414745330810547	-16.560340881347656
-0.14294302463531494	-5.187356472015381
3.515004873275757	-5.7659525871276855
8.244253158569336	-12.21833324432373
2.9139387607574463	-16.690914154052734
13.41964340209961	-11.631499290466309
-2.652456760406494	-7.097959995269775
-0.1546953320503235	-4.6699323654174805
13.504961013793945	-9.088549613952637
4.773187160491943	-26.977428436279297
1.1113090515136719	-27.97262191772461
15.770801544189453	-15.431668281555176
13.894118309020996	-7.8458571434021
9.585402488708496	-26.699609756469727
14.073602676391602	-26.614837646484375
6.821473121643066	-13.990463256835938
13.317322731018066	-7.012496471405029
3.95906138420105	-5.826528072357178
1.873304843902588	-3.6158270835876465
2.7136666774749756	-31.267412185668945
3.740171432495117	-16.562210083007812
9.306039810180664	-12.371870040893555
10.065234184265137	-11.216448783874512
13.329170227050781	-24.90802001953125
4.546988487243652	-14.66508674621582
-0.8556232452392578	-4.669366836547852
1.9974778890609741	-16.15325164794922
14.603742599487305	-8.759014129638672
9.989957809448242	-9.935235023498535
8.155620574951172	-24.007347106933594
4.684935569763184	-19.789098739624023
9.213888168334961	-11.231167793273926
0.32017838954925537	-18.186311721801758
14.829835891723633	-8.08494758605957
-0.2096414566040039	-15.728681564331055
-2.9665257930755615	-8.161416053771973
2.806515693664551	-31.620712280273438
14.971294403076172	-8.100631713867188
15.578214645385742	-11.614991188049316
2.830604314804077	-31.348936080932617
1.663510799407959	-26.69111442565918
0.7619723081588745	-18.7659854888916
2.252688407897949	-16.420154571533203
3.5059871673583984	-32.04488754272461
4.9912519454956055	-28.157299041748047
3.3296632766723633	-32.562015533447266
-3.579094409942627	-11.181113243103027
3.681495189666748	-33.40367126464844
5.610170364379883	-27.581546783447266
2.0687129497528076	-18.542787551879883
1.9249670505523682	-13.711160659790039
1.2519090175628662	-29.822473526000977
4.930307388305664	-26.320714950561523
-0.6153903603553772	-6.777645587921143
0.806018590927124	-25.20551109313965
4.723726272583008	-33.60225296020508
2.074641227722168	-17.805316925048828
-0.024327605962753296	-4.285326957702637
8.264382362365723	-10.213918685913086
1.691892385482788	-5.839682102203369
2.2418999671936035	-6.28716516494751
14.65509033203125	-17.23262596130371
2.7938830852508545	-17.24527931213379
7.4861979484558105	-29.364971160888672
4.076082229614258	-30.224319458007812
16.671483993530273	-17.16172218322754
10.185275077819824	-11.579259872436523
-3.4650559425354004	-9.269680976867676
14.255108833312988	-15.973138809204102
16.129703521728516	-18.58003044128418
13.481462478637695	-14.770103454589844
2.9719953536987305	-28.914182662963867
18.313505172729492	-24.062185287475586
11.747987747192383	-9.668122291564941
10.10554313659668	-23.100038528442383
11.80446720123291	-22.703044891357422
16.231599807739258	-12.920492172241211
6.642484188079834	-25.037689208984375
6.641229152679443	-11.341424942016602
0.1270742416381836	-22.166961669921875
13.705717086791992	-10.090150833129883
15.937967300415039	-21.98052978515625
2.495337963104248	-33.884361267089844
2.9931299686431885	-30.455129623413086
16.6617488861084	-17.67704963684082
12.188464164733887	-23.571762084960938
3.4601359367370605	-29.29996109008789
8.151955604553223	-26.011240005493164
0.8830773830413818	-29.244470596313477
16.954072952270508	-17.10883903503418
-3.2892653942108154	-10.666924476623535
4.4706830978393555	-30.843435287475586
13.663524627685547	-25.232027053833008
6.6199631690979	-16.28056526184082
3.342569351196289	-3.8493893146514893
14.568526268005371	-14.155891418457031
14.84890079498291	-14.000323295593262
1.8558814525604248	-26.962366104125977
6.216484069824219	-28.607534408569336
0.01764082908630371	-23.907398223876953
2.978466033935547	-30.8914794921875
-2.1192383766174316	-7.392865180969238
3.9683568477630615	-30.040546417236328
5.328597068786621	-8.901976585388184
16.226301193237305	-19.335540771484375
-0.18164467811584473	-19.58893585205078
13.902530670166016	-18.375017166137695
2.6811676025390625	-24.169445037841797
14.205850601196289	-11.293669700622559
10.501900672912598	-24.596704483032227
15.782001495361328	-16.09841537475586
0.9537100791931152	-20.8122501373291
-3.6375741958618164	-18.436199188232422
11.25757122039795	-15.773003578186035
18.322023391723633	-22.864952087402344
4.928084850311279	-31.43299102783203
15.733922004699707	-19.11174964904785
12.03326416015625	-22.3174991607666
13.265082359313965	-18.557926177978516
1.7638018131256104	-31.527973175048828
1.0688447952270508	-18.79276466369629
5.636066436767578	-16.559024810791016
11.890844345092773	-14.629570007324219
4.855020523071289	-26.034854888916016
5.052905082702637	-6.813460350036621
18.3467960357666	-22.9383544921875
13.909686088562012	-7.666473388671875
-3.5329065322875977	-18.09103775024414
6.253816604614258	-22.882179260253906
10.066553115844727	-13.998963356018066
17.373817443847656	-17.717756271362305
14.94729995727539	-9.593863487243652
1.8216966390609741	-20.442670822143555
4.559741973876953	-13.023111343383789
2.392862558364868	-32.11471176147461
14.094047546386719	-7.446018218994141
5.21975040435791	-16.136573791503906
1.604712724685669	-30.958166122436523
15.2955322265625	-13.558479309082031
14.272058486938477	-24.211416244506836
13.96110725402832	-9.703512191772461
-0.9260566234588623	-20.501955032348633
3.860800266265869	-21.063940048217773
13.402959823608398	-8.865351676940918
9.889603614807129	-12.908369064331055
14.6466646194458	-21.36687469482422
-0.25313711166381836	-17.417409896850586
14.58230972290039	-6.66193151473999
-1.3474931716918945	-8.908555030822754
0.7352216243743896	-25.395980834960938
11.065640449523926	-9.962747573852539
-2.7303571701049805	-7.469547748565674
2.1681692600250244	-18.360654830932617
1.353224515914917	-26.43648338317871
1.0672752857208252	-28.86702537536621
8.528581619262695	-24.62247085571289
-1.0182693004608154	-20.14633560180664
9.512895584106445	-29.198486328125
1.9628009796142578	-27.842681884765625
7.465183258056641	-11.915942192077637
13.843615531921387	-25.238121032714844
-3.141806125640869	-10.259650230407715
2.238239288330078	-5.309545993804932
6.906791687011719	-5.2414231300354
10.769939422607422	-21.38176918029785
13.643180847167969	-7.202979564666748
-3.6712779998779297	-13.957877159118652
12.921937942504883	-7.908257961273193
14.170690536499023	-21.046648025512695
10.56696891784668	-6.033234119415283
9.351821899414062	-7.3706560134887695
13.3347806930542	-25.591083526611328
3.1094484329223633	-31.585033416748047
0.4602622985839844	-20.834943771362305
10.708232879638672	-11.304896354675293
0.392841100692749	-4.697720050811768
-2.5825304985046387	-6.712299346923828
2.8087596893310547	-14.587279319763184
13.101072311401367	-8.513614654541016
-2.722418785095215	-8.770689010620117
16.077411651611328	-18.4219913482666
1.37814462184906	-4.265375137329102
2.6340646743774414	-15.76307487487793
2.4007444381713867	-15.379873275756836
15.114043235778809	-9.079651832580566
7.500633716583252	-17.969266891479492
12.282293319702148	-11.108708381652832
6.209232330322266	-28.764419555664062
-1.5152511596679688	-7.881556510925293
1.6419342756271362	-4.076361179351807
5.237766265869141	-5.070527076721191
7.9739670753479	-12.390491485595703
-1.907547950744629	-6.970541477203369
0.03897923231124878	-6.589314937591553
4.812530517578125	-26.117223739624023
-0.25332337617874146	-5.760797023773193
15.174022674560547	-21.780187606811523
10.17281436920166	-29.02180290222168
1.965470790863037	-28.0426025390625
14.530633926391602	-7.702950477600098
16.726112365722656	-20.26227569580078
-1.4974205493927002	-6.37216329574585
16.425676345825195	-20.006736755371094
11.022101402282715	-15.2156982421875
5.336621284484863	-27.318862915039062
7.158344268798828	-30.159530639648438
9.340651512145996	-11.50393009185791
2.8171660900115967	-32.70817565917969
16.21106719970703	-9.984234809875488
2.5073635578155518	-32.820560455322266
14.659977912902832	-11.40505599975586
15.20881175994873	-9.971931457519531
3.170408010482788	-18.956462860107422
-3.6628146171569824	-14.845405578613281
4.178682327270508	-29.29686164855957
2.163064479827881	-15.861430168151855
7.965016841888428	-12.581031799316406
4.298254013061523	-32.02647018432617
4.188274383544922	-4.371737003326416
2.790978193283081	-29.90886878967285
5.333343029022217	-29.681785583496094
10.477087020874023	-10.921751022338867
4.056473731994629	-5.364406108856201
14.180083274841309	-10.970721244812012
7.409114837646484	-9.539633750915527
5.290271282196045	-30.150251388549805
4.216790199279785	-4.817741394042969
7.899040222167969	-28.520505905151367
12.349894523620605	-9.05086898803711
5.754727363586426	-13.222844123840332
13.992249488830566	-21.9078426361084
1.5463507175445557	-20.852418899536133
17.09173583984375	-19.707040786743164
3.5262200832366943	-4.19257116317749
3.8158206939697266	-24.07835578918457
6.1899871826171875	-13.256808280944824
8.11146068572998	-28.499988555908203
4.207751274108887	-9.215283393859863
14.54027271270752	-7.454118728637695
11.161075592041016	-12.694941520690918
-0.6048407554626465	-20.209426879882812
-2.5059287548065186	-8.47079849243164
1.0708165168762207	-16.37407875061035
-3.484860897064209	-20.45783042907715
2.6587231159210205	-16.793014526367188
7.594023704528809	-22.927841186523438
4.770281791687012	-23.73492431640625
13.2901029586792	-8.982967376708984
-3.897606372833252	-10.621808052062988
8.166996955871582	-19.06673812866211
3.6345608234405518	-23.891845703125
15.245241165161133	-10.351947784423828
1.8362025022506714	-13.649658203125
10.035992622375488	-14.029321670532227
2.819230079650879	-3.676032781600952
13.974910736083984	-16.6934757232666
8.49543571472168	-19.424678802490234
2.5897412300109863	-28.96084976196289
3.287297248840332	-32.88488006591797
4.105694770812988	-14.190755844116211
18.17731475830078	-23.117578506469727
14.56686019897461	-11.674847602844238
1.1676504611968994	-28.125595092773438
-3.8344202041625977	-12.206384658813477
1.5001469850540161	-17.841062545776367
12.965840339660645	-8.406140327453613
7.662510871887207	-31.495325088500977
14.58239459991455	-20.574378967285156
3.5514514446258545	-32.747310638427734
3.5659234523773193	-4.004175662994385
14.36521053314209	-18.86469078063965
11.731002807617188	-9.451554298400879
1.3656928539276123	-16.55267333984375
-0.3229372501373291	-24.746461868286133
2.5555636882781982	-22.43194007873535
14.397183418273926	-18.682567596435547
4.890206336975098	-31.643495559692383
3.3303489685058594	-13.28204345703125
4.051388740539551	-18.677520751953125
1.3328102827072144	-20.180477142333984
10.71570110321045	-24.99329948425293
17.085983276367188	-21.964080810546875
11.214695930480957	-6.759256839752197
0.31394267082214355	-15.827835083007812
14.916767120361328	-7.619345664978027
3.37187123298645	-19.660629272460938
1.2194578647613525	-22.86153221130371
10.470647811889648	-27.70755958557129
10.433520317077637	-14.358680725097656
2.5027012825012207	-17.149662017822266
12.293771743774414	-19.527891159057617
9.620512962341309	-8.740400314331055
4.783001899719238	-15.536718368530273
-2.985353708267212	-10.55301570892334
14.747095108032227	-15.013433456420898
8.027728080749512	-8.463787078857422
14.986587524414062	-12.565478324890137
5.449028968811035	-20.689088821411133
11.558422088623047	-17.013639450073242
14.320978164672852	-12.12038516998291
9.024202346801758	-25.571165084838867
5.927499771118164	-11.495046615600586
1.6374597549438477	-24.702499389648438
-2.870115280151367	-8.287769317626953
-1.2066746950149536	-6.287096977233887
6.876304626464844	-30.41133689880371
16.841506958007812	-18.545879364013672
7.790809631347656	-19.41787338256836
12.049976348876953	-6.422262191772461
3.2836151123046875	-18.61698341369629
10.49599838256836	-22.878206253051758
14.530797958374023	-9.125951766967773
9.008502006530762	-11.333553314208984
5.704660415649414	-31.85127067565918
2.962202787399292	-26.909761428833008
-4.3135786056518555	-17.291990280151367
14.850419044494629	-17.589635848999023
11.431818962097168	-25.37081527709961
4.844768524169922	-32.42765426635742
3.9378421306610107	-5.205422878265381
12.534602165222168	-19.505821228027344
-0.2849135398864746	-20.664011001586914
-0.5530794262886047	-11.18178653717041
10.631688117980957	-15.488431930541992
9.099485397338867	-8.197760581970215
4.633228302001953	-24.58072280883789
13.287765502929688	-9.206253051757812
17.567092895507812	-23.708415985107422
7.159745216369629	-12.681268692016602
1.0641920566558838	-24.665063858032227
12.818944931030273	-25.55318260192871
1.8288536071777344	-4.268793106079102
2.5619866847991943	-6.605754375457764
0.6515839099884033	-26.597177505493164
4.152490139007568	-20.874345779418945
0.9282660484313965	-25.80022621154785
1.0315155982971191	-18.284412384033203
6.0656890869140625	-27.53266143798828
11.743910789489746	-11.230108261108398
1.940849781036377	-32.388484954833984
0.8465408086776733	-4.203591823577881
0.4220547676086426	-26.799198150634766
4.864686012268066	-14.292719841003418
-3.5875754356384277	-11.671982765197754
11.139616012573242	-11.055431365966797
15.997601509094238	-11.038259506225586
6.478056907653809	-21.300817489624023
15.069612503051758	-12.182113647460938
14.543767929077148	-7.786566257476807
0.3099120855331421	-5.617422580718994
15.267189979553223	-12.301789283752441
1.7832493782043457	-18.80756378173828
3.357409954071045	-5.053974628448486
8.648775100708008	-28.802976608276367
7.624151229858398	-21.949180603027344
2.651287078857422	-4.748026371002197
3.286886692047119	-3.646510362625122
4.1376495361328125	-3.3063125610351562
7.534822940826416	-27.661603927612305
-3.2510452270507812	-9.81122875213623
-2.3217358589172363	-6.568844795227051
15.441703796386719	-15.043875694274902
7.7414231300354	-13.94907283782959
-2.9173970222473145	-7.713789463043213
2.1182608604431152	-17.301040649414062
15.637362480163574	-16.335872650146484
-2.3168067932128906	-7.223692417144775
16.162025451660156	-23.793136596679688
13.957613945007324	-6.491415500640869
7.525022983551025	-10.908798217773438
10.383310317993164	-10.459306716918945
0.8179670572280884	-17.512990951538086
16.98375701904297	-20.20786476135254
-2.0456368923187256	-6.068597316741943
6.569418907165527	-13.079801559448242
-2.3759355545043945	-7.112757682800293
-3.2165679931640625	-10.778953552246094
14.8417387008667	-9.117108345031738
10.962960243225098	-14.655010223388672
-0.32590603828430176	-5.122208595275879
3.1354479789733887	-4.579286098480225
5.449782848358154	-17.55168342590332
1.6530406475067139	-18.36598777770996
15.274733543395996	-15.757782936096191
-0.4065644145011902	-6.714705944061279
12.55207347869873	-9.920483589172363
15.083938598632812	-20.83409309387207
14.832669258117676	-13.805340766906738
-3.6965417861938477	-16.10633087158203
12.924787521362305	-11.824178695678711
13.127090454101562	-22.95560646057129
13.671833038330078	-7.546865463256836
14.827075004577637	-8.379364013671875
6.494760513305664	-27.406145095825195
5.181975364685059	-26.01487159729004
14.775947570800781	-11.389516830444336
0.5775490403175354	-6.896908283233643
-2.216886281967163	-6.3020501136779785
3.9346280097961426	-31.645402908325195
-3.620847225189209	-10.673877716064453
6.530779838562012	-29.476675033569336
2.076145887374878	-33.16351318359375
16.577667236328125	-21.464704513549805
2.8322815895080566	-16.904266357421875
-3.490684747695923	-12.949499130249023
-2.288304567337036	-8.249112129211426
12.816118240356445	-10.058602333068848
14.374942779541016	-8.553712844848633
15.583808898925781	-11.72286319732666
1.4357967376708984	-29.221464157104492
16.428319931030273	-25.282119750976562
0.5140674114227295	-25.304157257080078
11.204155921936035	-10.313660621643066
12.008069038391113	-9.716107368469238
1.890622615814209	-32.22787094116211
4.85413932800293	-30.402515411376953
1.9636551141738892	-16.441253662109375
0.4654984474182129	-26.924413681030273
15.040778160095215	-7.103037357330322
15.316617965698242	-8.692670822143555
13.064664840698242	-6.307918548583984
15.231805801391602	-23.61551856994629
1.8969087600708008	-29.709890365600586
6.595892906188965	-25.234580993652344
3.6641597747802734	-15.745067596435547
13.164446830749512	-14.254279136657715
13.33702564239502	-10.523882865905762
4.327495098114014	-4.318284511566162
14.632929801940918	-17.888080596923828
0.777043342590332	-28.278940200805664
2.8754220008850098	-30.33951759338379
0.17723321914672852	-23.85974884033203
2.5200982093811035	-33.451812744140625
2.293574810028076	-4.4030256271362305
-0.9064116477966309	-6.611844539642334
6.150179386138916	-12.494611740112305
5.042170524597168	-3.004441022872925
11.5770902633667	-9.918018341064453
13.084324836730957	-27.36433219909668
8.453590393066406	-23.48365020751953
4.229968070983887	-32.73151779174805
7.855877876281738	-26.083349227905273
5.29459810256958	-20.560909271240234
2.7634592056274414	-23.56217384338379
15.828466415405273	-8.312082290649414
8.159858703613281	-19.58976173400879
4.073038101196289	-29.477436065673828
3.55778169631958	-33.230010986328125
12.291086196899414	-6.488475322723389
14.691507339477539	-18.568920135498047
0.04562973976135254	-4.85385274887085
8.911370277404785	-23.172006607055664
1.4771580696105957	-18.57087516784668
-1.6602352857589722	-5.162041187286377
14.595270156860352	-7.239383697509766
-1.6640061140060425	-7.976795673370361
10.451216697692871	-11.31784725189209
1.4095957279205322	-29.99834632873535
-0.6150186657905579	-6.265782833099365
-3.719726085662842	-14.404831886291504
-0.048066139221191406	-4.624624252319336
9.948261260986328	-11.154770851135254
-0.3923228979110718	-21.39906883239746
5.33632755279541	-28.19594383239746
1.9037134647369385	-25.89031982421875
9.735879898071289	-10.394898414611816
-3.122407913208008	-10.00356388092041
8.895162582397461	-28.515470504760742
12.21415901184082	-15.215167999267578
4.00392484664917	-27.351165771484375
15.974905967712402	-9.821636199951172
-2.2331154346466064	-6.4898600578308105
2.651315212249756	-17.663890838623047
9.944572448730469	-17.276865005493164
10.692608833312988	-8.326783180236816
13.584646224975586	-24.394779205322266
15.06965446472168	-12.618119239807129
12.550512313842773	-7.3948774337768555
14.173651695251465	-9.75872802734375
15.437824249267578	-15.262314796447754
11.206889152526855	-23.551034927368164
11.731205940246582	-10.853437423706055
5.635372161865234	-22.85117530822754
12.762029647827148	-8.446152687072754
13.269360542297363	-24.085063934326172
10.17540168762207	-29.818666458129883
2.913789987564087	-3.8501248359680176
-0.9979250431060791	-5.531188011169434
3.3649208545684814	-32.10799789428711
5.435818672180176	-21.932451248168945
1.230607032775879	-17.29551887512207
-0.12519335746765137	-26.519468307495117
13.95458984375	-7.771171569824219
3.4691503047943115	-27.27359390258789
13.356062889099121	-23.914527893066406
9.883688926696777	-26.765153884887695
4.848114967346191	-25.827966690063477
8.140813827514648	-7.933169364929199
14.309683799743652	-24.77254867553711
4.449437618255615	-14.968392372131348
2.4358103275299072	-19.1680965423584
11.791662216186523	-25.223522186279297
3.3685381412506104	-31.531545639038086
9.625804901123047	-12.095611572265625
4.321420669555664	-33.2877082824707
-0.17829012870788574	-20.64380645751953
3.316314697265625	-3.302286148071289
-1.5301120281219482	-6.597765922546387
0.4861159324645996	-26.332660675048828
3.5789759159088135	-26.400535583496094
1.1325035095214844	-19.541833877563477
4.24163293838501	-31.83502197265625
-1.721502661705017	-7.027902603149414
4.189092636108398	-7.487377643585205
2.726181983947754	-25.59138298034668
0.24926376342773438	-16.464492797851562
14.609150886535645	-6.862895488739014
4.933019638061523	-9.051285743713379
3.039175510406494	-31.943483352661133
11.786049842834473	-12.512921333312988
10.73874282836914	-20.609291076660156
0.9138026237487793	-29.83852195739746
18.35236930847168	-23.293842315673828
-3.0305681228637695	-8.565720558166504
4.563607215881348	-24.915199279785156
11.435428619384766	-14.783166885375977
15.851577758789062	-9.00533390045166
12.811333656311035	-10.747812271118164
13.837423324584961	-26.459421157836914
15.615608215332031	-11.120684623718262
0.20677447319030762	-20.03821563720703
0.5372316837310791	-21.48017692565918
3.4193050861358643	-17.035436630249023
-0.4242844581604004	-19.06206512451172
16.098480224609375	-9.89722728729248
-3.1566340923309326	-8.011913299560547
-2.2526302337646484	-8.858733177185059
1.3370990753173828	-30.3660945892334
0.8379359245300293	-17.865833282470703
12.919408798217773	-19.094266891479492
-0.7695064544677734	-20.98560905456543
6.781779766082764	-26.02044105529785
1.531569480895996	-29.724889755249023
11.501763343811035	-27.815584182739258
15.792364120483398	-22.34955596923828
3.8351733684539795	-14.639575004577637
1.5050097703933716	-3.6999588012695312
14.164815902709961	-7.761275291442871
0.9734998941421509	-18.277734756469727
15.883255958557129	-24.023452758789062
-2.0929579734802246	-6.746766090393066
16.173715591430664	-26.69579315185547
14.768945693969727	-11.89292049407959
2.916749954223633	-27.905269622802734
13.368549346923828	-13.133002281188965
3.339752435684204	-3.4939892292022705
11.631470680236816	-19.62306785583496
1.2277278900146484	-4.2433929443359375
5.730886459350586	-30.079967498779297
2.9180827140808105	-3.4657557010650635
-3.272310256958008	-13.61797046661377
-3.7584950923919678	-11.062887191772461
2.2125189304351807	-31.68485450744629
-4.121333599090576	-11.452332496643066
11.937553405761719	-11.465561866760254
3.6740105152130127	-32.453216552734375
6.845138072967529	-24.279598236083984
5.737466812133789	-11.892581939697266
5.99011754989624	-16.890241622924805
8.210277557373047	-6.8114013671875
9.071043014526367	-8.32786750793457
10.725973129272461	-28.761491775512695
1.9261269569396973	-32.40209197998047
2.955531597137451	-13.130467414855957
3.2536377906799316	-16.122493743896484
14.318107604980469	-20.49513053894043
3.8843345642089844	-31.110868453979492
10.690917015075684	-18.019929885864258
4.249180793762207	-33.4034538269043
15.123699188232422	-21.695592880249023
-0.18940192461013794	-4.674215316772461
2.190363645553589	-3.3762402534484863
0.039821505546569824	-20.501022338867188
11.901678085327148	-13.481138229370117
2.149282932281494	-26.521089553833008
2.763068199157715	-14.373363494873047
5.285330772399902	-21.841400146484375
11.874692916870117	-27.738384246826172
-2.4500465393066406	-15.015419006347656
-0.03541254997253418	-19.65176010131836
16.254459381103516	-10.03010368347168
15.042154312133789	-17.96567726135254
2.9085144996643066	-30.26803207397461
7.527837753295898	-20.72200584411621
0.6701281070709229	-30.249494552612305
15.820130348205566	-10.44555950164795
12.61004638671875	-25.573997497558594
2.6923415660858154	-30.52046012878418
15.361800193786621	-18.898536682128906
5.831437587738037	-11.658935546875
-0.892940878868103	-19.736221313476562
13.896556854248047	-10.549627304077148
12.106978416442871	-10.844901084899902
-2.9297780990600586	-8.734560012817383
10.928462028503418	-9.88802433013916
0.731658935546875	-4.943356037139893
5.181766510009766	-15.00475788116455
4.048844337463379	-29.4859676361084
3.0828564167022705	-16.27326774597168
5.357879638671875	-24.24568748474121
0.9795446395874023	-16.926679611206055
11.237244606018066	-5.939178943634033
-0.810152530670166	-6.417994976043701
4.494232654571533	-20.252601623535156
12.91489028930664	-20.36292839050293
9.287474632263184	-11.472432136535645
2.250877857208252	-4.68528938293457
1.439948320388794	-27.022859573364258
15.862914085388184	-13.620272636413574
-1.4804103374481201	-7.173717498779297
5.496917724609375	-6.622009754180908
17.484195709228516	-23.350444793701172
2.12907075881958	-28.290332794189453
4.657458782196045	-21.82326316833496
3.1717188358306885	-20.211109161376953
-1.4472203254699707	-6.102749347686768
13.259319305419922	-10.625056266784668
15.422670364379883	-10.734118461608887
10.887481689453125	-27.94589614868164
11.758116722106934	-12.91700553894043
1.246314287185669	-19.030460357666016
13.213577270507812	-11.685739517211914
15.308294296264648	-10.567573547363281
-3.1231393814086914	-8.708734512329102
14.88569450378418	-13.971842765808105
9.912368774414062	-20.50506591796875
-0.37589120864868164	-13.249239921569824
5.995473861694336	-23.35970687866211
3.2297377586364746	-32.137611389160156
5.936525344848633	-25.56650161743164
-1.2957159280776978	-5.517879009246826
16.17668914794922	-10.165465354919434
13.529443740844727	-8.813361167907715
0.6127912998199463	-21.33939552307129
2.4419381618499756	-33.42964553833008
1.6328306198120117	-3.7356886863708496
6.647950172424316	-30.36283302307129
7.967697620391846	-28.5252742767334
15.230375289916992	-8.05335521697998
10.207510948181152	-14.078006744384766
8.172525405883789	-30.906496047973633
3.4161148071289062	-6.224590301513672
12.90219497680664	-10.764924049377441
2.5562517642974854	-20.28400421142578
7.200728416442871	-16.523290634155273
0.8434336185455322	-3.825301170349121
16.75026512145996	-21.898469924926758
2.361072063446045	-14.940908432006836
3.3571431636810303	-26.816007614135742
15.544373512268066	-24.1761474609375
0.440876841545105	-17.791431427001953
16.56424903869629	-12.374226570129395
16.556764602661133	-15.340760231018066
4.97799825668335	-28.319406509399414
4.053863525390625	-32.3538703918457
1.284895420074463	-23.959983825683594
-1.663651704788208	-19.9912109375
3.534968376159668	-7.667930603027344
10.276287078857422	-6.6846842765808105
3.479313850402832	-28.93505859375
3.209591865539551	-28.0407772064209
8.543828010559082	-22.311901092529297
-1.5632145404815674	-6.079971790313721
12.67220401763916	-8.024857521057129
9.616561889648438	-27.971879959106445
15.325007438659668	-16.446979522705078
-0.04669046401977539	-21.520078659057617
8.065771102905273	-12.32429313659668
5.82896614074707	-25.33175277709961
4.902598857879639	-14.086094856262207
4.014183044433594	-24.770326614379883
6.861478805541992	-26.894062042236328
2.2479891777038574	-17.75558090209961
17.65331268310547	-24.873428344726562
8.926190376281738	-25.359012603759766
-0.1629200577735901	-6.315554618835449
15.145524978637695	-13.8423433303833
13.40775203704834	-6.653669357299805
-0.21077731251716614	-5.2003493309021
2.7592647075653076	-33.76789093017578
1.8333501815795898	-30.378618240356445
-2.032604217529297	-6.833590030670166
2.391800880432129	-33.05227279663086
2.6725358963012695	-14.671786308288574
15.119279861450195	-6.598570346832275
2.8699913024902344	-32.521915435791016
16.923301696777344	-22.24306297302246
3.0909247398376465	-33.2064323425293
0.3343074321746826	-26.481660842895508
9.754215240478516	-27.034814834594727
4.249141693115234	-13.524087905883789
1.8645588159561157	-19.043212890625
2.102940559387207	-32.14564895629883
3.6619787216186523	-19.942487716674805
3.5297980308532715	-12.708011627197266
5.989861011505127	-25.51322364807129
1.2170464992523193	-3.8197295665740967
4.683154106140137	-22.386991500854492
0.6837449073791504	-22.28436279296875
16.933866500854492	-21.58252716064453
9.501249313354492	-19.873849868774414
5.08748197555542	-4.224924087524414
2.69268798828125	-19.72454071044922
-0.7665392160415649	-4.807732105255127
10.76660442352295	-17.0626277923584
-0.888647198677063	-6.526534080505371
-0.5205507278442383	-23.476459503173828
8.164968490600586	-5.402513027191162
5.878851890563965	-30.972457885742188
7.281024932861328	-10.80520248413086
8.408955574035645	-29.063722610473633
13.376077651977539	-9.260686874389648
8.004069328308105	-25.993003845214844
15.644184112548828	-15.485671997070312
14.460322380065918	-21.19608497619629
1.5919947624206543	-30.114694595336914
4.430841445922852	-30.87455177307129
13.951261520385742	-12.061470985412598
-0.0541856586933136	-4.322906494140625
8.808146476745605	-5.739981174468994
14.6434965133667	-6.711918354034424
14.87480640411377	-17.201051712036133
4.837159633636475	-33.49108123779297
9.861004829406738	-9.330516815185547
17.161951065063477	-18.989459991455078
14.512809753417969	-13.949883460998535
11.70504379272461	-14.049541473388672
17.71158218383789	-19.360862731933594
3.0418124198913574	-27.332239151000977
9.693974494934082	-29.71942710876465
-0.3589053750038147	-5.377176761627197
-0.1570194959640503	-22.272382736206055
6.553823471069336	-21.303489685058594
9.045884132385254	-27.393993377685547
2.783737897872925	-33.12003707885742
0.9787888526916504	-28.831785202026367
10.657318115234375	-22.081424713134766
2.5918521881103516	-29.0982723236084
12.541594505310059	-8.099430084228516
3.9552595615386963	-25.901470184326172
12.775195121765137	-10.803376197814941
5.088811874389648	-23.14032554626465
0.5579928159713745	-19.994422912597656
-1.165730595588684	-6.61644172668457
-4.124168395996094	-16.945316314697266
14.885188102722168	-8.51923656463623
14.181060791015625	-10.390534400939941
7.503053665161133	-6.538285255432129
-3.6260366439819336	-11.506041526794434
10.986361503601074	-14.320837020874023
-3.025059700012207	-7.995601177215576
-3.7514545917510986	-11.966781616210938
0.87129807472229	-25.736167907714844
0.3206241726875305	-8.011765480041504
15.877567291259766	-26.110530853271484
9.943818092346191	-28.937952041625977
6.60965633392334	-31.001346588134766
12.368738174438477	-13.41628360748291
5.9287109375	-30.733461380004883
-3.1659040451049805	-17.29193115234375
13.054999351501465	-9.15715503692627
10.680578231811523	-5.547241687774658
-3.8648886680603027	-11.113868713378906
-3.8850717544555664	-19.89777183532715
4.17795467376709	-30.90003204345703
10.137184143066406	-12.829556465148926
7.7153706550598145	-13.131450653076172
-3.5578806400299072	-17.55196762084961
5.5490264892578125	-29.248586654663086
5.469110012054443	-6.482751846313477
5.9844818115234375	-14.019347190856934
11.357845306396484	-9.284852027893066
11.787382125854492	-25.26521110534668
2.472768783569336	-33.240299224853516
3.999467372894287	-16.934429168701172
12.638991355895996	-12.830921173095703
13.410404205322266	-10.787611961364746
7.032949447631836	-23.019529342651367
1.1866202354431152	-3.7196450233459473
4.743589878082275	-22.486309051513672
11.653629302978516	-20.198001861572266
-3.6586477756500244	-11.742668151855469
12.289145469665527	-10.75683879852295
17.167430877685547	-22.23918342590332
-2.092891216278076	-7.761928558349609
17.247112274169922	-22.687028884887695
15.56558895111084	-7.345239639282227
0.9624788761138916	-22.98946189880371
16.021799087524414	-23.541425704956055
-2.0090584754943848	-7.554820537567139
10.217242240905762	-23.706989288330078
15.283472061157227	-11.569687843322754
2.67134428024292	-16.502378463745117
4.13239860534668	-25.862031936645508
10.024081230163574	-13.7559175491333
9.622614860534668	-17.92408561706543
15.791054725646973	-11.327463150024414
15.15748405456543	-7.59621524810791
4.97490930557251	-3.827346086502075
-2.60463809967041	-7.2657012939453125
-1.1568408012390137	-6.849178791046143
5.430263519287109	-16.26983070373535
-1.2083477973937988	-7.334283828735352
3.181648015975952	-3.545210361480713
11.722282409667969	-20.160903930664062
7.343620300292969	-12.400840759277344
2.097825527191162	-32.835205078125
13.264122009277344	-12.525028228759766
15.579331398010254	-11.46051025390625
8.193999290466309	-12.472805976867676
2.29245924949646	-32.4463005065918
2.3628222942352295	-5.187833309173584
17.662601470947266	-13.491084098815918
2.3012659549713135	-19.477890014648438
0.5466585159301758	-28.481149673461914
11.133293151855469	-6.353318214416504
12.542509078979492	-11.838502883911133
-3.734924554824829	-14.13981819152832
15.485196113586426	-8.310587882995605
4.546204566955566	-31.555824279785156
17.722171783447266	-23.307870864868164
2.1627371311187744	-29.56354522705078
1.1168897151947021	-16.393821716308594
-2.968574047088623	-16.422252655029297
2.390448808670044	-30.77779769897461
9.914125442504883	-22.51744270324707
2.370697021484375	-31.693437576293945
7.950981140136719	-15.087996482849121
4.020458698272705	-31.067190170288086
6.323695182800293	-28.2799072265625
1.5920964479446411	-16.11326789855957
14.547423362731934	-8.78276252746582
-2.5191264152526855	-8.972614288330078
5.463892936706543	-32.130924224853516
9.621198654174805	-9.914512634277344
0.8013908863067627	-20.114330291748047
8.388914108276367	-12.237109184265137
-2.9102907180786133	-7.567933559417725
15.059727668762207	-12.241939544677734
6.725166320800781	-12.330760955810547
8.24107837677002	-16.81723976135254
4.303749084472656	-12.516013145446777
2.61289381980896	-29.267311096191406
9.879112243652344	-15.520359992980957
7.499362945556641	-6.65744161605835
2.870604991912842	-33.74074172973633
15.298361778259277	-9.123245239257812
13.750822067260742	-12.862214088439941
8.655071258544922	-24.718904495239258
-2.188045024871826	-5.8018341064453125
9.853667259216309	-21.146800994873047
15.236021995544434	-10.530296325683594
2.640942335128784	-32.0872917175293
4.587213516235352	-31.813268661499023
6.144011497497559	-13.029574394226074
10.7362699508667	-23.066953659057617
13.603816986083984	-13.226794242858887
10.460987091064453	-10.551375389099121
7.548905372619629	-11.617554664611816
14.949769973754883	-14.338088035583496
12.622441291809082	-17.600618362426758
15.058754920959473	-18.321346282958984
4.89417839050293	-22.201120376586914
16.167760848999023	-11.250471115112305
17.189741134643555	-24.368022918701172
14.697059631347656	-11.684459686279297
15.060256004333496	-8.300732612609863
0.9872329235076904	-5.296604156494141
1.716334342956543	-26.835063934326172
15.697049140930176	-20.217266082763672
6.319718360900879	-30.43863296508789
5.312042713165283	-16.006301879882812
15.07802963256836	-9.245116233825684
6.100639343261719	-31.16819190979004
18.511001586914062	-21.920827865600586
4.250415802001953	-19.27374839782715
11.096961975097656	-23.128643035888672
12.809623718261719	-16.85668182373047
15.130699157714844	-7.8763346672058105
5.117950439453125	-31.001209259033203
4.214988708496094	-29.53873062133789
0.5848091840744019	-19.25108528137207
-3.8913769721984863	-13.342575073242188
1.143249273300171	-28.308530807495117
5.486144065856934	-31.498313903808594
5.018439292907715	-27.197078704833984
8.966659545898438	-9.47852611541748
15.364218711853027	-14.905699729919434
3.3302488327026367	-17.857704162597656
-3.599602222442627	-19.909467697143555
7.522448539733887	-30.188373565673828
15.421849250793457	-17.766767501831055
3.3668618202209473	-33.389564514160156
1.0068957805633545	-4.833482265472412
10.915289878845215	-12.414031028747559
2.382619857788086	-17.187294006347656
14.532413482666016	-21.76556396484375
5.268455982208252	-3.954610824584961
6.449034214019775	-20.184228897094727
-2.2453665733337402	-7.267678260803223
5.896615982055664	-19.8228816986084
16.510940551757812	-17.25917625427246
15.551104545593262	-23.21287727355957
10.917428970336914	-20.576250076293945
1.6876208782196045	-26.94410514831543
6.705938339233398	-5.030742645263672
7.084436893463135	-29.064693450927734
-3.742267608642578	-12.010541915893555
12.093240737915039	-26.739660263061523
3.034606695175171	-29.02420997619629
4.0146894454956055	-31.2045955657959
0.7331756353378296	-20.609275817871094
1.9672040939331055	-6.053933620452881
0.3243072032928467	-21.672151565551758
6.685012340545654	-13.554696083068848
11.244219779968262	-25.32062339782715
-2.7328858375549316	-8.484441757202148
6.1680450439453125	-15.24541187286377
16.61588478088379	-20.757156372070312
3.1711342334747314	-3.6683897972106934
-3.0522093772888184	-10.447046279907227
8.390889167785645	-27.905956268310547
-2.745575189590454	-8.449939727783203
-2.7501370906829834	-8.89750862121582
7.630392074584961	-13.980692863464355
15.901834487915039	-15.45231819152832
2.8371529579162598	-3.390453815460205
5.63508415222168	-25.33685874938965
12.471475601196289	-25.392480850219727
-1.9344611167907715	-6.7584991455078125
7.204490661621094	-24.1463565826416
13.928983688354492	-20.761798858642578
0.4961443543434143	-5.434947967529297
-1.9589886665344238	-7.421612739562988
12.574782371520996	-13.651108741760254
16.783918380737305	-23.934865951538086
16.42608642578125	-18.344728469848633
3.0011146068573	-3.3213679790496826
5.746614933013916	-12.814041137695312
-0.09584927558898926	-25.374475479125977
-1.8764071464538574	-5.927312850952148
12.647785186767578	-9.395030975341797
-2.5337138175964355	-11.430306434631348
5.143669128417969	-5.934528827667236
0.3367873430252075	-7.751851558685303
5.802976608276367	-5.0145978927612305
4.141143798828125	-4.0013628005981445
16.991483688354492	-19.30867576599121
0.4206099510192871	-18.927963256835938
1.6207892894744873	-22.800582885742188
-1.1418195962905884	-21.23956298828125
12.162714958190918	-10.28371524810791
-2.544616222381592	-7.218894958496094
12.54775333404541	-6.271235942840576
0.9494725465774536	-18.09995460510254
15.297449111938477	-22.554880142211914
2.556861400604248	-29.798357009887695
10.138772010803223	-11.218958854675293
6.75710391998291	-4.373999118804932
-3.142796039581299	-8.494281768798828
6.216682434082031	-31.348045349121094
3.4279403686523438	-31.80290412902832
14.564009666442871	-9.426630020141602
4.0849785804748535	-27.883743286132812
-3.366194248199463	-13.978753089904785
1.7634656429290771	-18.594694137573242
14.574252128601074	-14.353445053100586
8.944734573364258	-13.229284286499023
4.230105400085449	-31.931289672851562
3.9633679389953613	-5.78661584854126
2.621429920196533	-15.636963844299316
10.411516189575195	-13.67855167388916
2.2216389179229736	-30.08534812927246
14.601128578186035	-17.05943489074707
-0.6147002577781677	-7.010480880737305
14.9502592086792	-8.38005256652832
14.138376235961914	-14.093605041503906
8.185653686523438	-27.380817413330078
12.67370891571045	-24.851158142089844
3.7366936206817627	-30.65519142150879
2.3975670337677	-32.611080169677734
7.411942481994629	-30.854894638061523
0.8866193294525146	-30.228792190551758
3.841519594192505	-32.95597839355469
-3.9801406860351562	-13.120643615722656
9.636590003967285	-27.013137817382812
6.741757869720459	-14.206517219543457
2.89436411857605	-5.375243663787842
2.9556968212127686	-25.585573196411133
8.330965042114258	-13.315732955932617
7.6771674156188965	-26.686037063598633
7.504527568817139	-23.983585357666016
10.784444808959961	-24.360939025878906
14.144207000732422	-10.646671295166016
5.198866844177246	-25.985139846801758
-3.8975353240966797	-12.26409912109375
3.790062427520752	-16.30422019958496
2.7810258865356445	-4.302863597869873
13.872430801391602	-20.493417739868164
8.851137161254883	-11.594677925109863
1.8168554306030273	-19.482744216918945
8.121519088745117	-28.403728485107422
6.8759379386901855	-27.057525634765625
5.12214994430542	-28.438440322875977
-2.720134973526001	-8.086063385009766
14.705826759338379	-8.525938034057617
13.958756446838379	-9.890060424804688
7.53804874420166	-20.525070190429688
2.0027923583984375	-19.016441345214844
-1.2223472595214844	-21.339584350585938
-0.6126284599304199	-22.077131271362305
1.2636098861694336	-5.09182596206665
7.258129596710205	-14.086503982543945
9.693657875061035	-5.1456098556518555
4.9061102867126465	-32.117584228515625
11.972933769226074	-11.018455505371094
5.850188255310059	-27.79522705078125
3.060798168182373	-32.31344985961914
11.833765029907227	-19.836313247680664
15.186251640319824	-7.132907867431641
4.221898078918457	-21.176841735839844
13.133435249328613	-7.528921604156494
14.167494773864746	-6.708178520202637
15.267181396484375	-8.48741340637207
-1.1109861135482788	-20.11555290222168
3.934534788131714	-3.4000468254089355
-3.2998905181884766	-9.753791809082031
2.4883787631988525	-27.115673065185547
1.4090909957885742	-23.31846046447754
5.916960716247559	-21.288145065307617
2.618286609649658	-3.6139237880706787
15.605728149414062	-20.041597366333008
2.02543306350708	-15.828511238098145
4.9622650146484375	-6.216114044189453
17.174053192138672	-16.600473403930664
7.914499282836914	-18.451515197753906
1.5985345840454102	-25.915264129638672
15.200267791748047	-20.719465255737305
13.89010238647461	-24.652978897094727
16.506454467773438	-20.36431312561035
1.0161008834838867	-21.789756774902344
7.25690221786499	-26.02412986755371
5.100183486938477	-30.941585540771484
12.387945175170898	-21.556001663208008
11.491683959960938	-10.433443069458008
10.516161918640137	-22.84199333190918
5.836933612823486	-31.496923446655273
10.067049026489258	-8.93157958984375
15.512920379638672	-20.730636596679688
15.824320793151855	-13.922539710998535
-3.5739235877990723	-13.181364059448242
14.2470121383667	-7.789096832275391
3.5851492881774902	-28.411813735961914
1.1484589576721191	-6.045090675354004
6.657145023345947	-6.585354328155518
-1.3976287841796875	-6.3218841552734375
13.742835998535156	-15.527713775634766
-0.5728946924209595	-23.189016342163086
15.31635856628418	-13.944661140441895
6.510444641113281	-30.6669979095459
15.1478853225708	-11.891072273254395
2.856238842010498	-32.64884567260742
0.21270939707756042	-4.10015344619751
14.767539024353027	-9.34996509552002
2.4826560020446777	-15.519830703735352
16.66668128967285	-17.69771957397461
9.546126365661621	-14.025617599487305
16.559253692626953	-10.2507905960083
14.844051361083984	-24.193010330200195
13.549553871154785	-8.087379455566406
3.946847438812256	-4.368131637573242
-3.37412691116333	-8.77541732788086
1.3129045963287354	-4.994914531707764
