1
0.1382165551185608	0.18597199022769928
0.13746313750743866	0.18470951914787292
0.13708819448947906	0.18405185639858246
0.14075416326522827	0.19024038314819336
0.14412133395671844	0.19603173434734344
0.13787643611431122	0.1853851079940796
0.14482612907886505	0.19721299409866333
0.13918547332286835	0.1876627802848816
0.1381736844778061	0.185861736536026
0.13765129446983337	0.1851167380809784
0.13685345649719238	0.18363319337368011
0.13751667737960815	0.18474143743515015
0.1434747576713562	0.19481468200683594
0.14167538285255432	0.19184115529060364
0.1393694430589676	0.18780845403671265
0.14307764172554016	0.1942598670721054
0.1399456411600113	0.18887852132320404
0.13723637163639069	0.18424852192401886
0.1420249342918396	0.19229553639888763
0.13654859364032745	0.18319016695022583
0.14099398255348206	0.19067877531051636
0.13910236954689026	0.18746691942214966
0.13999348878860474	0.18911194801330566
0.13683165609836578	0.1837037056684494
0.138015478849411	0.18560200929641724
0.14465241134166718	0.1969527006149292
0.1443396508693695	0.1963260918855667
0.14403164386749268	0.19587913155555725
0.13647586107254028	0.18303923308849335
0.13805896043777466	0.18567517399787903
0.14219805598258972	0.19294868409633636
0.1390107274055481	0.18725012242794037
0.13642854988574982	0.18292862176895142
0.14273397624492645	0.19378788769245148
0.1367320418357849	0.18357351422309875
0.1360444575548172	0.1824011653661728
0.13673369586467743	0.18345338106155396
0.13623873889446259	0.18268145620822906
0.1372600495815277	0.18443141877651215
0.14271695911884308	0.1937076300382614
0.14045600593090057	0.18975359201431274
0.14404010772705078	0.1958034187555313
0.13885463774204254	0.18712973594665527
0.14243605732917786	0.19317582249641418
0.1451035588979721	0.19766369462013245
0.14143674075603485	0.1915082335472107
0.14381495118141174	0.1954173445701599
0.13633522391319275	0.18281754851341248
0.13680152595043182	0.18359333276748657
0.14371930062770844	0.19525329768657684
0.1406182199716568	0.19026373326778412
0.13729429244995117	0.1844019591808319
0.13665349781513214	0.18326930701732635
0.1412704586982727	0.19117514789104462
0.1456199437379837	0.19857151806354523
0.14049997925758362	0.18974682688713074
0.14505720138549805	0.1975831240415573
0.13671164214611053	0.1834014505147934
0.13769544661045074	0.18512305617332458
0.13946110010147095	0.1881958544254303
0.1394941359758377	0.1881626397371292
0.14369907975196838	0.19518506526947021
0.14243485033512115	0.19320470094680786
0.13657444715499878	0.1832031011581421
0.13713108003139496	0.18407154083251953
0.139187753200531	0.18767264485359192
0.1365429311990738	0.18312287330627441
0.1360485702753067	0.18236757814884186
0.14406439661979675	0.19587992131710052
0.14115069806575775	0.1909886598587036
0.14437757432460785	0.1963549256324768
0.14193744957447052	0.19243447482585907
0.137009397149086	0.1839921921491623
0.14490695297718048	0.19732294976711273
0.14240464568138123	0.19323453307151794
0.14109307527542114	0.19089995324611664
0.1414387971162796	0.1915942281484604
0.13781070709228516	0.1852772831916809
0.13762934505939484	0.18494611978530884
0.1452246904373169	0.19791179895401
0.14540217816829681	0.19817569851875305
0.14161871373653412	0.19194667041301727
0.13837751746177673	0.18626873195171356
0.14332008361816406	0.19462169706821442
0.1371462047100067	0.18416394293308258
0.13718153536319733	0.1842808872461319
0.13864845037460327	0.18668077886104584
0.13892404735088348	0.18722538650035858
0.1450122594833374	0.1975284069776535
0.13702714443206787	0.18383947014808655
0.136384516954422	0.18296681344509125
0.13952486217021942	0.1882142275571823
0.14140087366104126	0.19154109060764313
0.14286305010318756	0.19384561479091644
0.13935387134552002	0.1878105252981186
0.13813424110412598	0.1858997941017151
0.14021046459674835	0.18936169147491455
0.1367798000574112	0.18352632224559784
0.14460788667201996	0.19684182107448578
0.139041468501091	0.18746104836463928
0.13637618720531464	0.18289141356945038
0.14349430799484253	0.1949414312839508
0.13757483661174774	0.18488605320453644
0.13689589500427246	0.18372884392738342
0.14537563920021057	0.1980990171432495
0.13593220710754395	0.1821456402540207
0.14242593944072723	0.1931370496749878
0.1442200392484665	0.19616855680942535
0.13672572374343872	0.1834024041891098
0.1367650032043457	0.1835203468799591
0.1423196792602539	0.19294747710227966
0.14109154045581818	0.19093547761440277
0.14330989122390747	0.19454576075077057
0.14071914553642273	0.19019953906536102
0.13969415426254272	0.1884889304637909
0.13730280101299286	0.18444252014160156
0.13753311336040497	0.18482311069965363
0.1370704174041748	0.18396680057048798
0.14124524593353271	0.19130553305149078
0.14155493676662445	0.19163762032985687
0.1370406597852707	0.18414926528930664
0.1401027888059616	0.18942072987556458
0.1390864998102188	0.18760760128498077
0.1423114389181137	0.19296574592590332
0.14145931601524353	0.1914111077785492
0.1405072659254074	0.1899809092283249
0.14108815789222717	0.19096194207668304
0.13891197741031647	0.18708758056163788
0.14115050435066223	0.19113819301128387
0.13822735846042633	0.18599651753902435
0.14411011338233948	0.1959001123905182
0.13676030933856964	0.18354199826717377
0.13642701506614685	0.182968407869339
0.1371787190437317	0.1842900812625885
0.1404443383216858	0.1896854192018509
0.14012090861797333	0.1892434060573578
0.13614223897457123	0.18256376683712006
0.14011292159557343	0.1893928349018097
0.1408867985010147	0.19068729877471924
0.14406460523605347	0.19589681923389435
0.14235259592533112	0.19313301146030426
0.14277294278144836	0.19372893869876862
0.14312095940113068	0.19426703453063965
0.14511343836784363	0.19761374592781067
0.13701139390468597	0.1838676631450653
0.1420293003320694	0.19248929619789124
0.13756029307842255	0.1849270462989807
0.13766855001449585	0.18507786095142365
0.14365558326244354	0.19515345990657806
0.13591867685317993	0.18214033544063568
0.1387546807527542	0.18690064549446106
0.13767142593860626	0.18513570725917816
0.1442628651857376	0.19628113508224487
0.1402057409286499	0.18935218453407288
0.1430210918188095	0.19410324096679688
0.13898779451847076	0.18721935153007507
0.13811323046684265	0.18591542541980743
0.1407930552959442	0.19027844071388245
0.14211583137512207	0.19255569577217102
0.14385852217674255	0.19558726251125336
0.13682712614536285	0.18359024822711945
0.13701610267162323	0.1839800477027893
0.1443590670824051	0.19635355472564697
0.1391485631465912	0.1876242756843567
0.13728252053260803	0.1844668686389923
0.14060096442699432	0.190177321434021
0.1372928023338318	0.18433399498462677
0.14258070290088654	0.1934657245874405
0.1447426974773407	0.19707687199115753
0.14479714632034302	0.19715538620948792
0.13673299551010132	0.18349799513816833
0.1409522444009781	0.1907566785812378
0.14510148763656616	0.19765514135360718
0.14107336103916168	0.19094154238700867
0.1367846429347992	0.18355649709701538
0.14551715552806854	0.19836589694023132
0.13711029291152954	0.18418827652931213
0.13688865303993225	0.1837577521800995
0.13592268526554108	0.18212668597698212
0.13613466918468475	0.1825253814458847
0.1440495401620865	0.19578057527542114
0.13835309445858002	0.18618221580982208
0.1379011869430542	0.18551436066627502
0.14058487117290497	0.18993549048900604
0.14295026659965515	0.19407516717910767
0.14440816640853882	0.19651852548122406
0.14470228552818298	0.19692595303058624
0.1407545655965805	0.1904456615447998
0.13635055720806122	0.18292850255966187
0.13793382048606873	0.18555475771427155
0.14335446059703827	0.19473469257354736
0.143427774310112	0.19486035406589508
0.13823562860488892	0.18612328171730042
0.13752055168151855	0.18485215306282043
0.1379612535238266	0.18549220263957977
0.14233124256134033	0.19296902418136597
0.13688336312770844	0.18371357023715973
0.13968105614185333	0.18837788701057434
0.1411740630865097	0.19108332693576813
0.1430850625038147	0.1943448930978775
0.1439288705587387	0.19570358097553253
0.14517059922218323	0.19773800671100616
0.14141692221164703	0.1913469135761261
0.14131495356559753	0.19123336672782898
0.1365956813097	0.1832418441772461
0.13766467571258545	0.1851477026939392
0.14225293695926666	0.1929590255022049
0.14439207315444946	0.1964365541934967
0.14241375029087067	0.19321155548095703
0.1421477496623993	0.19259615242481232
0.1409788876771927	0.19063909351825714
0.13780686259269714	0.18517106771469116
0.14103345572948456	0.19094058871269226
0.14335082471370697	0.19467972218990326
0.14336040616035461	0.19469040632247925
0.13662861287593842	0.18328477442264557
0.14083363115787506	0.1904030591249466
0.1367463320493698	0.18358105421066284
0.1448434442281723	0.1971351057291031
0.14065849781036377	0.19025051593780518
0.13778413832187653	0.18523287773132324
0.14220331609249115	0.1928226798772812
0.14320050179958344	0.19442972540855408
0.14523693919181824	0.1979290097951889
0.14520488679409027	0.1977834701538086
0.1455279290676117	0.1984478384256363
0.1441543698310852	0.19602170586585999
0.1433318555355072	0.19467009603977203
0.1364147812128067	0.18296536803245544
0.14194075763225555	0.19242461025714874
0.1439395248889923	0.19566600024700165
0.13892921805381775	0.18741512298583984
0.1411028355360031	0.19083091616630554
0.14451347291469574	0.1966247707605362
0.1422003209590912	0.19281192123889923
0.137669637799263	0.18523603677749634
0.14244435727596283	0.19334667921066284
0.13808123767375946	0.18578705191612244
0.13644744455814362	0.1829749494791031
0.1366460621356964	0.18342873454093933
0.1451801061630249	0.19774819910526276
0.13611392676830292	0.18249356746673584
0.13941264152526855	0.1879374235868454
0.13985776901245117	0.18876388669013977
0.1406489610671997	0.19013170897960663
0.13821950554847717	0.18600282073020935
0.13680952787399292	0.18364164233207703
0.1442754864692688	0.19622035324573517
0.1440364271402359	0.1957796812057495
0.13885103166103363	0.18721120059490204
0.14428676664829254	0.19629442691802979
0.14390484988689423	0.19557681679725647
0.143012136220932	0.19403256475925446
0.13759905099868774	0.18513523042201996
0.13698087632656097	0.1838150918483734
0.14072902500629425	0.19044175744056702
0.14063982665538788	0.19025138020515442
0.1437828093767166	0.19537100195884705
0.14321140944957733	0.19448362290859222
0.14022666215896606	0.18950188159942627
0.14258505403995514	0.1935650110244751
0.137591153383255	0.18517012894153595
0.14256665110588074	0.1932617872953415
0.1424374282360077	0.19314178824424744
0.13689909875392914	0.1837638020515442
0.13916419446468353	0.18752798438072205
0.13725349307060242	0.1843225359916687
0.13872240483760834	0.1869647055864334
0.13933967053890228	0.18784184753894806
0.1438828855752945	0.19560416042804718
0.1407056599855423	0.1902327537536621
0.1443345993757248	0.19627954065799713
0.14221443235874176	0.19268669188022614
0.13772062957286835	0.18505272269248962
0.143300861120224	0.19465160369873047
0.14379198849201202	0.19545184075832367
0.13914388418197632	0.1875402182340622
0.14151401817798615	0.19180557131767273
0.1414411962032318	0.19166986644268036
0.13821858167648315	0.1859007030725479
0.14213325083255768	0.19262471795082092
0.1441187709569931	0.19608455896377563
0.13901019096374512	0.18740791082382202
0.1394874006509781	0.18826240301132202
0.14506718516349792	0.19757886230945587
0.14227557182312012	0.19281715154647827
0.13715744018554688	0.18421411514282227
0.14289437234401703	0.19398456811904907
0.13759271800518036	0.18490345776081085
0.14369042217731476	0.19527170062065125
0.14235027134418488	0.19302305579185486
0.1442825198173523	0.1962742954492569
0.13899116218090057	0.18734320998191833
0.1388022005558014	0.18702572584152222
0.137449711561203	0.18467961251735687
0.1401364803314209	0.18916353583335876
0.14526982605457306	0.19788606464862823
0.14173482358455658	0.19211365282535553
0.13649725914001465	0.18299178779125214
0.13639236986637115	0.18290461599826813
0.14376752078533173	0.19538059830665588
0.13730460405349731	0.18452304601669312
0.13714110851287842	0.18414509296417236
0.13738587498664856	0.18449024856090546
0.13749822974205017	0.18473230302333832
0.1408005654811859	0.1902705281972885
0.13679035007953644	0.18384450674057007
0.14476537704467773	0.1971082091331482
0.13787133991718292	0.18529115617275238
0.14517563581466675	0.1977410912513733
0.1444917470216751	0.1966584324836731
0.13934986293315887	0.18810971081256866
0.14400750398635864	0.1958133578300476
0.14414171874523163	0.19596685469150543
0.13658030331134796	0.1832016557455063
0.14332222938537598	0.19468337297439575
0.1430382877588272	0.19414067268371582
0.13833555579185486	0.18625369668006897
0.13675247132778168	0.18355661630630493
0.14193005859851837	0.1921875774860382
0.13930904865264893	0.18783465027809143
0.14155243337154388	0.19158770143985748
0.13879866898059845	0.18686449527740479
0.13851137459278107	0.1864553838968277
0.14073805510997772	0.1904975175857544
0.1367383748292923	0.18349555134773254
0.14261706173419952	0.1933799684047699
0.14393551647663116	0.19573795795440674
0.13778583705425262	0.1853455752134323
0.13879291713237762	0.18685051798820496
0.13868823647499084	0.18668609857559204
0.1438211053609848	0.19545598328113556
0.1373489946126938	0.18467450141906738
0.13593119382858276	0.18223357200622559
0.13655801117420197	0.18314522504806519
0.1450456976890564	0.1975802779197693
0.1367558091878891	0.18349966406822205
0.145173117518425	0.19777734577655792
0.14565931260585785	0.19866102933883667
0.14257198572158813	0.19330422580242157
0.13864333927631378	0.18658258020877838
0.1415736824274063	0.19176945090293884
0.1391388475894928	0.18761686980724335
0.1357233226299286	0.18182478845119476
0.13680964708328247	0.18357312679290771
0.13692672550678253	0.18375946581363678
0.1383436620235443	0.18617141246795654
0.13901817798614502	0.18733108043670654
0.14233329892158508	0.19294606149196625
0.13607485592365265	0.1824011504650116
0.13695046305656433	0.18386882543563843
0.1447894275188446	0.1971653252840042
0.1395822912454605	0.18836289644241333
0.14271564781665802	0.19366826117038727
0.14450164139270782	0.19665409624576569
0.14029085636138916	0.18951909244060516
0.13793283700942993	0.18548598885536194
0.13583914935588837	0.18202629685401917
0.14433757960796356	0.1963232010602951
0.14528635144233704	0.1979425698518753
0.14503352344036102	0.1975143402814865
0.1439097374677658	0.1955839842557907
0.1398555189371109	0.1886589676141739
0.1381046026945114	0.1858384907245636
0.13722777366638184	0.18430311977863312
0.14077487587928772	0.19026048481464386
0.137375146150589	0.18458715081214905
0.14353623986244202	0.19506362080574036
0.14119897782802582	0.1908968985080719
0.14397695660591125	0.1957651972770691
0.13903163373470306	0.18731598556041718
0.14035078883171082	0.18975570797920227
0.1371813416481018	0.18418484926223755
0.13635307550430298	0.18276914954185486
0.14255927503108978	0.19331538677215576
0.1413717269897461	0.19151385128498077
0.13785119354724884	0.18524758517742157
0.13714024424552917	0.18414457142353058
0.1369410753250122	0.18376101553440094
0.13723282516002655	0.18428915739059448
0.14134381711483002	0.191316157579422
0.13769805431365967	0.18536560237407684
0.1371890902519226	0.18417540192604065
0.14351308345794678	0.1949937492609024
0.14112141728401184	0.1910884976387024
0.13629436492919922	0.1827421486377716
0.1364585906267166	0.18298888206481934
0.14116287231445312	0.1909167468547821
0.14284320175647736	0.19377867877483368
0.14523091912269592	0.1978244036436081
0.13675987720489502	0.1835852861404419
0.14336904883384705	0.1947682797908783
0.14125077426433563	0.19107657670974731
0.14450223743915558	0.19657005369663239
0.14147354662418365	0.19161076843738556
0.14460311830043793	0.19672700762748718
0.14034588634967804	0.18964391946792603
0.136927530169487	0.18371810019016266
0.14056238532066345	0.19011244177818298
0.1444016396999359	0.1965155154466629
0.1373736560344696	0.18459384143352509
0.14339777827262878	0.19476501643657684
0.14115768671035767	0.19122177362442017
0.14535720646381378	0.19811730086803436
0.1368170976638794	0.18359895050525665
0.13641880452632904	0.18305814266204834
0.1436922699213028	0.19536322355270386
0.1370907872915268	0.18401144444942474
0.14377909898757935	0.1954239159822464
0.14443206787109375	0.1964578479528427
0.14334315061569214	0.19463105499744415
0.14011730253696442	0.18925058841705322
0.13707226514816284	0.1840372383594513
0.14427876472473145	0.1962772160768509
0.1379641890525818	0.1854890137910843
0.14545699954032898	0.1982938051223755
0.14507606625556946	0.19754737615585327
0.14027568697929382	0.1895257830619812
0.14359822869300842	0.19515059888362885
0.1369965821504593	0.18392395973205566
0.142628014087677	0.1936468482017517
0.13710689544677734	0.18414628505706787
0.136257141828537	0.1826479732990265
0.13901713490486145	0.18731965124607086
0.14197884500026703	0.19229884445667267
0.14000360667705536	0.18901702761650085
0.1396523267030716	0.18828101456165314
0.1414930522441864	0.1915310025215149
0.14560125768184662	0.19851331412792206
0.13822118937969208	0.18607713282108307
0.14069189131259918	0.19014649093151093
0.1369754821062088	0.18384742736816406
0.13808192312717438	0.18581488728523254
0.13671506941318512	0.18345177173614502
0.13862837851047516	0.18679028749465942
0.13713346421718597	0.18412913382053375
0.1376282274723053	0.18491119146347046
0.13898228108882904	0.1873142123222351
0.1373041570186615	0.1843743920326233
0.13869696855545044	0.18689006567001343
0.14262637495994568	0.19362947344779968
0.13845857977867126	0.18633034825325012
0.13838477432727814	0.18616145849227905
0.14097453653812408	0.19082626700401306
0.1412367969751358	0.19113317131996155
0.13653215765953064	0.18308059871196747
0.1428200900554657	0.19381940364837646
0.13679856061935425	0.1837485134601593
0.13605532050132751	0.1824190616607666
0.1397632211446762	0.18877772986888885
0.13851428031921387	0.18641558289527893
0.13731162250041962	0.18447357416152954
0.1411692500114441	0.19096116721630096
0.13853605091571808	0.1864224523305893
0.14012174308300018	0.1893591433763504
0.13730116188526154	0.18447798490524292
0.13669997453689575	0.18339656293392181
0.13744695484638214	0.18463848531246185
0.13658182322978973	0.18320779502391815
0.14194242656230927	0.19220146536827087
0.13716661930084229	0.18418514728546143
0.13628430664539337	0.18278628587722778
0.14474356174468994	0.19708210229873657
0.13713273406028748	0.18413618206977844
0.13773642480373383	0.1852656602859497
0.14505097270011902	0.19759491086006165
0.1382761001586914	0.18612360954284668
0.13724583387374878	0.18429520726203918
0.1376410573720932	0.18492856621742249
0.1361202746629715	0.1826532781124115
0.14325259625911713	0.19464758038520813
0.1389005035161972	0.18706944584846497
0.1365736424922943	0.18316441774368286
0.1362496167421341	0.1827760636806488
0.1362655907869339	0.18271483480930328
0.13642674684524536	0.18291454017162323
0.1418464481830597	0.1920739859342575
0.13590452075004578	0.1821020394563675
0.14135415852069855	0.19150499999523163
0.13835835456848145	0.18619489669799805
0.14529165625572205	0.19803361594676971
0.13773612678050995	0.18510781228542328
0.137957364320755	0.1854676902294159
0.13744790852069855	0.18458901345729828
0.14005114138126373	0.18902191519737244
0.14260070025920868	0.1934429407119751
0.1385226845741272	0.18652278184890747
0.14028336107730865	0.18964508175849915
0.1391649693250656	0.18745805323123932
0.13648588955402374	0.183039590716362
0.1449543982744217	0.19739410281181335
0.13681045174598694	0.18356996774673462
0.1379029005765915	0.18544399738311768
0.13703742623329163	0.18401974439620972
0.13736137747764587	0.18451084196567535
0.1394803822040558	0.18807731568813324
0.13757602870464325	0.18497377634048462
0.1369117796421051	0.18373781442642212
0.1443910300731659	0.19647032022476196
0.13561737537384033	0.18156065046787262
0.14508262276649475	0.19769297540187836
0.1447126418352127	0.1969825029373169
0.13893401622772217	0.1873176097869873
0.1381869614124298	0.18614959716796875
0.13875219225883484	0.1868690699338913
0.1359783113002777	0.18222250044345856
0.1433781087398529	0.1946951448917389
0.14184458553791046	0.19215261936187744
0.13615235686302185	0.18257398903369904
0.1448398381471634	0.19728586077690125
0.13750837743282318	0.1849580556154251
0.13732829689979553	0.1844758838415146
0.13992559909820557	0.188947394490242
0.13572262227535248	0.18195532262325287
0.13586360216140747	0.18206022679805756
0.14521436393260956	0.19782140851020813
0.13610577583312988	0.18247942626476288
0.1449391096830368	0.1973627507686615
0.14191988110542297	0.19223427772521973
0.14418746531009674	0.19612401723861694
0.13613131642341614	0.18255072832107544
0.1369481086730957	0.18384535610675812
0.14436575770378113	0.19642455875873566
0.1392054557800293	0.1876123547554016
0.13686905801296234	0.18374286592006683
0.14160104095935822	0.1919875591993332
0.13603156805038452	0.18233026564121246
0.13654863834381104	0.1831805258989334
0.1368461400270462	0.18365353345870972
0.141879141330719	0.19209516048431396
0.13625958561897278	0.18269360065460205
0.1359536349773407	0.18220722675323486
0.1410602182149887	0.19093924760818481
0.13671055436134338	0.183436781167984
0.14467304944992065	0.19698119163513184
0.14504335820674896	0.19763989746570587
0.14487874507904053	0.19725936651229858
0.1415587067604065	0.19160230457782745
0.13842155039310455	0.1863153874874115
0.14226160943508148	0.1928064376115799
0.13654248416423798	0.18314120173454285
0.13687101006507874	0.18373654782772064
0.1409848928451538	0.19077318906784058
0.14524874091148376	0.19790564477443695
0.13590514659881592	0.18221311271190643
0.13687282800674438	0.18375518918037415
0.1368406116962433	0.18366950750350952
0.13717012107372284	0.18428732454776764
0.14117589592933655	0.19094786047935486
0.13613228499889374	0.18249386548995972
0.14069464802742004	0.1901634782552719
0.1424255669116974	0.1931397020816803
0.14019450545310974	0.18955649435520172
0.14330513775348663	0.19460654258728027
0.13625982403755188	0.1827024519443512
0.1437108814716339	0.19526004791259766
0.14211639761924744	0.1927853226661682
0.14519670605659485	0.19777992367744446
0.13775531947612762	0.1853325366973877
0.13921451568603516	0.18766984343528748
0.14058253169059753	0.1900518834590912
0.1450193077325821	0.1975230574607849
0.13920554518699646	0.18766501545906067
0.13782969117164612	0.18525740504264832
0.14480850100517273	0.19721166789531708
0.13660812377929688	0.18322554230690002
0.14163045585155487	0.19186484813690186
0.13734665513038635	0.18460284173488617
0.13698025047779083	0.18407732248306274
0.1412755250930786	0.19114762544631958
0.14013563096523285	0.18917831778526306
0.1411934345960617	0.19103866815567017
0.1368047297000885	0.18372851610183716
0.14012835919857025	0.18912644684314728
0.14515243470668793	0.1977667510509491
0.14098188281059265	0.19067731499671936
0.14086245000362396	0.19047769904136658
0.14507101476192474	0.19758707284927368
0.13676345348358154	0.18350541591644287
0.1429007202386856	0.19397300481796265
0.1370391696691513	0.1839841902256012
0.13721342384815216	0.18425987660884857
0.13754118978977203	0.18476681411266327
0.13873641192913055	0.18704435229301453
0.1383398026227951	0.18627741932868958
0.14384767413139343	0.19558025896549225
0.13699054718017578	0.18394775688648224
0.13614422082901	0.1826237142086029
0.14166337251663208	0.19185656309127808
0.13700231909751892	0.18389582633972168
0.1438315361738205	0.19550059735774994
0.13829675316810608	0.1861591935157776
0.14431744813919067	0.19628620147705078
0.14403538405895233	0.195794016122818
0.13662251830101013	0.18323078751564026
0.13682503998279572	0.18366704881191254
0.13597528636455536	0.18224351108074188
0.14094258844852448	0.19064182043075562
0.1412769854068756	0.19103801250457764
0.1364312618970871	0.18295767903327942
0.14148977398872375	0.19149145483970642
0.1417897790670395	0.19194388389587402
0.13712270557880402	0.1841331422328949
0.1384638249874115	0.1864372044801712
0.13802991807460785	0.18578797578811646
0.13612331449985504	0.1825648993253708
0.1378028690814972	0.1852773278951645
0.14511223137378693	0.19764767587184906
0.1445082277059555	0.1966521292924881
0.13647733628749847	0.18324334919452667
0.13741172850131989	0.1845252513885498
0.14487774670124054	0.19729608297348022
0.1405942589044571	0.19001130759716034
0.14295674860477448	0.19401663541793823
0.13846489787101746	0.18640467524528503
0.13633286952972412	0.18280868232250214
0.14323697984218597	0.1945001482963562
0.14158745110034943	0.19189466536045074
0.13585211336612701	0.18206137418746948
0.13682708144187927	0.18366767466068268
0.1416836529970169	0.19207991659641266
0.14176084101200104	0.1919313222169876
0.13686798512935638	0.18372252583503723
0.1411309540271759	0.19105657935142517
0.14471383392810822	0.19700776040554047
0.1450890451669693	0.19760790467262268
0.14036127924919128	0.18969634175300598
0.14259755611419678	0.19362875819206238
0.1408461630344391	0.19065073132514954
0.1372164934873581	0.18426856398582458
0.1428445726633072	0.19377656280994415
0.1410742700099945	0.19096991419792175
0.14215749502182007	0.19267772138118744
0.13682198524475098	0.18366703391075134
0.13659167289733887	0.18323856592178345
0.14224949479103088	0.19299383461475372
0.14126361906528473	0.191212996840477
0.1389760822057724	0.1872936636209488
0.1388050615787506	0.1871139407157898
0.13821853697299957	0.18594346940517426
0.1360584944486618	0.18240585923194885
0.13720542192459106	0.18426614999771118
0.14012371003627777	0.1891450583934784
0.13656353950500488	0.1832117885351181
0.14432764053344727	0.1963241547346115
0.1407926380634308	0.1904657781124115
0.13587096333503723	0.18211837112903595
0.13616633415222168	0.18252550065517426
0.14127232134342194	0.19111357629299164
0.13944967091083527	0.1880510002374649
0.13830776512622833	0.18625830113887787
0.13847364485263824	0.1864614635705948
0.13567720353603363	0.1817508190870285
0.1368681639432907	0.18366597592830658
0.14054130017757416	0.18987944722175598
0.13670288026332855	0.18359063565731049
0.13944722712039948	0.18819497525691986
0.14561393857002258	0.19855248928070068
0.14015023410320282	0.18944139778614044
0.1441689431667328	0.19613659381866455
0.1369294673204422	0.18380118906497955
0.13953818380832672	0.18825575709342957
0.14410161972045898	0.19589802622795105
0.14378634095191956	0.1954556256532669
0.14496950805187225	0.1974465548992157
0.14453791081905365	0.19667884707450867
0.14265228807926178	0.19348379969596863
0.14003199338912964	0.1889476776123047
0.13614793121814728	0.18244501948356628
0.1416059285402298	0.19188909232616425
0.1451973021030426	0.19781500101089478
0.1419077217578888	0.19227714836597443
0.14341765642166138	0.19476360082626343
0.14065460860729218	0.1901947557926178
0.14286360144615173	0.19402869045734406
0.13686856627464294	0.1837216168642044
0.13682019710540771	0.18360117077827454
0.1387483775615692	0.18705512583255768
0.13783317804336548	0.18538570404052734
0.1391853392124176	0.18773208558559418
0.13941296935081482	0.18810193240642548
0.14305885136127472	0.1942221075296402
0.13612477481365204	0.18247708678245544
0.13815028965473175	0.1860697716474533
0.13538505136966705	0.18127885460853577
0.140225350856781	0.1895226687192917
0.1393132209777832	0.18792283535003662
0.1370430439710617	0.1839723438024521
0.1413125842809677	0.19137592613697052
0.14505168795585632	0.19753578305244446
0.13837191462516785	0.18627561628818512
0.1448058784008026	0.1971944123506546
0.14271338284015656	0.193653404712677
0.1370362937450409	0.1840619444847107
0.14385095238685608	0.1955299973487854
0.1369606852531433	0.18384017050266266
0.13741435110569	0.1846381425857544
0.1402677297592163	0.18936285376548767
0.14531351625919342	0.19804967939853668
0.14299672842025757	0.1941295564174652
0.13632555305957794	0.18277406692504883
0.13690142333507538	0.18379153311252594
0.14202803373336792	0.192410409450531
0.1431250423192978	0.1943121701478958
0.14143408834934235	0.19155475497245789
0.13737718760967255	0.1845627725124359
0.13851206004619598	0.18636786937713623
0.14469164609909058	0.19698897004127502
0.14133964478969574	0.19156591594219208
0.14026722311973572	0.18947462737560272
0.13700714707374573	0.18394160270690918
0.13694113492965698	0.18389199674129486
0.13661235570907593	0.18329361081123352
0.14357270300388336	0.1951839178800583
0.14089183509349823	0.19069340825080872
0.13721303641796112	0.18430523574352264
0.1435902714729309	0.19512929022312164
0.13754190504550934	0.18488894402980804
0.1424991637468338	0.19330406188964844
0.1420695036649704	0.19249515235424042
0.14054888486862183	0.18983252346515656
0.14265479147434235	0.1934877187013626
0.1409931182861328	0.1906999796628952
0.14436447620391846	0.19645263254642487
0.14000219106674194	0.18911466002464294
0.1398976892232895	0.18881480395793915
0.1367812305688858	0.18362466990947723
0.141860231757164	0.19207412004470825
0.14212794601917267	0.1925635039806366
0.13588951528072357	0.18203572928905487
0.1402950882911682	0.18952228128910065
0.14068563282489777	0.19021645188331604
0.1427159607410431	0.19352178275585175
0.1419869065284729	0.19246160984039307
0.1406296044588089	0.18993176519870758
0.1426258683204651	0.1934235543012619
0.1445617824792862	0.19664505124092102
0.14141084253787994	0.19151049852371216
0.1392742246389389	0.18777504563331604
0.1389661580324173	0.18730396032333374
0.13814197480678558	0.18588590621948242
0.13592778146266937	0.1821386218070984
0.1438855230808258	0.19553732872009277
0.13993507623672485	0.18905514478683472
0.13798323273658752	0.1854988932609558
0.13582536578178406	0.18196815252304077
0.13595208525657654	0.18219059705734253
0.14504918456077576	0.19750525057315826
0.1411413550376892	0.1910930573940277
0.14525406062602997	0.1979914903640747
0.14253443479537964	0.1935109943151474
0.13675189018249512	0.1835499405860901
0.13744081556797028	0.18476560711860657
0.142186239361763	0.19270876049995422
0.1369357407093048	0.18377703428268433
0.13844740390777588	0.18643629550933838
0.1419532746076584	0.19223996996879578
0.13681066036224365	0.18359604477882385
0.13930955529212952	0.18798314034938812
0.13872575759887695	0.18691720068454742
0.1366298794746399	0.18330369889736176
0.14468319714069366	0.19702161848545074
0.14002688229084015	0.18906685709953308
0.13956297934055328	0.18838706612586975
0.14471589028835297	0.19696737825870514
0.13676869869232178	0.18350619077682495
0.13552270829677582	0.18152181804180145
0.13752102851867676	0.1847824901342392
0.1429193764925003	0.19392329454421997
0.13611146807670593	0.1825222671031952
0.13692763447761536	0.18373337388038635
0.14511708915233612	0.19769182801246643
0.14449408650398254	0.19657447934150696
0.13734135031700134	0.18447241187095642
0.13742676377296448	0.1846316009759903
0.14022836089134216	0.1895269751548767
0.13599449396133423	0.18238791823387146
0.1449025273323059	0.1973307728767395
0.1430131047964096	0.19400613009929657
0.13662630319595337	0.18331001698970795
0.14339639246463776	0.19479292631149292
0.13739779591560364	0.1844578981399536
0.14256270229816437	0.1933317482471466
0.13652753829956055	0.18319085240364075
0.1426231414079666	0.19342859089374542
0.13788630068302155	0.18535956740379333
0.14176350831985474	0.1919148862361908
0.13735568523406982	0.1843901127576828
0.14053186774253845	0.19007088243961334
0.14513972401618958	0.19768138229846954
0.1383146196603775	0.1860732138156891
0.14281542599201202	0.19366009533405304
0.1400671750307083	0.1892087459564209
0.14005908370018005	0.18901242315769196
0.13686107099056244	0.18372374773025513
0.13602642714977264	0.18228667974472046
0.13731832802295685	0.1845274120569229
0.14168429374694824	0.1917830854654312
0.13713392615318298	0.18408823013305664
0.14160744845867157	0.1918688863515854
0.14485488831996918	0.1972644329071045
0.14273139834403992	0.1936528980731964
0.14560741186141968	0.19853639602661133
0.13865160942077637	0.18660499155521393
0.1386920064687729	0.186822310090065
0.137749582529068	0.18532802164554596
0.13977916538715363	0.18853874504566193
0.13722048699855804	0.18430185317993164
0.1406363993883133	0.1902341991662979
0.13707023859024048	0.18398183584213257
0.14134496450424194	0.19146868586540222
0.14351876080036163	0.19487148523330688
0.143329456448555	0.19471825659275055
0.13533827662467957	0.18120341002941132
0.14014564454555511	0.18925854563713074
0.13813358545303345	0.18583112955093384
0.1368074268102646	0.1836233139038086
0.14240050315856934	0.19311772286891937
0.14111745357513428	0.19090484082698822
0.13558673858642578	0.1815691590309143
0.1372791826725006	0.1844233274459839
0.13650564849376678	0.1831221580505371
0.1367548257112503	0.1835654079914093
0.1402621865272522	0.1895444393157959
0.13799482583999634	0.18560892343521118
0.14146901667118073	0.1917339563369751
0.13945403695106506	0.18824662268161774
0.1373792588710785	0.18455564975738525
0.13726797699928284	0.18434692919254303
0.13881191611289978	0.1871216595172882
0.13713833689689636	0.18423017859458923
0.13635963201522827	0.18281932175159454
0.14104272425174713	0.19080011546611786
0.1366860568523407	0.18346787989139557
0.14039164781570435	0.1898220181465149
0.14101019501686096	0.19062484800815582
0.1453387439250946	0.1981031596660614
0.14561329782009125	0.19858112931251526
0.1421092450618744	0.19269907474517822
0.14032889902591705	0.18964485824108124
0.14039303362369537	0.18998345732688904
0.13928139209747314	0.18785391747951508
0.13689285516738892	0.1837269812822342
0.1434594839811325	0.1948053240776062
0.13698488473892212	0.183874249458313
0.13817943632602692	0.1858448088169098
0.1451757252216339	0.19775627553462982
0.13723140954971313	0.18427707254886627
0.1444283425807953	0.19654801487922668
0.1429385393857956	0.19398975372314453
0.13619664311408997	0.18265245854854584
0.13653168082237244	0.1831701695919037
0.14055874943733215	0.190130352973938
0.14123031497001648	0.19123323261737823
0.13693712651729584	0.1838337779045105
0.14353244006633759	0.19491654634475708
0.13714133203029633	0.18416936695575714
0.1368173509836197	0.18362191319465637
0.14263786375522614	0.19353130459785461
0.137959823012352	0.18559029698371887
0.14070473611354828	0.19031330943107605
0.13837450742721558	0.18624822795391083
0.14257857203483582	0.19353091716766357
0.13766729831695557	0.18506819009780884
0.14498808979988098	0.19744405150413513
0.14398211240768433	0.19586686789989471
0.14183662831783295	0.19217059016227722
0.1412244588136673	0.19124922156333923
0.14056147634983063	0.18986275792121887
0.14491957426071167	0.19740033149719238
0.13652007281780243	0.18306860327720642
0.14109013974666595	0.19109132885932922
0.1432035267353058	0.1944023221731186
0.13698618113994598	0.18392667174339294
0.1421457678079605	0.1928112506866455
0.14161889255046844	0.19195525348186493
0.1419733315706253	0.19257479906082153
0.13746121525764465	0.18467175960540771
0.14045561850070953	0.18984681367874146
0.13735321164131165	0.18445651233196259
0.136558398604393	0.1832115352153778
0.137778177857399	0.18527831137180328
0.1455802470445633	0.19851858913898468
0.14475776255130768	0.1970662623643875
0.14434312283992767	0.19645147025585175
0.14355002343654633	0.1950848549604416
0.14249446988105774	0.19343359768390656
0.13611537218093872	0.18249131739139557
0.13899996876716614	0.18738220632076263
0.13944344222545624	0.1881779134273529
0.1399792581796646	0.18905353546142578
0.14328397810459137	0.1944884955883026
0.13626646995544434	0.18273122608661652
0.14373750984668732	0.19527260959148407
0.14081521332263947	0.19061362743377686
0.13955192267894745	0.18818432092666626
0.1451842188835144	0.19783928990364075
0.13701015710830688	0.184029683470726
0.13819465041160583	0.18608973920345306
0.13681088387966156	0.18353386223316193
0.1435188353061676	0.1951092630624771
0.13654090464115143	0.18320076167583466
0.1384933739900589	0.18654555082321167
0.14506080746650696	0.19762632250785828
0.1371004283428192	0.18416568636894226
0.14273026585578918	0.19366519153118134
0.1450374275445938	0.1975407600402832
0.13619282841682434	0.18256157636642456
0.13778412342071533	0.1851988136768341
0.1408318430185318	0.19063378870487213
0.1382109671831131	0.18595275282859802
0.13953834772109985	0.18817290663719177
0.14085203409194946	0.1905769556760788
0.1361168473958969	0.18241238594055176
0.14258408546447754	0.19358308613300323
0.14293509721755981	0.1939592957496643
0.1408073604106903	0.1905447095632553
0.13653096556663513	0.18314790725708008
0.13877879083156586	0.18692705035209656
0.13531272113323212	0.18120405077934265
0.1385991871356964	0.18658654391765594
0.14100392162799835	0.19070874154567719
0.14093294739723206	0.19060105085372925
0.14402849972248077	0.19583693146705627
0.13689813017845154	0.1837770789861679
0.1411798745393753	0.19095875322818756
0.13812528550624847	0.18597228825092316
0.14325755834579468	0.19443410634994507
0.13959190249443054	0.18828842043876648
0.13877521455287933	0.186911940574646
0.1363271176815033	0.18285933136940002
0.14028406143188477	0.18951278924942017
0.13692405819892883	0.18376532196998596
0.14412273466587067	0.19603203237056732
0.1370876580476761	0.18409597873687744
0.13686542212963104	0.1836981326341629
0.13732650876045227	0.18438313901424408
0.14537133276462555	0.1981126368045807
0.14525415003299713	0.19789986312389374
0.1369665116071701	0.18388362228870392
0.13598047196865082	0.18235379457473755
0.13684141635894775	0.18365128338336945
0.13728588819503784	0.18438170850276947
0.13572394847869873	0.1820121556520462
0.1370331346988678	0.1839108020067215
0.13712207973003387	0.1840934157371521
0.14561408758163452	0.1985868364572525
0.1372903734445572	0.18445095419883728
0.14332641661167145	0.19462324678897858
0.141092911362648	0.19104652106761932
0.14064325392246246	0.1901770383119583
0.1421767622232437	0.19262351095676422
0.1392846405506134	0.187849223613739
0.1405816227197647	0.18995869159698486
0.13962452113628387	0.18825390934944153
0.1381399929523468	0.18589840829372406
0.1376112848520279	0.1849609911441803
0.13632021844387054	0.18282094597816467
0.13793420791625977	0.18554647266864777
0.14407683908939362	0.19597944617271423
0.13738057017326355	0.1847143918275833
0.14240163564682007	0.1930256485939026
0.13662441074848175	0.18326307833194733
0.14169549942016602	0.19212093949317932
0.13965609669685364	0.1883545070886612
0.1398230791091919	0.18866778910160065
0.1436908096075058	0.1952158808708191
0.14522738754749298	0.19781184196472168
0.14369337260723114	0.19528165459632874
0.13683094084262848	0.18364620208740234
0.1375516653060913	0.1848866045475006
0.14418025314807892	0.19603484869003296
0.13905468583106995	0.18734902143478394
0.14417041838169098	0.19598159193992615
0.14349572360515594	0.1949029117822647
0.14270684123039246	0.19376221299171448
0.1389354169368744	0.1872369945049286
0.14386580884456635	0.19559058547019958
0.14083895087242126	0.19040460884571075
0.1397821456193924	0.1886112093925476
0.1436283439397812	0.19514818489551544
0.14062482118606567	0.19023297727108002
0.13734479248523712	0.18440160155296326
0.1439693421125412	0.19569911062717438
0.1376333087682724	0.18491511046886444
0.13915173709392548	0.1875714212656021
0.14434435963630676	0.19629879295825958
0.13771943747997284	0.18511737883090973
0.13841257989406586	0.18621480464935303
0.13754411041736603	0.18475599586963654
0.13644056022167206	0.18297512829303741
0.14131048321723938	0.19127053022384644
0.14028602838516235	0.18958182632923126
0.13695493340492249	0.1838800013065338
0.1367865353822708	0.18363146483898163
0.1363174319267273	0.18279460072517395
0.1380900740623474	0.18568937480449677
0.14118221402168274	0.19115501642227173
0.14047570526599884	0.18992803990840912
0.14054939150810242	0.189971923828125
0.14049214124679565	0.19003526866436005
0.14280669391155243	0.19369541108608246
0.14453987777233124	0.196629136800766
0.13773567974567413	0.1851574033498764
0.14265567064285278	0.1935570389032364
0.13716046512126923	0.18430358171463013
0.1378403753042221	0.1853012889623642
0.1377321183681488	0.18513453006744385
0.1391202062368393	0.18761298060417175
0.14514760673046112	0.19771182537078857
0.1362934559583664	0.18288765847682953
0.13779479265213013	0.1851876974105835
0.14122404158115387	0.19121874868869781
0.14054863154888153	0.18997633457183838
0.1431283950805664	0.19442561268806458
0.13780854642391205	0.18537738919258118
0.1363612562417984	0.1828741729259491
0.1389610916376114	0.18721747398376465
0.14412544667720795	0.19604676961898804
0.1454286128282547	0.19823099672794342
0.1374364048242569	0.18463602662086487
0.13629011809825897	0.1826489418745041
0.1372971385717392	0.1845214068889618
0.13999831676483154	0.18893998861312866
0.13713012635707855	0.18436302244663239
0.13741731643676758	0.18467678129673004
0.13700275123119354	0.1839250922203064
0.1369784027338028	0.183839350938797
0.1365063637495041	0.18309149146080017
0.13596096634864807	0.1821545660495758
0.14432241022586823	0.19639161229133606
0.1384747475385666	0.18640652298927307
0.13803935050964355	0.1855449080467224
0.14260245859622955	0.1934671550989151
0.13730980455875397	0.18438780307769775
0.14353477954864502	0.19506047666072845
0.14079469442367554	0.1904364824295044
0.14415664970874786	0.19608192145824432
0.13593806326389313	0.18225497007369995
0.13907819986343384	0.18748989701271057
0.13678260147571564	0.18358337879180908
0.14170806109905243	0.19199013710021973
0.1435394436120987	0.19508443772792816
0.14175330102443695	0.19197683036327362
0.1404220163822174	0.18989785015583038
0.14151309430599213	0.19152691960334778
0.14430157840251923	0.19629140198230743
0.14317378401756287	0.19431813061237335
0.13611261546611786	0.18246763944625854
0.1426159292459488	0.1933099776506424
0.13840033113956451	0.186477929353714
0.1393727958202362	0.18784783780574799
0.14157292246818542	0.19158831238746643
0.13878950476646423	0.18698404729366302
0.13749629259109497	0.18471789360046387
0.13622376322746277	0.18264251947402954
0.1375337541103363	0.18483252823352814
0.13607707619667053	0.1823710799217224
0.14106255769729614	0.19105589389801025
0.13650350272655487	0.18326778709888458
0.13676346838474274	0.18349891901016235
0.14347775280475616	0.19483689963817596
0.14437124133110046	0.1963597536087036
0.13834688067436218	0.18622687458992004
0.1371963769197464	0.18420851230621338
0.14511798322200775	0.19761300086975098
0.1387026458978653	0.18673595786094666
0.13730357587337494	0.18446683883666992
0.14088653028011322	0.19054767489433289
0.13906337320804596	0.18752874433994293
0.1368105113506317	0.183577761054039
0.14518634974956512	0.19780471920967102
0.141927108168602	0.19215765595436096
0.13784287869930267	0.1853427141904831
0.13944081962108612	0.18816955387592316
0.14382681250572205	0.19544008374214172
0.14238131046295166	0.19300465285778046
0.14555341005325317	0.1984463930130005
0.14266397058963776	0.19346582889556885
0.13772724568843842	0.18505418300628662
0.13834528625011444	0.18617640435695648
0.14129650592803955	0.19121381640434265
0.13651975989341736	0.18314580619335175
0.13881106674671173	0.18690940737724304
0.13913308084011078	0.18758033215999603
0.14237411320209503	0.19324791431427002
0.1370861679315567	0.18406808376312256
0.14111743867397308	0.19090986251831055
0.14042074978351593	0.18973474204540253
0.1415620595216751	0.1916223168373108
0.13822758197784424	0.18598586320877075
0.141386479139328	0.19146040081977844
0.1435740739107132	0.1951119303703308
0.1374351531267166	0.18460987508296967
0.14184047281742096	0.19213542342185974
0.14139437675476074	0.19141137599945068
0.13734833896160126	0.18455682694911957
0.14560332894325256	0.1985284686088562
0.1383143812417984	0.18611885607242584
0.1371663510799408	0.18427231907844543
0.14385685324668884	0.19553302228450775
0.14452670514583588	0.19664084911346436
0.1413702517747879	0.19154664874076843
0.1377560794353485	0.1851881593465805
0.1382187008857727	0.1859786957502365
0.13635163009166718	0.18281163275241852
0.1444094032049179	0.19657529890537262
0.14231260120868683	0.19311267137527466
0.13853591680526733	0.18655508756637573
0.14057713747024536	0.1902468353509903
0.14402325451374054	0.19590900838375092
0.1416161060333252	0.19172626733779907
0.13617633283138275	0.1826050579547882
0.13719332218170166	0.184225931763649
0.13761001825332642	0.18491896986961365
0.1414329707622528	0.19169269502162933
0.13751165568828583	0.18474596738815308
0.14185641705989838	0.19229701161384583
0.1429833322763443	0.19419649243354797
0.1368730068206787	0.1838051825761795
0.1412586122751236	0.1910649985074997
0.1405058205127716	0.18982820212841034
0.14391887187957764	0.19561493396759033
0.14264033734798431	0.19351404905319214
0.1438678801059723	0.1955074667930603
0.13923020660877228	0.1876477301120758
0.14515972137451172	0.1977323740720749
0.1379374861717224	0.18549656867980957
0.1398007720708847	0.1886422038078308
0.14540137350559235	0.1981230229139328
0.1364564299583435	0.18302521109580994
0.1417464166879654	0.19193239510059357
0.1377224326133728	0.1851067692041397
0.1374179571866989	0.1846810281276703
0.13867512345314026	0.18675853312015533
0.14374753832817078	0.19536057114601135
0.14460180699825287	0.19690057635307312
0.13839274644851685	0.18635615706443787
0.14102476835250854	0.19064824283123016
0.13945643603801727	0.18801963329315186
0.13761533796787262	0.18486344814300537
0.13849394023418427	0.18637748062610626
0.1385670006275177	0.18655464053153992
0.1386270821094513	0.18669763207435608
0.1375286728143692	0.18483781814575195
0.1367069035768509	0.18348471820354462
0.13936461508274078	0.18794003129005432
0.13707780838012695	0.18401049077510834
0.1454717516899109	0.19825269281864166
0.1451578140258789	0.1977410465478897
0.13696862757205963	0.18393996357917786
0.13822272419929504	0.18599364161491394
0.13987217843532562	0.18889223039150238
0.1430380791425705	0.19414496421813965
0.13659630715847015	0.18328332901000977
0.14071741700172424	0.19041240215301514
0.1366482526063919	0.18336212635040283
0.13629557192325592	0.18276086449623108
0.1447136551141739	0.19696542620658875
0.14165398478507996	0.19187158346176147
0.14487633109092712	0.19727946817874908
0.1366620659828186	0.1833527535200119
0.1404167264699936	0.18969926238059998
0.13718481361865997	0.18421423435211182
0.13879777491092682	0.1868610978126526
0.13615892827510834	0.1825847625732422
0.14362402260303497	0.19515173137187958
0.1388872116804123	0.1871689409017563
0.13661888241767883	0.18324905633926392
0.13618634641170502	0.18255503475666046
0.13942214846611023	0.18804511427879333
0.14537537097930908	0.19807803630828857
0.1363816112279892	0.18279682099819183
0.14009277522563934	0.18930059671401978
0.1446550488471985	0.19685332477092743
0.14038635790348053	0.18963217735290527
0.14004047214984894	0.18914566934108734
0.14312434196472168	0.19449815154075623
0.13668546080589294	0.1833411604166031
0.138187974691391	0.18588775396347046
0.14296716451644897	0.19407707452774048
0.13726533949375153	0.18442603945732117
0.144454687833786	0.19661056995391846
0.13668614625930786	0.18336942791938782
0.1415299028158188	0.19166752696037292
0.14515644311904907	0.1977742463350296
0.13646140694618225	0.18300896883010864
0.1406632661819458	0.19011688232421875
0.1366977095603943	0.18337120115756989
0.14014685153961182	0.18920674920082092
0.14031745493412018	0.1895872801542282
0.13595731556415558	0.18221022188663483
0.14546838402748108	0.19827888906002045
0.13644494116306305	0.18304218351840973
0.14125944674015045	0.19135092198848724
0.13740204274654388	0.1845782846212387
0.1453646719455719	0.19803906977176666
0.14503251016139984	0.19754639267921448
0.14416079223155975	0.19602064788341522
0.14127357304096222	0.19103041291236877
0.1433418244123459	0.19472073018550873
0.141617089509964	0.19201380014419556
0.1419369876384735	0.19225552678108215
0.13920101523399353	0.18774273991584778
0.1449200063943863	0.19741730391979218
0.1420699656009674	0.19242222607135773
0.13660494983196259	0.1831822246313095
0.13755227625370026	0.18479546904563904
0.14409132301807404	0.19586563110351562
0.13874748349189758	0.18686214089393616
0.1446787267923355	0.19690486788749695
0.1360868662595749	0.18235443532466888
0.1392488032579422	0.1877053827047348
0.14018182456493378	0.18931081891059875
0.14402064681053162	0.19579464197158813
0.1402796059846878	0.18950986862182617
0.1389368325471878	0.1872149258852005
0.1439846158027649	0.19575536251068115
0.14120449125766754	0.19124440848827362
0.13992393016815186	0.1888563632965088
0.13598302006721497	0.18239623308181763
0.13967543840408325	0.1885477900505066
0.1401875913143158	0.18936938047409058
0.13713191449642181	0.18420036137104034
0.14307908713817596	0.1941768079996109
0.1366286426782608	0.18327997624874115
0.14525941014289856	0.19792909920215607
0.13737663626670837	0.18451672792434692
0.1451663076877594	0.1977459043264389
0.13644498586654663	0.18301089107990265
0.13921120762825012	0.18767774105072021
0.13674838840961456	0.18349066376686096
0.14434553682804108	0.19630780816078186
0.14057239890098572	0.19007106125354767
0.14450958371162415	0.19663064181804657
0.13857631385326385	0.18661540746688843
0.14175523817539215	0.19195756316184998
0.13733166456222534	0.1844615787267685
0.13725873827934265	0.1843404918909073
0.14113131165504456	0.19086387753486633
0.13731151819229126	0.18444548547267914
0.13665154576301575	0.18331517279148102
0.14166118204593658	0.19182394444942474
0.14057312905788422	0.19006198644638062
0.13882781565189362	0.18709434568881989
0.13716495037078857	0.18417678773403168
0.13761648535728455	0.1848936527967453
0.1363244354724884	0.18283645808696747
0.13656577467918396	0.18319562077522278
0.13766825199127197	0.18499016761779785
0.14433246850967407	0.1964028924703598
0.13663354516029358	0.18338239192962646
0.1359500288963318	0.1821647584438324
0.1411570906639099	0.1911989450454712
0.14211876690387726	0.19253617525100708
0.13745129108428955	0.18467414379119873
0.13711251318454742	0.1841091513633728
0.13892331719398499	0.18723836541175842
0.14498920738697052	0.19754768908023834
0.1368655264377594	0.18370148539543152
0.1434861570596695	0.19491995871067047
0.13737143576145172	0.18462763726711273
0.14091256260871887	0.19053879380226135
0.14190813899040222	0.19217011332511902
0.13759109377861023	0.18477724492549896
0.13898320496082306	0.18726953864097595
0.13836157321929932	0.1862100213766098
0.14510327577590942	0.19760844111442566
0.14332228899002075	0.19456951320171356
0.13668324053287506	0.18347103893756866
0.1449769139289856	0.19745153188705444
0.13619649410247803	0.18263716995716095
0.14148929715156555	0.19147759675979614
0.1439259797334671	0.1956252157688141
0.13641130924224854	0.18301591277122498
0.13615602254867554	0.18249964714050293
0.1401500552892685	0.18928247690200806
0.13702240586280823	0.1840476542711258
0.14050039649009705	0.18983934819698334
0.14492563903331757	0.1973709613084793
0.14272540807724	0.19363188743591309
0.14543510973453522	0.19825001060962677
0.14398853480815887	0.19577538967132568
0.14458133280277252	0.19678454101085663
0.13655291497707367	0.1832430511713028
0.14420664310455322	0.1962004154920578
0.1448640674352646	0.19737251102924347
0.14199644327163696	0.1923523098230362
0.13688607513904572	0.18389493227005005
0.13565216958522797	0.18163058161735535
0.1385902464389801	0.18673449754714966
0.13876357674598694	0.18689554929733276
0.13901063799858093	0.18724070489406586
0.14500680565834045	0.19747507572174072
0.1379273533821106	0.1854754090309143
0.13986699283123016	0.1889272779226303
0.13680408895015717	0.1836208999156952
0.14245840907096863	0.19318674504756927
0.14184218645095825	0.19204911589622498
0.13844895362854004	0.18650636076927185
0.14222705364227295	0.19275416433811188
0.1372346729040146	0.18436649441719055
0.1447545289993286	0.19703033566474915
0.13916553556919098	0.1876179724931717
0.14463305473327637	0.19689835608005524
0.14511516690254211	0.19767990708351135
0.14438730478286743	0.19638703763484955
0.1409638524055481	0.19060496985912323
0.14352142810821533	0.19492612779140472
0.14436762034893036	0.19636113941669464
0.1417810618877411	0.19222311675548553
0.13909560441970825	0.18762260675430298
0.13831432163715363	0.1860937476158142
0.14341822266578674	0.19491298496723175
0.1426021009683609	0.1933673918247223
0.13677164912223816	0.18356481194496155
0.1445332169532776	0.19671934843063354
0.143830806016922	0.19553007185459137
0.13979649543762207	0.18874019384384155
0.13569797575473785	0.18181166052818298
0.1388934701681137	0.18717384338378906
0.14135481417179108	0.1912521868944168
0.13590127229690552	0.1820879578590393
0.14441251754760742	0.19650526344776154
0.14192013442516327	0.1924671232700348
0.14501456916332245	0.19761204719543457
0.13686996698379517	0.1837751865386963
0.1369219720363617	0.18389979004859924
0.14479677379131317	0.19716545939445496
0.1363586187362671	0.18284446001052856
0.14086563885211945	0.1905088573694229
0.1370043009519577	0.1838754415512085
0.14148224890232086	0.1915382593870163
0.145310178399086	0.1980908364057541
0.1408308446407318	0.19051241874694824
0.13762296736240387	0.18496966361999512
0.1418258249759674	0.19217327237129211
0.136814683675766	0.18351389467716217
0.13943372666835785	0.18805451691150665
0.14390134811401367	0.19565565884113312
0.14372067153453827	0.19539396464824677
0.14232589304447174	0.19315029680728912
0.13636533915996552	0.18287762999534607
0.14470909535884857	0.1969774067401886
0.1411885917186737	0.19101102650165558
0.14502879977226257	0.19754327833652496
0.14333534240722656	0.19463598728179932
0.1437920331954956	0.19534963369369507
0.1391904503107071	0.18760478496551514
0.14178453385829926	0.19198542833328247
0.1448679119348526	0.1972438097000122
0.14217424392700195	0.1928209662437439
0.13971467316150665	0.18852393329143524
0.1387164294719696	0.1868782341480255
0.13943973183631897	0.1879243552684784
0.14033403992652893	0.18956349790096283
0.14088848233222961	0.19054174423217773
0.13849762082099915	0.18654362857341766
0.13985289633274078	0.1888575702905655
0.13766956329345703	0.18498624861240387
0.13690173625946045	0.18377114832401276
0.1366039365530014	0.18323452770709991
0.13653399050235748	0.1831187903881073
0.13930949568748474	0.18769745528697968
0.14185355603694916	0.19222818315029144
0.1378612220287323	0.18527784943580627
0.1396028697490692	0.18846598267555237
0.1397075355052948	0.18839481472969055
0.14259611070156097	0.19348342716693878
0.1371653825044632	0.18418152630329132
0.14526361227035522	0.19794443249702454
0.1412724405527115	0.19110916554927826
0.14418406784534454	0.1961493194103241
0.14495056867599487	0.19736164808273315
0.14114467799663544	0.19082243740558624
0.1378975212574005	0.18537750840187073
0.13626593351364136	0.18274664878845215
0.14207065105438232	0.19253771007061005
0.14493723213672638	0.1973712146282196
0.13791057467460632	0.18555688858032227
0.1407257616519928	0.19025498628616333
0.14483854174613953	0.1972174048423767
0.14482447504997253	0.1972394585609436
0.1375974416732788	0.18508489429950714
0.14119172096252441	0.19102756679058075
0.14218638837337494	0.19263657927513123
0.1376914381980896	0.18518783152103424
0.14516222476959229	0.1977819949388504
0.13640673458576202	0.1828724890947342
0.14548462629318237	0.1982247531414032
0.1431107074022293	0.19435738027095795
0.14160501956939697	0.19171573221683502
0.14144498109817505	0.19138801097869873
0.1379936784505844	0.18579095602035522
0.14271514117717743	0.19379259645938873
0.14127618074417114	0.19126170873641968
0.1370759755373001	0.1841413676738739
0.13623328506946564	0.18263426423072815
0.14190497994422913	0.1922023892402649
0.13778115808963776	0.1853565275669098
0.14305759966373444	0.19429917633533478
0.1410810798406601	0.19083763659000397
0.1443513184785843	0.1963486522436142
0.13728314638137817	0.18437440693378448
0.14175213873386383	0.1919480264186859
0.13727934658527374	0.184396430850029
0.13781443238258362	0.18537423014640808
0.1364842653274536	0.18304550647735596
0.1446041762828827	0.19678658246994019
0.13771452009677887	0.18514853715896606
0.14130863547325134	0.19128280878067017
0.14480476081371307	0.1971127688884735
0.13807323575019836	0.1857566088438034
0.13697929680347443	0.18394815921783447
0.1431540995836258	0.1943729966878891
0.13958477973937988	0.1882093846797943
0.13751307129859924	0.18468822538852692
0.143233522772789	0.19457140564918518
0.13695314526557922	0.18384018540382385
0.14509226381778717	0.1976570338010788
0.14182953536510468	0.192057266831398
0.14228953421115875	0.19285885989665985
0.13983526825904846	0.18894463777542114
0.14427550137043	0.19624954462051392
0.14178846776485443	0.19189365208148956
0.13671845197677612	0.18341855704784393
0.1454949975013733	0.1983310580253601
0.14453066885471344	0.19678382575511932
0.1411755383014679	0.19097614288330078
0.1374809294939041	0.18478727340698242
0.14084507524967194	0.19032038748264313
0.14037944376468658	0.18964557349681854
0.1389620006084442	0.18724654614925385
0.1401250809431076	0.1892632395029068
0.14326262474060059	0.1945277899503708
0.1416236162185669	0.1917717456817627
0.1418014019727707	0.1920788437128067
0.1445106416940689	0.19669272005558014
0.14255261421203613	0.19330650568008423
0.14466145634651184	0.1968999207019806
0.14378730952739716	0.1955297887325287
0.13618214428424835	0.18268100917339325
0.1406433880329132	0.18993933498859406
0.1370617300271988	0.1840181052684784
0.143939808011055	0.1956619918346405
0.1367606371641159	0.18358910083770752
0.14504548907279968	0.19759170711040497
0.14211729168891907	0.19255606830120087
0.1395493596792221	0.18821266293525696
0.1390739381313324	0.18750174343585968
0.1365489363670349	0.18317031860351562
0.14051088690757751	0.18985497951507568
0.1434270739555359	0.19479112327098846
0.13607138395309448	0.1824297457933426
0.14288266003131866	0.19388657808303833
0.14217311143875122	0.19259384274482727
0.1407199651002884	0.19015949964523315
0.14385096728801727	0.19562320411205292
0.13752774894237518	0.1847895383834839
0.14532601833343506	0.1980455219745636
0.14546233415603638	0.19825422763824463
0.13661937415599823	0.18329684436321259
0.14231520891189575	0.19300833344459534
0.13730616867542267	0.18435125052928925
0.1445455402135849	0.19667379558086395
0.1390184909105301	0.18745633959770203
0.13590191304683685	0.18213240802288055
0.13718537986278534	0.18429771065711975
0.14534512162208557	0.19806775450706482
0.13678038120269775	0.183541402220726
0.13665975630283356	0.18336161971092224
0.13611234724521637	0.1826644092798233
0.13635776937007904	0.18285904824733734
0.14046794176101685	0.1898198425769806
0.13968515396118164	0.18843618035316467
0.14470167458057404	0.19700288772583008
0.1433422863483429	0.19463799893856049
0.14360210299491882	0.19510282576084137
0.13678766787052155	0.18363802134990692
0.14195580780506134	0.19238336384296417
0.14288531243801117	0.19398869574069977
0.1422821432352066	0.19305914640426636
0.14473582804203033	0.19706588983535767
0.13582919538021088	0.18207529187202454
0.1399623602628708	0.18898776173591614
0.1443835198879242	0.1964191496372223
0.14076124131679535	0.19046653807163239
0.13859811425209045	0.18659760057926178
0.14536277949810028	0.19813024997711182
0.1405574083328247	0.18997624516487122
0.14189530909061432	0.19216829538345337
0.13753503561019897	0.1849246323108673
0.13711053133010864	0.18408362567424774
0.14077025651931763	0.19028779864311218
0.14533816277980804	0.19801847636699677
0.14191967248916626	0.19240081310272217
0.13665364682674408	0.18326671421527863
0.1415587067604065	0.1917223334312439
0.14324301481246948	0.19445762038230896
0.1367998868227005	0.18362854421138763
0.1382664293050766	0.18604148924350739
0.14205893874168396	0.1924465447664261
0.1418466866016388	0.192161425948143
0.14114691317081451	0.1908961981534958
0.13720528781414032	0.18421638011932373
0.13736584782600403	0.1845553070306778
0.13828317821025848	0.18603865802288055
0.14559714496135712	0.19855552911758423
0.14404255151748657	0.19579680263996124
0.1374097615480423	0.18450891971588135
0.14177025854587555	0.19191808998584747
0.14042358100414276	0.18992891907691956
0.14314191043376923	0.19448325037956238
0.14462050795555115	0.19686859846115112
0.13798294961452484	0.18586447834968567
0.14205515384674072	0.1926654875278473
0.13771459460258484	0.18510858714580536
0.13725775480270386	0.18436571955680847
0.13789983093738556	0.18542902171611786
0.14342191815376282	0.19480319321155548
0.1428179293870926	0.19394958019256592
0.14461319148540497	0.19683559238910675
0.13648797571659088	0.18314708769321442
0.13627757132053375	0.18267346918582916
0.13823767006397247	0.186075821518898
0.1372281163930893	0.18434782326221466
0.14363181591033936	0.1951630413532257
0.13772284984588623	0.1850934624671936
0.14329740405082703	0.194650799036026
0.1372007578611374	0.18432600796222687
0.14314085245132446	0.19441640377044678
0.13682007789611816	0.18363840878009796
0.140141099691391	0.18916884064674377
0.13728991150856018	0.18436205387115479
0.1385209858417511	0.18663133680820465
0.13703694939613342	0.18417179584503174
0.13706576824188232	0.1840249001979828
0.14383438229560852	0.19558094441890717
0.14472422003746033	0.19699862599372864
0.13750581443309784	0.18483394384384155
0.13640490174293518	0.18297863006591797
0.1456136256456375	0.19859673082828522
0.13642506301403046	0.1829279512166977
0.14457301795482635	0.1968110203742981
0.136494979262352	0.1830027550458908
0.14469262957572937	0.19692237675189972
0.13766860961914062	0.18498733639717102
0.13777358829975128	0.18535993993282318
0.1391981989145279	0.18764831125736237
0.1363953799009323	0.1831045001745224
0.13896268606185913	0.18741700053215027
0.13793647289276123	0.18551620841026306
0.1382569819688797	0.1860748827457428
0.13723404705524445	0.18438459932804108
0.14020156860351562	0.18926168978214264
0.13613563776016235	0.18249115347862244
0.14057202637195587	0.19022269546985626
0.141500785946846	0.19169530272483826
0.14389124512672424	0.19560879468917847
0.1417306810617447	0.19208651781082153
0.13665594160556793	0.1833394169807434
0.1424129456281662	0.19313569366931915
0.1426859050989151	0.19347402453422546
0.14323027431964874	0.19443055987358093
0.1421266794204712	0.19280903041362762
0.14228707551956177	0.19293278455734253
0.13594749569892883	0.1822403371334076
0.13976073265075684	0.18860554695129395
0.1411939561367035	0.19108349084854126
0.14071738719940186	0.19014790654182434
0.13861283659934998	0.18661227822303772
0.14185136556625366	0.19219323992729187
0.1431511640548706	0.1943138688802719
0.13912571966648102	0.18739265203475952
0.13764894008636475	0.18514470756053925
0.1372712105512619	0.18436087667942047
0.1436081975698471	0.1950637400150299
0.13719496130943298	0.1842840313911438
0.1387704610824585	0.1869398057460785
0.1419895440340042	0.19238048791885376
0.1384444683790207	0.18631093204021454
0.13855014741420746	0.18650580942630768
0.13708233833312988	0.18402180075645447
0.1382027566432953	0.18599168956279755
0.1419481337070465	0.1923060566186905
0.14435060322284698	0.19648140668869019
0.13688749074935913	0.1837504804134369
0.14162766933441162	0.19198088347911835
0.1454048603773117	0.19811883568763733
0.14483876526355743	0.19717060029506683
0.13686685264110565	0.18372692167758942
0.13926096260547638	0.18775269389152527
0.14103136956691742	0.19087715446949005
0.143019437789917	0.19428496062755585
0.14356578886508942	0.1950068175792694
0.13790421187877655	0.185365691781044
0.13747866451740265	0.18465939164161682
0.14443549513816833	0.19652794301509857
0.1369980275630951	0.18389840424060822
0.13701196014881134	0.18388591706752777
0.1408771127462387	0.1904611736536026
0.13655495643615723	0.1832449585199356
0.14451946318149567	0.1966741681098938
0.13854491710662842	0.1868114471435547
0.137985959649086	0.1855982542037964
0.14473868906497955	0.19704413414001465
0.14452247321605682	0.19668668508529663
0.13711512088775635	0.18406003713607788
0.13862188160419464	0.18663251399993896
0.13734866678714752	0.18446901440620422
0.13757608830928802	0.18484681844711304
0.1431543529033661	0.1943935602903366
0.1438685953617096	0.19557665288448334
0.14380036294460297	0.19544872641563416
0.13700708746910095	0.18394890427589417
0.14432017505168915	0.19638770818710327
0.13904838263988495	0.1873490810394287
0.13964584469795227	0.18850931525230408
0.14125944674015045	0.19109809398651123
0.13650301098823547	0.18310199677944183
0.138899028301239	0.18708807229995728
0.13761845231056213	0.1851346790790558
0.13991698622703552	0.18876680731773376
0.14203177392482758	0.1926511973142624
0.13654354214668274	0.18314340710639954
0.13628238439559937	0.18273243308067322
0.1377447098493576	0.18512175977230072
0.1444617062807083	0.19653929769992828
0.14464136958122253	0.19684244692325592
0.1454927623271942	0.19831280410289764
0.1421823650598526	0.19269569218158722
0.1383783221244812	0.1862577199935913
0.14011436700820923	0.18924811482429504
0.14432461559772491	0.19637638330459595
0.13796333968639374	0.18562820553779602
0.1394389122724533	0.18798790872097015
0.13852661848068237	0.18656282126903534
0.1408773958683014	0.1904999315738678
0.13699282705783844	0.18393154442310333
0.14384770393371582	0.1954619139432907
0.13778358697891235	0.18534299731254578
0.13777558505535126	0.18524658679962158
0.13744458556175232	0.1846742033958435
0.14306485652923584	0.1942090392112732
0.13732831180095673	0.18454913794994354
0.13745905458927155	0.18466918170452118
0.14094816148281097	0.19063054025173187
0.1366364061832428	0.1833580732345581
0.1446491926908493	0.19682389497756958
0.14470021426677704	0.19696378707885742
0.14192450046539307	0.19214878976345062
0.13973785936832428	0.18862485885620117
0.1372450739145279	0.18433348834514618
0.14031994342803955	0.18970775604248047
0.1372828483581543	0.18424823880195618
0.14161904156208038	0.19166745245456696
0.13692490756511688	0.18378084897994995
0.14466236531734467	0.19699469208717346
0.14152327179908752	0.19157922267913818
0.1381751149892807	0.18599894642829895
0.13874325156211853	0.18675479292869568
0.14084231853485107	0.19044657051563263
0.1372251659631729	0.1842680722475052
0.14499637484550476	0.1975211352109909
0.1402108520269394	0.1896359622478485
0.1374332457780838	0.18472324311733246
0.13954971730709076	0.188388854265213
0.13843870162963867	0.1864769160747528
0.14441470801830292	0.19640019536018372
0.1433062106370926	0.19455914199352264
0.1417228877544403	0.19190609455108643
0.13940440118312836	0.18811465799808502
0.13701507449150085	0.18396443128585815
0.14074259996414185	0.1904086023569107
0.1358504742383957	0.1819978803396225
0.14156217873096466	0.19185420870780945
0.14276528358459473	0.19368986785411835
0.1428881287574768	0.19386303424835205
0.14225754141807556	0.19278721511363983
0.14424970746040344	0.19623225927352905
0.14109525084495544	0.1908416897058487
0.14096760749816895	0.1905866116285324
0.1435459852218628	0.19498656690120697
0.13696880638599396	0.18376165628433228
0.14257480204105377	0.1933772712945938
0.1433202475309372	0.19479449093341827
0.14413143694400787	0.19597114622592926
0.13583651185035706	0.1820460706949234
0.1405097395181656	0.1899408996105194
0.1424587368965149	0.19316574931144714
0.14135737717151642	0.19151581823825836
0.13894017040729523	0.1870902180671692
0.13714520633220673	0.18421043455600739
0.14021126925945282	0.18931171298027039
0.14287778735160828	0.19378480315208435
0.1429438441991806	0.1939830332994461
0.142808198928833	0.19374461472034454
0.14507630467414856	0.19756633043289185
0.1355457752943039	0.18151402473449707
0.14247842133045197	0.1934678554534912
0.14367105066776276	0.1952316015958786
0.13782507181167603	0.18530891835689545
0.13961435854434967	0.18851788341999054
0.1372550129890442	0.1843559890985489
0.1393052488565445	0.18793359398841858
0.14357124269008636	0.19498540461063385
0.1400739997625351	0.18929289281368256
0.1366901397705078	0.18342213332653046
0.1391293853521347	0.1876540184020996
0.13647758960723877	0.18302059173583984
0.13584093749523163	0.1820731908082962
0.13739822804927826	0.18461455404758453
0.14386339485645294	0.19552695751190186
0.14482198655605316	0.19720354676246643
0.14177003502845764	0.1921727955341339
0.14548666775226593	0.19832998514175415
0.14249442517757416	0.19314579665660858
0.14057306945323944	0.1899520754814148
0.1441059559583664	0.19596658647060394
0.13667891919612885	0.18339166045188904
0.13797233998775482	0.18554240465164185
0.13665176928043365	0.18329373002052307
0.13630186021327972	0.18273507058620453
0.13829195499420166	0.1861920952796936
0.1398337185382843	0.1887131929397583
0.1381678432226181	0.1858488917350769
0.14209409058094025	0.19271472096443176
0.14182992279529572	0.19229356944561005
0.1402464210987091	0.18955746293067932
0.14125946164131165	0.19132952392101288
0.1371879130601883	0.18417467176914215
0.13679160177707672	0.18360427021980286
0.14192713797092438	0.19222940504550934
0.14351606369018555	0.19506323337554932
0.1435277909040451	0.1949995458126068
0.1361755132675171	0.18255223333835602
0.1393570750951767	0.18808415532112122
0.13793706893920898	0.18545690178871155
0.1368407905101776	0.18370307981967926
0.1426810920238495	0.19353526830673218
0.14366038143634796	0.19533061981201172
0.13810096681118011	0.18581902980804443
0.14303085207939148	0.194106787443161
0.14101667702198029	0.19062969088554382
0.14424581825733185	0.1961694061756134
0.13812652230262756	0.18585459887981415
0.13757547736167908	0.1848815679550171
0.13509725034236908	0.18083405494689941
0.13837140798568726	0.1861952841281891
0.14511026442050934	0.19766846299171448
0.14014479517936707	0.18934206664562225
0.14517608284950256	0.1977429986000061
0.14035865664482117	0.18976521492004395
0.1375948190689087	0.18487724661827087
0.1362655907869339	0.1827036440372467
0.1392216980457306	0.18757867813110352
0.14399783313274384	0.1958041787147522
0.1380905956029892	0.18567711114883423
0.1436152309179306	0.19511912763118744
0.13723841309547424	0.18430599570274353
0.1372261494398117	0.18438109755516052
0.13963355123996735	0.18833686411380768
0.13812509179115295	0.185866579413414
0.14147157967090607	0.1914987564086914
0.14313186705112457	0.19433408975601196
0.13689826428890228	0.18383139371871948
0.14251236617565155	0.19320330023765564
0.14360247552394867	0.19506962597370148
0.1374528557062149	0.18465258181095123
0.1415388584136963	0.19180220365524292
0.1449258178472519	0.1973797082901001
0.14165930449962616	0.19184757769107819
0.1383245587348938	0.18625584244728088
0.14318698644638062	0.19455809891223907
0.1441902071237564	0.1960807740688324
0.13657723367214203	0.18329432606697083
0.13756494224071503	0.1848660409450531
0.1378427892923355	0.18527205288410187
0.13999995589256287	0.18899324536323547
0.14355143904685974	0.19502109289169312
0.14388784766197205	0.1955810934305191
0.1364063322544098	0.18299511075019836
0.1394934356212616	0.18823085725307465
0.1424819529056549	0.19333599507808685
0.13987553119659424	0.18893681466579437
0.14541372656822205	0.19818082451820374
0.13852889835834503	0.18649424612522125
0.14241234958171844	0.19300954043865204
0.13642771542072296	0.18293260037899017
0.1364392638206482	0.18297402560710907
0.13836008310317993	0.18621350824832916
0.14349447190761566	0.19496268033981323
0.1408029943704605	0.19056600332260132
0.13735850155353546	0.18451575934886932
0.14001072943210602	0.1891956627368927
0.14324994385242462	0.1945960521697998
0.14483530819416046	0.19717451930046082
0.13683629035949707	0.1837068796157837
0.13812755048274994	0.18576335906982422
0.13632425665855408	0.18280021846294403
0.13812322914600372	0.18586212396621704
0.14232061803340912	0.19295504689216614
0.13727107644081116	0.1844121515750885
0.13707594573497772	0.18403618037700653
0.1430925726890564	0.19428813457489014
0.13804991543293	0.1857321560382843
0.13602948188781738	0.18218763172626495
0.13737885653972626	0.18452800810337067
0.13750670850276947	0.1848035454750061
0.1390272080898285	0.18726766109466553
0.1422058492898941	0.19288773834705353
0.14177191257476807	0.1919989138841629
0.13975809514522552	0.1886688470840454
0.14118406176567078	0.19123366475105286
0.13752572238445282	0.18498921394348145
0.1440986841917038	0.19591380655765533
0.14480765163898468	0.1971258521080017
0.14070604741573334	0.19018018245697021
0.13694718480110168	0.18383421003818512
0.13708683848381042	0.18405781686306
0.1395474374294281	0.18840071558952332
0.1364879459142685	0.18312101066112518
0.14494703710079193	0.19741100072860718
0.1357506960630417	0.1819194257259369
0.13790786266326904	0.18541480600833893
0.1418306976556778	0.19208306074142456
0.14080141484737396	0.1903858631849289
0.1385015845298767	0.18639278411865234
0.13909758627414703	0.1874033808708191
0.1418916881084442	0.19241738319396973
0.14331696927547455	0.1945342868566513
0.1370658576488495	0.18416285514831543
0.1377682089805603	0.1852453202009201
0.14399467408657074	0.19575104117393494
0.14085444808006287	0.1904907375574112
0.14123912155628204	0.19098398089408875
0.13678832352161407	0.18360215425491333
0.1397857367992401	0.18865710496902466
0.14179956912994385	0.19214288890361786
0.14099231362342834	0.19064614176750183
0.13661935925483704	0.1832718849182129
0.13815879821777344	0.18582364916801453
0.14305806159973145	0.19418106973171234
0.14008793234825134	0.18916583061218262
0.13683155179023743	0.18355055153369904
0.14105896651744843	0.19078806042671204
0.1400587409734726	0.18923386931419373
0.13636144995689392	0.18291285634040833
0.14275026321411133	0.1937824934720993
0.13663551211357117	0.18338406085968018
0.14249187707901	0.1933673769235611
0.14019222557544708	0.18946462869644165
0.14023038744926453	0.1895252764225006
0.14378301799297333	0.1953415870666504
0.1380075216293335	0.18555113673210144
0.1415310800075531	0.19153358042240143
0.14539533853530884	0.19811001420021057
0.1372348517179489	0.18440315127372742
0.1405022293329239	0.19001416862010956
0.141238272190094	0.19128577411174774
0.1380985677242279	0.18587632477283478
0.14032821357250214	0.18955358862876892
0.13822363317012787	0.1859508752822876
0.14236074686050415	0.19302742183208466
0.14292436838150024	0.193847194314003
0.13702866435050964	0.18409404158592224
0.13927148282527924	0.18790996074676514
0.1381291002035141	0.18577204644680023
0.13567787408828735	0.1816941499710083
0.13819372653961182	0.18602877855300903
0.1410246640443802	0.19095703959465027
0.13673317432403564	0.18355558812618256
0.1367277204990387	0.18347804248332977
0.14529858529567719	0.19797146320343018
0.14170068502426147	0.19192317128181458
0.1383579671382904	0.1863027662038803
0.13724879920482635	0.18426917493343353
0.14443379640579224	0.196561798453331
0.13866101205348969	0.18668800592422485
0.13933627307415009	0.1879052221775055
0.14456778764724731	0.19679050147533417
0.13534599542617798	0.18128784000873566
0.1390523910522461	0.18726658821105957
0.13857343792915344	0.18668408691883087
0.14221937954425812	0.1929653435945511
0.14240966737270355	0.1930793672800064
0.14326706528663635	0.19450725615024567
0.1431836634874344	0.19436772167682648
0.139011412858963	0.1872084140777588
0.137065127491951	0.18397152423858643
0.1361946165561676	0.18256688117980957
0.1389644294977188	0.1873060166835785
0.14523668587207794	0.1978648453950882
0.1358451247215271	0.18198427557945251
0.14353497326374054	0.19510261714458466
0.1366066187620163	0.1832425892353058
0.1438562422990799	0.19548803567886353
0.1361333727836609	0.18250404298305511
0.13893580436706543	0.18716251850128174
0.14368294179439545	0.19520482420921326
0.13702891767024994	0.1840575635433197
0.13777793943881989	0.18521201610565186
0.13888181746006012	0.18705181777477264
0.13839738070964813	0.1863275021314621
0.13706614077091217	0.18403887748718262
0.14031532406806946	0.18974322080612183
0.14472205936908722	0.19707997143268585
0.1376049518585205	0.18505845963954926
0.14509186148643494	0.1977260708808899
0.1404428482055664	0.1899329572916031
0.14185169339179993	0.19233299791812897
0.14069579541683197	0.19042861461639404
0.13729122281074524	0.18446210026741028
0.14173860847949982	0.1919148862361908
0.13882113993167877	0.1870194971561432
0.1369408816099167	0.18376828730106354
0.13701759278774261	0.18394698202610016
0.13804224133491516	0.185793936252594
0.13648509979248047	0.1830497831106186
0.13878272473812103	0.1869209110736847
0.14473628997802734	0.19705818593502045
0.14068429172039032	0.19038692116737366
0.13725531101226807	0.18437211215496063
0.13639947772026062	0.1829160898923874
0.14217962324619293	0.1927998661994934
0.13875553011894226	0.18687891960144043
0.14529705047607422	0.19799615442752838
0.13558658957481384	0.18172094225883484
0.1416429877281189	0.19192741811275482
0.14513345062732697	0.1977241188287735
0.13709209859371185	0.18403807282447815
0.1371186524629593	0.1840682178735733
0.13653573393821716	0.18309015035629272
0.1364704817533493	0.18302711844444275
0.13662008941173553	0.18322990834712982
0.1447892040014267	0.1971452683210373
0.13887089490890503	0.18706560134887695
0.14268001914024353	0.19356608390808105
0.1449047029018402	0.1973002403974533
0.13830749690532684	0.18633998930454254
0.14171460270881653	0.19220015406608582
0.14351345598697662	0.19499260187149048
0.1387212723493576	0.1868782341480255
0.14490830898284912	0.19738227128982544
0.14547637104988098	0.19826945662498474
0.14453677833080292	0.196672260761261
0.1411781907081604	0.19101299345493317
0.13842478394508362	0.18642881512641907
0.14424985647201538	0.1962730586528778
0.1430978626012802	0.19422414898872375
0.1446123570203781	0.19689133763313293
0.13619376718997955	0.18256670236587524
0.14500895142555237	0.19752275943756104
0.13768121600151062	0.18503175675868988
0.13778983056545258	0.1852322369813919
0.1380206197500229	0.18576543033123016
0.13948504626750946	0.18816843628883362
0.13790404796600342	0.18547262251377106
0.13620738685131073	0.18261243402957916
0.1404494345188141	0.189816415309906
0.13806095719337463	0.18577702343463898
0.14166592061519623	0.19177120923995972
0.1423800140619278	0.19314365088939667
0.14304235577583313	0.19423626363277435
0.13671578466892242	0.18348027765750885
0.14433258771896362	0.19644469022750854
0.1375487744808197	0.184824600815773
0.13632912933826447	0.18278411030769348
0.14131896197795868	0.19129863381385803
0.1371409296989441	0.1841462105512619
0.1360873132944107	0.1824057698249817
0.1364544779062271	0.18302860856056213
0.14038178324699402	0.18956871330738068
0.13737159967422485	0.18452933430671692
0.13735097646713257	0.18444745242595673
0.14212282001972198	0.1926020383834839
0.13640743494033813	0.18295525014400482
0.13682828843593597	0.18363182246685028
0.13667427003383636	0.18341103196144104
0.13875645399093628	0.1869460791349411
0.14009900391101837	0.18926019966602325
0.13736504316329956	0.18454265594482422
0.1407337635755539	0.1902100145816803
0.1362094134092331	0.1826481819152832
0.13872866332530975	0.18680636584758759
0.13825829327106476	0.1859825998544693
0.1396867334842682	0.18844252824783325
0.1405755877494812	0.19002355635166168
0.14122697710990906	0.1910778284072876
0.14526274800300598	0.19796478748321533
0.14155519008636475	0.19161681830883026
0.14143896102905273	0.19164952635765076
0.14425455033779144	0.19628114998340607
0.1369718760251999	0.18384653329849243
0.14521116018295288	0.19783915579319
0.14059817790985107	0.18995456397533417
0.13685393333435059	0.18371109664440155
0.13809649646282196	0.18584835529327393
0.1392352283000946	0.18793876469135284
0.14233382046222687	0.1931529939174652
