1
28.202985763549805	10.83122444152832
27.426193237304688	14.16214370727539
31.62576675415039	12.318425178527832
21.426218032836914	10.551755905151367
23.868907928466797	6.384748458862305
13.355627059936523	-3.8225698471069336
17.338987350463867	12.786141395568848
8.056172370910645	3.8258771896362305
5.237457752227783	7.696560382843018
25.787717819213867	7.632293701171875
29.711719512939453	2.874089241027832
20.397159576416016	7.217554569244385
4.198623180389404	8.366758346557617
27.151403427124023	6.31888484954834
5.742086410522461	3.997213840484619
24.79034423828125	4.196683883666992
17.50857925415039	5.971996307373047
9.61136245727539	4.783295154571533
23.497364044189453	-3.3191895484924316
14.270257949829102	6.377927303314209
15.20836067199707	7.447524070739746
27.517377853393555	5.710943222045898
4.682377338409424	6.623253345489502
27.85154151916504	10.568419456481934
26.21270751953125	-3.249906063079834
22.07610511779785	11.205196380615234
29.217336654663086	8.102201461791992
7.667618751525879	-1.928301453590393
27.52044105529785	11.043455123901367
28.226707458496094	11.468853950500488
13.5616455078125	7.402895450592041
14.028186798095703	-2.7130584716796875
27.047311782836914	10.722878456115723
6.509298801422119	10.717020034790039
5.982721328735352	6.4341912269592285
16.723363876342773	0.6053200960159302
14.104558944702148	-3.3175277709960938
21.685855865478516	13.059709548950195
9.38821029663086	-2.1873135566711426
12.225290298461914	1.019980549812317
12.347688674926758	4.172296524047852
20.546192169189453	6.6255035400390625
9.712333679199219	-0.5834864377975464
26.12982177734375	12.868988037109375
17.883766174316406	3.9106860160827637
31.252761840820312	13.6805419921875
8.000313758850098	0.756515383720398
26.489723205566406	6.555447101593018
29.411596298217773	9.84105110168457
21.53899383544922	3.68695068359375
8.356807708740234	10.912338256835938
19.377033233642578	8.900219917297363
9.289915084838867	5.002001762390137
21.317962646484375	-2.4543986320495605
30.652067184448242	12.603880882263184
5.739914417266846	8.873746871948242
29.6146183013916	8.935791969299316
20.305932998657227	14.65402603149414
16.494775772094727	7.775089740753174
8.263277053833008	10.334807395935059
23.770553588867188	-1.0651336908340454
22.25331687927246	-3.1494932174682617
13.225980758666992	5.859070301055908
27.203327178955078	0.5886038541793823
15.447988510131836	9.050386428833008
30.077367782592773	9.355533599853516
8.949230194091797	-2.6976256370544434
12.739112854003906	5.669307708740234
27.402894973754883	13.052445411682129
29.865222930908203	13.712372779846191
11.419992446899414	-2.643707275390625
25.370798110961914	13.292473793029785
28.783424377441406	8.549572944641113
10.640050888061523	8.65878963470459
6.590551853179932	10.454012870788574
22.904525756835938	12.87519359588623
22.41045379638672	3.550954818725586
8.757699966430664	4.827435493469238
30.217918395996094	9.165494918823242
26.31040382385254	10.75930404663086
14.84543228149414	15.84710693359375
19.02870750427246	1.367388367652893
28.02429962158203	13.661508560180664
10.245290756225586	5.766170501708984
24.31672477722168	13.389269828796387
10.959478378295898	-2.7239699363708496
8.104480743408203	-1.6357476711273193
26.94522476196289	7.543377876281738
16.36726188659668	8.830924987792969
6.176260948181152	8.580440521240234
8.205774307250977	10.452859878540039
16.06728744506836	1.4599584341049194
10.582263946533203	-2.4549946784973145
26.57190704345703	-1.6326829195022583
20.959911346435547	-1.322611927986145
11.100933074951172	-1.6104539632797241
11.080459594726562	-2.732998847961426
30.15093994140625	11.22048282623291
10.272218704223633	1.7089263200759888
11.994132995605469	-2.4558968544006348
17.240598678588867	3.7569336891174316
26.300580978393555	5.577550888061523
5.492088317871094	10.531790733337402
29.426713943481445	13.74023151397705
28.046663284301758	9.787748336791992
20.703636169433594	14.242814064025879
16.292499542236328	9.177943229675293
9.311758041381836	-1.601693034172058
7.633547306060791	-0.9234251976013184
23.9503231048584	-0.33564722537994385
4.687547206878662	5.699526786804199
15.935161590576172	10.107717514038086
7.53856897354126	3.300981044769287
14.600305557250977	7.73057746887207
7.408955097198486	1.4332903623580933
25.22440528869629	6.561574935913086
10.647125244140625	0.02364063262939453
13.213232040405273	-1.8608497381210327
26.927080154418945	11.563478469848633
21.323272705078125	0.023939967155456543
7.433321475982666	9.711193084716797
31.269723892211914	13.997239112854004
9.875015258789062	-2.9064908027648926
13.747428894042969	1.2831767797470093
25.719337463378906	13.778738975524902
24.036060333251953	11.387971878051758
29.144742965698242	12.210482597351074
20.3174991607666	2.332627296447754
18.785287857055664	12.809029579162598
20.748929977416992	13.033842086791992
9.251239776611328	-2.1229729652404785
24.04418182373047	9.823783874511719
21.89371681213379	14.14456558227539
26.408414840698242	7.404819488525391
23.501842498779297	13.93474292755127
19.222745895385742	15.639276504516602
11.039056777954102	3.171844959259033
11.882606506347656	0.6890896558761597
28.100069046020508	13.550638198852539
19.287677764892578	10.828779220581055
11.186767578125	1.6594442129135132
25.424592971801758	0.12195384502410889
5.348086833953857	4.809558391571045
28.61501693725586	13.791913986206055
26.45142364501953	2.4404611587524414
5.173280239105225	4.210781097412109
16.020671844482422	10.973526000976562
17.612491607666016	-1.6639798879623413
18.88884925842285	-1.990744709968567
8.715023040771484	-1.7942843437194824
31.313432693481445	10.160821914672852
8.904550552368164	-1.9436110258102417
8.685991287231445	4.446772575378418
26.16933822631836	9.420426368713379
21.046525955200195	11.766077995300293
10.801265716552734	13.140172958374023
29.797672271728516	11.961883544921875
12.260736465454102	1.1965147256851196
7.729737281799316	-1.615683913230896
16.36586570739746	11.973097801208496
6.917931079864502	-0.9766072034835815
9.68941879272461	-1.6727572679519653
12.175600051879883	3.2071046829223633
23.096656799316406	-3.898963451385498
28.09221076965332	11.02995777130127
20.822341918945312	5.616344928741455
10.963493347167969	8.320208549499512
9.313894271850586	-0.81150221824646
7.6784281730651855	-2.3129663467407227
16.851337432861328	5.618003845214844
7.618033409118652	-0.6078990697860718
25.87477684020996	3.9552741050720215
12.588956832885742	-1.0878018140792847
5.494241714477539	7.728010177612305
17.04625129699707	14.914029121398926
6.978452205657959	9.978489875793457
26.888383865356445	-2.8445992469787598
9.83604621887207	1.6087838411331177
28.7150821685791	11.617531776428223
12.865737915039062	0.4999200105667114
14.217710494995117	-0.5782846212387085
8.44569206237793	-1.398356556892395
25.28485107421875	13.782929420471191
6.523614406585693	6.237817287445068
16.211624145507812	-3.498507499694824
24.84426498413086	-1.0762826204299927
32.83781051635742	8.316301345825195
20.42814826965332	-3.500561237335205
13.448709487915039	-2.676680088043213
28.53062629699707	13.400018692016602
18.810062408447266	6.150742530822754
18.09665298461914	-2.362293243408203
13.85662841796875	0.6612108945846558
18.49969482421875	13.451778411865234
30.70856285095215	11.421293258666992
17.920196533203125	0.15036475658416748
27.97450828552246	-0.21278011798858643
26.27336311340332	11.857711791992188
25.884475708007812	4.145164966583252
26.766925811767578	9.384124755859375
15.767358779907227	15.893728256225586
24.70951271057129	9.427881240844727
16.15968894958496	10.145687103271484
27.49428367614746	3.461972236633301
13.223207473754883	-4.001404762268066
17.71292495727539	1.0131715536117554
15.157974243164062	-3.2004318237304688
26.37894058227539	13.412666320800781
29.5561466217041	14.431255340576172
6.179955005645752	10.650093078613281
30.54317855834961	13.61322021484375
14.18033218383789	11.27070140838623
9.301300048828125	-2.7293691635131836
9.072771072387695	-2.6705641746520996
10.472763061523438	-0.9159293174743652
18.82135581970215	11.421806335449219
31.19783592224121	13.902379035949707
18.540205001831055	14.725577354431152
22.94942283630371	9.74545669555664
9.339912414550781	0.33109188079833984
29.801219940185547	9.015995979309082
28.50404167175293	14.390035629272461
25.792381286621094	0.899412989616394
24.936983108520508	13.495534896850586
28.134218215942383	10.828420639038086
23.627071380615234	5.859203338623047
23.97957992553711	-3.9270477294921875
18.261011123657227	-2.7250428199768066
10.781671524047852	-1.7306909561157227
17.660085678100586	8.628544807434082
27.191537857055664	7.795583248138428
12.668453216552734	-2.5202393531799316
26.194751739501953	5.766118049621582
14.230133056640625	10.77493667602539
19.03861427307129	7.325466156005859
9.085477828979492	1.288261890411377
15.770711898803711	15.742093086242676
27.003955841064453	0.25308406352996826
26.59311866760254	8.53828239440918
26.87486457824707	14.161067962646484
11.559318542480469	-2.6392922401428223
10.266040802001953	-0.7850844860076904
22.762481689453125	7.547963619232178
22.981674194335938	12.00904655456543
14.941232681274414	-0.3318873643875122
20.809831619262695	2.846351146697998
3.406703233718872	6.4119157791137695
19.715961456298828	7.867873191833496
21.12863540649414	-2.472867012023926
7.87742280960083	-1.6925246715545654
18.859756469726562	1.112186312675476
22.04127311706543	1.2298957109451294
29.229598999023438	14.227932929992676
15.829994201660156	-1.6769617795944214
25.707334518432617	-1.045798420906067
7.342660427093506	7.959693908691406
23.32967758178711	-4.6056623458862305
17.4859676361084	11.847278594970703
8.843204498291016	-0.44127166271209717
27.821239471435547	14.371885299682617
13.56627082824707	8.100530624389648
24.28336524963379	4.747411727905273
6.572142601013184	9.253583908081055
28.66750717163086	10.077216148376465
23.277658462524414	8.772080421447754
5.52370548248291	7.036626815795898
17.04159927368164	-0.2876964807510376
21.178058624267578	-2.9415369033813477
26.67133140563965	-0.5134912729263306
29.167144775390625	4.110896587371826
12.61079216003418	0.04483067989349365
10.786846160888672	0.27149057388305664
17.155101776123047	-3.165602207183838
12.367830276489258	13.17231559753418
9.939067840576172	-0.24769127368927002
12.892879486083984	-2.9162230491638184
9.174510955810547	-1.7062907218933105
8.651859283447266	2.4914989471435547
31.101383209228516	9.384389877319336
9.991147994995117	4.245732307434082
10.953754425048828	12.864819526672363
18.422208786010742	7.933910369873047
31.38113784790039	10.689178466796875
17.71803855895996	5.542893409729004
21.611961364746094	-3.50425386428833
13.589689254760742	14.085247039794922
18.955509185791016	4.944412708282471
4.857673645019531	7.948540210723877
24.794452667236328	-3.4637112617492676
9.44598388671875	-1.8611963987350464
11.975961685180664	14.011425971984863
19.088193893432617	13.572373390197754
30.027984619140625	7.943586349487305
23.315959930419922	11.332825660705566
26.776859283447266	12.399792671203613
21.33736228942871	-2.6043896675109863
16.676042556762695	-2.9827709197998047
19.537118911743164	12.436500549316406
5.5413665771484375	5.673210144042969
12.571212768554688	14.485413551330566
21.507036209106445	-1.396377682685852
8.61111068725586	-1.4438087940216064
15.423334121704102	10.774879455566406
25.31521224975586	2.392543315887451
28.04404067993164	9.101119995117188
10.418024063110352	0.9341312646865845
28.487571716308594	11.005754470825195
23.3079776763916	14.081564903259277
8.13497543334961	5.3576154708862305
15.268617630004883	3.1130833625793457
30.00074005126953	14.613100051879883
13.48069953918457	7.432456970214844
8.459161758422852	5.370812892913818
11.332000732421875	13.560054779052734
24.484153747558594	3.3495969772338867
14.955801010131836	14.968231201171875
16.043323516845703	15.155960083007812
19.98147201538086	7.77187442779541
17.15009117126465	3.972785472869873
13.846982955932617	4.409430980682373
5.480431079864502	7.833642959594727
32.114013671875	7.299440860748291
5.336201190948486	4.961811542510986
4.611231327056885	7.09656286239624
9.062854766845703	-1.3452433347702026
9.421945571899414	11.432461738586426
12.460161209106445	13.827804565429688
6.279796123504639	1.5883022546768188
30.185791015625	8.875368118286133
6.738246440887451	-1.615010142326355
11.572465896606445	-2.7183237075805664
13.037185668945312	13.508763313293457
18.698974609375	5.598350524902344
13.702472686767578	-1.372764229774475
13.446542739868164	13.361351013183594
13.397775650024414	15.146926879882812
24.228742599487305	1.6520203351974487
21.44997787475586	13.786170959472656
3.5058417320251465	6.941206932067871
9.076330184936523	11.37199592590332
20.48950958251953	15.876632690429688
12.346305847167969	4.690572738647461
19.447668075561523	13.289529800415039
25.883726119995117	-3.9983768463134766
28.513185501098633	-1.3519846200942993
17.39458465576172	-3.384483814239502
20.959491729736328	13.809775352478027
12.183486938476562	-1.5850731134414673
16.394088745117188	3.4217867851257324
11.00636100769043	12.294119834899902
3.1819794178009033	6.0610857009887695
31.70166778564453	9.463996887207031
11.894477844238281	14.18040657043457
7.960111141204834	0.059380292892456055
18.552629470825195	15.306991577148438
5.5605082511901855	9.084217071533203
6.000300407409668	6.688594818115234
22.408634185791016	-3.0842857360839844
30.466724395751953	13.522496223449707
14.562679290771484	6.633578777313232
20.884111404418945	-3.520805835723877
8.767526626586914	-0.7206990718841553
30.923566818237305	14.184356689453125
17.56580924987793	10.467968940734863
8.809410095214844	-2.3492345809936523
23.765338897705078	9.483620643615723
14.678653717041016	9.766572952270508
31.165557861328125	12.487712860107422
22.975337982177734	-2.011895179748535
16.002145767211914	10.5057373046875
14.6016845703125	4.756339073181152
24.93290901184082	8.986246109008789
8.867347717285156	-1.2223879098892212
28.41085433959961	-0.2575613260269165
7.5039591789245605	-1.3785256147384644
18.998329162597656	15.441570281982422
13.93734359741211	3.1996560096740723
13.066583633422852	5.004107475280762
19.63599395751953	14.344589233398438
18.670724868774414	-3.591769218444824
19.75040054321289	6.483822822570801
12.4630126953125	3.6381969451904297
16.343412399291992	-3.335752010345459
10.823724746704102	2.9633617401123047
16.150279998779297	-2.804950714111328
11.524587631225586	-2.0397820472717285
5.891348838806152	6.75571870803833
21.015745162963867	-0.6077500581741333
9.650814056396484	-0.6681023836135864
23.77867317199707	-1.71196711063385
15.49708366394043	-3.7549095153808594
21.821537017822266	-2.5592637062072754
14.003705978393555	14.1404447555542
9.79119873046875	-2.498076915740967
21.153884887695312	10.423341751098633
30.26689910888672	11.660440444946289
27.951616287231445	7.779050350189209
7.680003643035889	9.689690589904785
3.739248037338257	7.2627854347229
14.152538299560547	6.915198802947998
18.291990280151367	14.811236381530762
9.795843124389648	4.887463092803955
26.80034828186035	7.952585697174072
10.506856918334961	-0.21409142017364502
24.723556518554688	14.068872451782227
23.075828552246094	-3.72371244430542
13.89242935180664	1.5673364400863647
20.36349868774414	1.0142298936843872
11.999916076660156	3.6891636848449707
20.999927520751953	-1.8073393106460571
25.376907348632812	11.749471664428711
28.91255760192871	6.983595848083496
11.517988204956055	-0.7449108362197876
19.103057861328125	-0.4219599962234497
8.961597442626953	-0.7853903770446777
6.966915607452393	8.68928337097168
14.786581039428711	-2.7839884757995605
13.39979362487793	6.693996429443359
31.59945297241211	13.225486755371094
13.362329483032227	4.335949420928955
8.486108779907227	-2.6541590690612793
26.64778709411621	-1.4932867288589478
10.91140365600586	-1.7839735746383667
14.240640640258789	-2.2601637840270996
9.077896118164062	-1.825516939163208
26.2052059173584	-3.6305298805236816
19.310928344726562	13.892192840576172
13.119794845581055	2.0781397819519043
13.396842956542969	-0.41758787631988525
8.260086059570312	10.623167037963867
4.86246919631958	8.423614501953125
10.168699264526367	-0.5767034292221069
13.534481048583984	1.479470133781433
5.36869478225708	6.388337135314941
20.315214157104492	5.754805564880371
9.73145866394043	0.43674206733703613
25.541091918945312	-3.376941204071045
9.994226455688477	1.197881817817688
13.008975982666016	3.961146831512451
22.126651763916016	15.065849304199219
13.880672454833984	-2.0282087326049805
4.580705165863037	6.481034278869629
16.29631996154785	9.376555442810059
13.568248748779297	-3.285468578338623
8.383827209472656	-1.3737502098083496
14.437385559082031	2.1106886863708496
5.19529390335083	5.7052717208862305
10.876161575317383	-2.906947612762451
12.959609985351562	0.8066748380661011
30.260372161865234	6.258003234863281
20.89382553100586	9.428924560546875
8.115716934204102	9.985434532165527
26.499513626098633	3.4009923934936523
10.607513427734375	0.8602550029754639
5.925999164581299	5.828067302703857
26.99784278869629	6.493799209594727
10.178407669067383	-2.072981834411621
26.13422203063965	-0.4702850580215454
19.158170700073242	11.580573081970215
19.664457321166992	10.452049255371094
29.090084075927734	14.229894638061523
27.816932678222656	9.89016342163086
11.260154724121094	12.787473678588867
13.652750015258789	1.061285376548767
7.686181545257568	-2.0533957481384277
30.176025390625	11.942946434020996
12.390941619873047	-0.2741497755050659
4.862344264984131	7.116670608520508
17.6030330657959	-3.417128086090088
4.854251384735107	8.92137336730957
18.65573501586914	8.595856666564941
4.436987400054932	5.779328346252441
9.668672561645508	-1.0665583610534668
27.131244659423828	6.7121429443359375
13.204017639160156	-4.090567111968994
25.43914031982422	10.419851303100586
6.762165546417236	10.97376537322998
25.22374725341797	11.745311737060547
4.808312892913818	5.868610858917236
17.01898193359375	12.1624174118042
28.683109283447266	12.98074722290039
28.19805335998535	7.584465026855469
11.830667495727539	-3.302497386932373
6.512099742889404	2.47174072265625
16.6633243560791	8.842758178710938
11.820945739746094	5.838824272155762
11.916309356689453	-2.603755474090576
10.523786544799805	12.58355712890625
10.034599304199219	5.518427848815918
8.962583541870117	-0.1465991735458374
14.143196105957031	5.661524772644043
9.826013565063477	-0.10462355613708496
28.51006317138672	12.97751235961914
5.018409252166748	6.72245979309082
30.487321853637695	12.836335182189941
9.953420639038086	13.192225456237793
22.970056533813477	11.913743019104004
24.538230895996094	-2.5898537635803223
9.770038604736328	-1.5363162755966187
8.812171936035156	-0.5755209922790527
31.511531829833984	13.823589324951172
24.43700408935547	6.082201957702637
28.8301944732666	3.092960834503174
4.284179210662842	6.90493106842041
23.350736618041992	-3.9359588623046875
7.868165016174316	11.966307640075684
10.603626251220703	11.053585052490234
6.714596271514893	8.106283187866211
10.0321044921875	10.938497543334961
16.5548038482666	9.363232612609863
10.84837532043457	3.484231948852539
7.973513126373291	-0.5161328315734863
20.075927734375	1.1044503450393677
15.837818145751953	11.545182228088379
18.33388900756836	-3.6391611099243164
9.259759902954102	-1.4364062547683716
16.70049476623535	15.657855987548828
7.129100322723389	3.201796054840088
9.560077667236328	-0.1862196922302246
25.394750595092773	-1.1324650049209595
13.310033798217773	-3.3774375915527344
28.867101669311523	8.035721778869629
12.962162017822266	2.032839298248291
24.470195770263672	2.4657063484191895
22.896881103515625	11.077264785766602
12.694547653198242	2.679274559020996
15.584802627563477	-3.5277395248413086
25.844310760498047	10.8629150390625
22.474769592285156	-0.8520056009292603
8.8338623046875	3.769876480102539
24.321353912353516	3.996910572052002
18.349197387695312	13.680564880371094
9.667121887207031	9.454601287841797
28.493343353271484	0.6152952909469604
15.95960807800293	-4.46429443359375
8.728605270385742	-2.0172810554504395
3.227447509765625	5.1916961669921875
24.127277374267578	10.748690605163574
27.416414260864258	9.97408676147461
25.047752380371094	6.410388469696045
7.936136722564697	-0.3579990863800049
8.437273025512695	-0.7833409309387207
18.957107543945312	9.517175674438477
11.223548889160156	-1.8099204301834106
10.514741897583008	-1.7946462631225586
30.456254959106445	12.179770469665527
24.55731964111328	7.23573112487793
20.55632972717285	-2.73337459564209
6.48050594329834	10.536425590515137
9.44622802734375	0.13888442516326904
22.83891487121582	-3.3707275390625
24.084381103515625	13.976540565490723
9.301326751708984	-2.969754219055176
7.573793888092041	0.44613420963287354
23.916107177734375	0.19189345836639404
6.470979690551758	6.349799633026123
28.172218322753906	10.752325057983398
28.94613265991211	11.05679988861084
7.665199279785156	-1.2380452156066895
22.554712295532227	13.121274948120117
29.307823181152344	14.252975463867188
13.565559387207031	13.885242462158203
9.151865005493164	13.219377517700195
11.897539138793945	8.704866409301758
17.667110443115234	-2.3275961875915527
13.486785888671875	9.155891418457031
14.03127670288086	7.137311935424805
16.640792846679688	14.133665084838867
8.655601501464844	11.148696899414062
29.218122482299805	14.086320877075195
26.124608993530273	12.240192413330078
19.383975982666016	7.794905662536621
30.857688903808594	11.039628028869629
27.152713775634766	-3.3531928062438965
7.2682271003723145	10.370189666748047
27.624191284179688	7.331093788146973
26.051706314086914	3.1346755027770996
21.82131576538086	-3.3797225952148438
25.404544830322266	8.105298042297363
8.789974212646484	10.863262176513672
4.4710917472839355	5.844406604766846
26.36876678466797	9.438549995422363
11.948278427124023	4.720889091491699
18.078279495239258	-2.652221202850342
22.560955047607422	1.8206208944320679
10.255914688110352	-0.9946023225784302
28.48455047607422	10.664345741271973
18.71047592163086	-4.251317024230957
5.119781970977783	7.214594841003418
9.651233673095703	0.04608023166656494
28.76937484741211	12.889705657958984
18.487817764282227	1.9512296915054321
9.945524215698242	-1.5340083837509155
30.642074584960938	10.993465423583984
29.902271270751953	11.772311210632324
11.647014617919922	-0.8251098394393921
17.366783142089844	10.888274192810059
10.141746520996094	0.0038819313049316406
20.159570693969727	-2.5927066802978516
9.67875862121582	0.7244758605957031
10.126274108886719	-2.197321891784668
12.359687805175781	-2.1465067863464355
25.49102783203125	13.553942680358887
25.719934463500977	-2.8670172691345215
11.638111114501953	13.011102676391602
9.185674667358398	-1.2572550773620605
15.29946517944336	11.03373908996582
28.04712677001953	6.579310417175293
16.950109481811523	0.8061872720718384
25.365821838378906	6.273586273193359
7.8941779136657715	0.1517651081085205
22.220157623291016	-2.4926671981811523
27.069538116455078	4.747891902923584
26.280691146850586	9.269524574279785
9.919782638549805	0.1419123411178589
17.43548583984375	9.679557800292969
22.864482879638672	14.458219528198242
13.338628768920898	6.933611869812012
23.762771606445312	8.143383026123047
20.808576583862305	15.538820266723633
26.344432830810547	6.81196403503418
32.349021911621094	9.859161376953125
8.371866226196289	4.070113182067871
18.86328125	15.104820251464844
22.182239532470703	12.299314498901367
7.568026065826416	10.889372825622559
27.028247833251953	10.351940155029297
8.369474411010742	0.29114389419555664
5.317887783050537	5.985904216766357
7.942661285400391	-1.5718308687210083
19.41511344909668	-1.8667136430740356
31.810352325439453	11.838777542114258
22.63364028930664	-3.065507411956787
15.633720397949219	-1.9620050191879272
29.4846134185791	14.441715240478516
7.2735161781311035	2.321298599243164
20.66590118408203	5.132380962371826
25.412521362304688	13.324328422546387
20.734010696411133	6.600309371948242
21.562280654907227	11.54245376586914
23.466819763183594	4.722694396972656
28.092004776000977	14.25267219543457
8.52517318725586	-2.840569496154785
19.70862579345703	7.269434452056885
17.731725692749023	11.013731002807617
28.48923683166504	4.2581987380981445
4.764395713806152	9.946805953979492
5.573476314544678	6.465881824493408
13.787912368774414	6.040401458740234
14.214122772216797	-2.9749135971069336
4.91514778137207	4.646503925323486
11.710826873779297	-0.9115794897079468
11.513616561889648	-0.9496046304702759
26.942516326904297	-1.0484601259231567
17.368213653564453	-3.4976868629455566
31.509838104248047	10.324474334716797
20.123607635498047	-4.2271013259887695
3.492037057876587	6.837729454040527
25.785869598388672	10.936139106750488
30.397798538208008	13.80714225769043
8.686225891113281	11.18812370300293
25.291690826416016	0.25450313091278076
7.2191877365112305	11.683511734008789
27.863428115844727	13.834085464477539
11.584880828857422	2.599550247192383
8.173995971679688	-0.9876998662948608
14.82223892211914	8.715737342834473
9.981912612915039	-2.313113212585449
16.52532958984375	8.30695915222168
26.670095443725586	8.87026309967041
24.144968032836914	-1.5782471895217896
11.318563461303711	11.731642723083496
4.057653427124023	5.48261022567749
25.470195770263672	1.034283995628357
20.06073570251465	-3.036545753479004
20.051023483276367	13.468862533569336
13.25117301940918	9.811779975891113
24.70768165588379	4.377235412597656
9.250652313232422	0.780631422996521
13.450578689575195	12.971768379211426
15.804866790771484	3.775594711303711
30.121044158935547	9.028230667114258
18.55921173095703	11.107769012451172
16.6905460357666	8.773845672607422
6.1225056648254395	7.809988975524902
8.407032012939453	12.171977043151855
11.349159240722656	1.6930478811264038
7.380908966064453	0.6060289144515991
11.550899505615234	1.6320500373840332
9.911094665527344	-1.6882109642028809
8.14887809753418	0.6181281805038452
4.841601848602295	9.636922836303711
5.351294040679932	7.994563579559326
17.48298454284668	1.7134157419204712
5.735464572906494	5.829660415649414
6.9334588050842285	8.269001007080078
25.340816497802734	13.635866165161133
17.080257415771484	13.776325225830078
27.88941192626953	12.863300323486328
16.552188873291016	-0.8508554697036743
11.866081237792969	6.256951332092285
16.790666580200195	10.297450065612793
13.707818984985352	3.459908962249756
24.92814064025879	0.2008575201034546
17.027225494384766	6.031257629394531
30.844022750854492	9.99431037902832
22.196788787841797	1.3037232160568237
27.737516403198242	9.689462661743164
23.849151611328125	5.107172966003418
12.134088516235352	0.7550133466720581
22.979267120361328	-2.935336112976074
11.272001266479492	0.26945650577545166
9.971603393554688	-0.4823164939880371
21.617523193359375	3.941697120666504
16.806100845336914	11.905851364135742
17.359636306762695	11.731322288513184
19.183734893798828	15.011119842529297
6.036502361297607	8.918514251708984
8.418275833129883	-0.2979583740234375
17.0654354095459	10.715312004089355
21.330841064453125	7.244115829467773
9.999454498291016	-3.317127227783203
13.252466201782227	1.0822261571884155
9.124578475952148	9.247185707092285
14.087284088134766	6.979715824127197
10.533527374267578	6.391485691070557
32.29378128051758	11.340933799743652
14.063777923583984	-3.347726345062256
7.232385635375977	4.7174787521362305
4.699885845184326	9.446606636047363
25.111759185791016	12.029457092285156
24.761173248291016	14.130370140075684
17.46087646484375	13.239073753356934
27.332935333251953	7.944756984710693
9.25738525390625	2.5725746154785156
5.567365646362305	5.4855499267578125
24.831541061401367	-3.159057140350342
29.660764694213867	13.998517036437988
23.640348434448242	-3.4926505088806152
24.836761474609375	3.217851161956787
25.2789249420166	14.776571273803711
18.551698684692383	15.490962028503418
4.189280986785889	8.590245246887207
16.306015014648438	9.044248580932617
30.48447608947754	13.901412010192871
14.351934432983398	9.243123054504395
11.546796798706055	2.719623565673828
18.155508041381836	-2.439352035522461
10.340179443359375	-0.89655601978302
7.46606969833374	11.249761581420898
30.29548454284668	6.605849266052246
21.979612350463867	-4.089322090148926
12.134138107299805	3.4679431915283203
23.95221710205078	5.541436672210693
30.62467384338379	14.000246047973633
28.04034423828125	12.33220100402832
12.950872421264648	12.691749572753906
18.433813095092773	11.909835815429688
23.844470977783203	10.852884292602539
18.22808074951172	7.155529022216797
19.855064392089844	6.895695686340332
12.059593200683594	-2.7452073097229004
25.104000091552734	0.761102557182312
12.870603561401367	3.129091739654541
4.103370189666748	8.099325180053711
20.815521240234375	2.498342990875244
11.302000045776367	3.3335227966308594
6.9066548347473145	2.9295945167541504
28.208635330200195	4.968596935272217
25.28921890258789	8.778457641601562
19.91891860961914	-3.7123560905456543
5.886654376983643	6.9223713874816895
17.06084442138672	15.348262786865234
8.204767227172852	1.0458405017852783
4.040128707885742	5.70851469039917
17.149280548095703	12.24457836151123
31.15709114074707	14.312409400939941
10.228010177612305	2.0581369400024414
30.880577087402344	14.15152359008789
20.59666633605957	5.627172470092773
20.66190528869629	-0.8933058977127075
18.081146240234375	10.869482040405273
21.703920364379883	13.609182357788086
22.899978637695312	2.0223560333251953
11.73110580444336	-2.4312405586242676
20.464204788208008	4.442228317260742
29.939348220825195	12.758846282958984
10.539079666137695	11.9873685836792
27.70603370666504	11.209699630737305
7.403036594390869	7.498202323913574
12.312139511108398	1.3242486715316772
8.65310287475586	-0.11434197425842285
20.272357940673828	5.836254119873047
9.230236053466797	4.370694637298584
9.274585723876953	11.76348876953125
15.85219955444336	-2.620999813079834
8.22470474243164	0.9348931312561035
15.465568542480469	1.7495757341384888
23.605331420898438	-3.340670108795166
29.575973510742188	11.856040000915527
27.882064819335938	13.968793869018555
16.671207427978516	7.658447742462158
17.535566329956055	16.18692970275879
24.217979431152344	13.35435676574707
23.19622039794922	-2.7481489181518555
13.03074836730957	1.8749960660934448
28.636241912841797	2.8821239471435547
14.603982925415039	2.7970895767211914
9.711658477783203	1.4168901443481445
10.749015808105469	0.2718154191970825
6.834880352020264	3.2719264030456543
31.322179794311523	13.90092658996582
8.76081657409668	-0.14309215545654297
16.882183074951172	-1.3839105367660522
5.907584190368652	8.902494430541992
17.535120010375977	2.039278030395508
8.44499397277832	-1.1599533557891846
12.41433334350586	-2.8154873847961426
11.609582901000977	12.654937744140625
25.529075622558594	-2.729897975921631
18.43319320678711	-3.9257984161376953
20.43832778930664	10.830787658691406
11.371440887451172	0.2872046232223511
26.10921287536621	9.282692909240723
9.376667022705078	-2.7731709480285645
25.268362045288086	10.047638893127441
31.270376205444336	14.218369483947754
11.863880157470703	2.8903908729553223
21.164194107055664	14.564804077148438
18.909685134887695	14.725521087646484
18.658645629882812	-3.3301730155944824
23.34340476989746	5.314083099365234
19.757068634033203	13.955211639404297
14.242534637451172	0.15902650356292725
23.105695724487305	0.004165530204772949
23.847827911376953	9.758756637573242
22.68616485595703	8.67587661743164
4.433558940887451	5.772735595703125
4.274672508239746	8.09147834777832
29.796430587768555	12.88171672821045
22.31946563720703	8.176554679870605
19.147932052612305	7.620339393615723
21.0645809173584	7.5899152755737305
7.561842918395996	10.608726501464844
25.010650634765625	-1.5508695840835571
8.433786392211914	11.815168380737305
10.79922103881836	0.01213538646697998
23.89242935180664	13.268155097961426
16.251466751098633	0.7859920263290405
19.968608856201172	13.194830894470215
13.671171188354492	14.643564224243164
17.264875411987305	-3.442739963531494
29.84000015258789	13.105745315551758
16.356727600097656	8.85494613647461
4.7924909591674805	9.086089134216309
28.82503318786621	7.519908905029297
5.015552043914795	9.349595069885254
27.38255500793457	13.19599437713623
13.470224380493164	4.234262466430664
12.71920394897461	4.9924516677856445
16.9050350189209	16.003746032714844
7.694572925567627	11.300013542175293
22.81856346130371	4.138930320739746
8.326313018798828	1.1345454454421997
14.704668045043945	8.782951354980469
12.001314163208008	7.028967380523682
6.9184417724609375	3.4446492195129395
8.28923225402832	-1.8593543767929077
15.343244552612305	-4.004240989685059
28.887216567993164	8.900395393371582
6.809826374053955	4.209360122680664
9.437175750732422	4.965234279632568
5.015850067138672	8.77047348022461
5.901503562927246	9.589601516723633
28.566818237304688	12.364494323730469
27.62971305847168	13.498274803161621
27.275348663330078	7.877789497375488
11.545005798339844	13.710509300231934
8.883268356323242	10.120984077453613
7.538839340209961	10.686415672302246
8.690176010131836	-0.18266725540161133
16.994754791259766	-2.102084159851074
17.315181732177734	12.121170043945312
26.641437530517578	-1.9955788850784302
27.171905517578125	8.737130165100098
11.059242248535156	-2.7194252014160156
28.26869773864746	6.813469886779785
28.183300018310547	11.43645191192627
16.77261734008789	-3.65506649017334
9.379310607910156	4.5164690017700195
28.363656997680664	6.876614093780518
31.205652236938477	13.034534454345703
20.457717895507812	10.067913055419922
9.565534591674805	0.09233784675598145
10.842462539672852	2.822916030883789
6.518752574920654	9.037322998046875
23.54291534423828	6.6279296875
12.853841781616211	-2.1546006202697754
12.566112518310547	5.060133457183838
7.765451908111572	0.6718425750732422
17.31061363220215	9.549318313598633
9.291486740112305	10.229341506958008
4.202670574188232	5.622556686401367
19.48395347595215	10.146162986755371
29.263031005859375	15.050573348999023
31.804088592529297	12.458342552185059
8.827219009399414	-0.7588802576065063
5.266883373260498	6.995044708251953
21.59817123413086	4.611783027648926
18.523056030273438	-2.5980706214904785
24.893712997436523	-0.438571572303772
16.817869186401367	-3.6097140312194824
15.694475173950195	11.45722484588623
10.516801834106445	-1.5719164609909058
15.935415267944336	0.36109960079193115
6.293604373931885	9.007147789001465
14.811468124389648	7.395516872406006
22.77330780029297	14.187336921691895
14.371377944946289	5.325498580932617
25.43892478942871	13.641838073730469
26.111244201660156	12.87575626373291
21.63920783996582	-1.345704197883606
21.2762451171875	0.540671706199646
9.696584701538086	-2.994004249572754
6.009544849395752	6.32472562789917
12.855890274047852	0.6596463918685913
14.180267333984375	-0.4126838445663452
11.15399169921875	-2.8856186866760254
11.146984100341797	0.756438136100769
4.27816915512085	5.67777156829834
25.688812255859375	9.078466415405273
11.649940490722656	-3.0410122871398926
20.12558364868164	12.458721160888672
12.859067916870117	-3.9531636238098145
10.535758972167969	1.73482346534729
30.852352142333984	11.747974395751953
17.324974060058594	0.3438657522201538
25.662641525268555	-1.2802706956863403
7.357403755187988	9.616055488586426
24.96626091003418	-3.582960605621338
25.32108497619629	7.263726234436035
30.323917388916016	7.292064189910889
20.1715030670166	7.8901777267456055
13.54442024230957	13.398188591003418
20.615503311157227	2.2974743843078613
26.039873123168945	-3.101381301879883
25.977651596069336	5.975663185119629
27.09292984008789	6.8162760734558105
15.409368515014648	-1.5388389825820923
15.169229507446289	15.552202224731445
16.331602096557617	7.660921573638916
11.999931335449219	13.715508460998535
18.22142219543457	11.532511711120605
13.177221298217773	11.852568626403809
9.965303421020508	0.5702743530273438
7.30702543258667	0.02084052562713623
17.810754776000977	-2.7230405807495117
10.143268585205078	-2.7030582427978516
12.780637741088867	0.326107382774353
10.991374969482422	13.240970611572266
26.686017990112305	9.890619277954102
10.887439727783203	5.329047203063965
28.032991409301758	8.342601776123047
15.121767044067383	9.097272872924805
27.06465721130371	6.216611862182617
10.897741317749023	-0.8723305463790894
26.762069702148438	6.355182647705078
20.60879135131836	9.720890998840332
17.425168991088867	16.634227752685547
8.193841934204102	-2.580683708190918
24.522817611694336	9.645404815673828
18.14910125732422	14.29023551940918
13.319936752319336	-0.8856126070022583
11.959095001220703	4.624070644378662
20.886913299560547	14.008816719055176
8.376476287841797	10.322571754455566
20.90801429748535	11.602211952209473
16.682693481445312	12.107117652893066
24.611862182617188	-3.3821754455566406
9.276926040649414	-0.6913150548934937
16.722822189331055	9.922243118286133
30.71675682067871	12.230643272399902
28.625925064086914	5.591334342956543
10.116250991821289	-2.435727119445801
10.51290512084961	1.5754919052124023
17.068408966064453	-3.558260917663574
16.531558990478516	13.886306762695312
26.90598487854004	5.6410722732543945
26.668729782104492	11.215214729309082
5.163746356964111	3.6572394371032715
24.93551254272461	-0.6066361665725708
7.998681545257568	4.161657810211182
30.555370330810547	10.874818801879883
28.964488983154297	9.781471252441406
18.259828567504883	0.29269683361053467
14.057083129882812	2.827253818511963
19.53159523010254	12.737842559814453
16.871540069580078	14.761093139648438
19.48644256591797	2.9675545692443848
19.706283569335938	8.004766464233398
30.301660537719727	12.14559555053711
16.66221809387207	6.284994125366211
3.9369354248046875	6.458716869354248
10.865406036376953	-0.2332228422164917
21.41571807861328	8.726907730102539
17.225868225097656	12.898309707641602
26.81108856201172	13.596667289733887
20.2402286529541	4.623446464538574
22.451860427856445	12.9119234085083
25.787227630615234	14.811393737792969
29.372997283935547	8.534825325012207
25.803022384643555	-1.618026852607727
16.86510467529297	2.0839781761169434
16.045238494873047	1.2113324403762817
5.258923053741455	8.806428909301758
26.504878997802734	14.316035270690918
7.069014072418213	-0.1267310380935669
9.680042266845703	11.380237579345703
8.951927185058594	-1.665470004081726
29.141082763671875	11.251378059387207
17.94969367980957	12.853914260864258
9.088836669921875	1.0330945253372192
26.476472854614258	13.220627784729004
6.845305919647217	6.870168685913086
8.720870971679688	-1.6708364486694336
16.812101364135742	1.357249140739441
15.178739547729492	8.998705863952637
30.037555694580078	10.425472259521484
28.419885635375977	4.321126937866211
30.463403701782227	14.34672737121582
17.58281707763672	11.361989974975586
22.58453369140625	12.716520309448242
15.795080184936523	11.119606018066406
3.4385433197021484	5.92620849609375
15.650211334228516	11.675271034240723
4.917219638824463	7.483943939208984
30.753543853759766	12.283534049987793
29.665054321289062	5.810692310333252
8.546144485473633	11.712461471557617
9.22686767578125	-1.2894870042800903
22.209598541259766	10.882208824157715
27.629194259643555	5.6414899826049805
9.962696075439453	-2.0487170219421387
4.5934672355651855	9.668058395385742
19.63054847717285	-3.3088717460632324
13.80313491821289	0.11622655391693115
17.876083374023438	6.2887420654296875
16.87470817565918	5.581831455230713
5.502696514129639	6.530816078186035
21.351980209350586	12.982281684875488
6.040547847747803	6.433837890625
21.617006301879883	5.79779052734375
9.923736572265625	-0.49691712856292725
13.222757339477539	-3.004805088043213
28.634183883666992	7.8704118728637695
12.344610214233398	14.370292663574219
20.734498977661133	-2.419492244720459
17.109560012817383	-0.868613600730896
9.94993782043457	1.1428006887435913
26.314205169677734	-1.5203415155410767
9.783742904663086	-2.818866729736328
28.019487380981445	13.726725578308105
9.36617660522461	-3.080840587615967
11.537307739257812	-3.2394332885742188
26.226356506347656	2.063568592071533
16.827119827270508	15.90096664428711
10.029996871948242	-2.0993547439575195
22.728710174560547	13.182775497436523
15.95533561706543	6.187331199645996
28.438472747802734	2.917591094970703
21.166728973388672	8.845131874084473
24.25221061706543	5.590964317321777
24.09762191772461	11.593448638916016
19.395444869995117	8.829655647277832
7.889984607696533	-1.3393898010253906
31.69735336303711	8.248878479003906
16.378498077392578	11.44608211517334
16.202022552490234	-2.741771697998047
10.455873489379883	-1.1958434581756592
31.15648651123047	13.515436172485352
26.187171936035156	12.726112365722656
10.703853607177734	-2.227281093597412
4.957982540130615	6.679827690124512
6.249662399291992	11.547579765319824
22.301776885986328	-2.258903980255127
22.151779174804688	13.067431449890137
16.693462371826172	-2.885310173034668
20.818952560424805	-4.155452251434326
14.574666976928711	-3.3311243057250977
28.888090133666992	10.951608657836914
30.833995819091797	13.933368682861328
4.368540287017822	6.762563228607178
16.28825569152832	-3.5008411407470703
7.593539714813232	-0.6712225675582886
13.155401229858398	-3.015289306640625
11.889371871948242	8.460768699645996
28.022584915161133	9.287951469421387
5.429220199584961	11.295231819152832
25.3537654876709	13.62869930267334
29.7441463470459	6.777393341064453
23.251937866210938	12.438682556152344
32.05064010620117	5.497645378112793
29.301300048828125	13.150870323181152
17.660350799560547	15.667284965515137
8.79960823059082	-1.326062560081482
10.528959274291992	2.500332832336426
18.064916610717773	-0.7844468355178833
14.098539352416992	-1.5312129259109497
19.401371002197266	13.439563751220703
8.513605117797852	2.2474589347839355
8.252019882202148	10.884127616882324
15.330097198486328	8.233227729797363
19.599082946777344	6.303600788116455
21.247413635253906	-3.905318260192871
31.941274642944336	13.5263671875
24.83353614807129	11.483935356140137
16.8482723236084	-2.697187900543213
30.245275497436523	13.282959938049316
17.900911331176758	13.086942672729492
26.52560806274414	2.7604289054870605
16.893287658691406	-3.6581196784973145
32.25136184692383	13.266300201416016
26.246055603027344	7.680253028869629
13.468168258666992	3.5733633041381836
12.57575798034668	-2.7221288681030273
19.3822078704834	7.69694709777832
18.315141677856445	8.636506080627441
8.400156021118164	0.47269272804260254
20.921092987060547	12.956332206726074
16.1640567779541	7.979862213134766
26.643856048583984	3.064615249633789
28.34906768798828	13.718888282775879
31.55165672302246	8.385309219360352
9.407106399536133	0.612984299659729
16.774667739868164	2.922271251678467
16.156967163085938	3.118739128112793
5.327193737030029	9.299757957458496
9.364421844482422	12.078861236572266
20.00368881225586	8.463016510009766
27.38336944580078	8.525203704833984
26.097400665283203	7.969491958618164
22.12860679626465	13.070662498474121
26.83829116821289	14.610724449157715
4.438852310180664	3.5680794715881348
16.857681274414062	13.627033233642578
10.750944137573242	-1.03789222240448
10.113197326660156	-1.1915712356567383
27.903762817382812	-0.7613064050674438
4.589663505554199	4.802282333374023
24.90297508239746	9.670528411865234
21.896564483642578	3.3822927474975586
21.874298095703125	4.302900314331055
10.666692733764648	12.841691017150879
10.292943954467773	-1.605939269065857
31.548072814941406	7.414278984069824
24.79566192626953	-2.9049277305603027
12.135269165039062	2.0350289344787598
8.804609298706055	-0.17870080471038818
17.033430099487305	-4.183154582977295
14.026193618774414	0.405483603477478
6.43233585357666	7.893888473510742
11.533525466918945	0.5037158727645874
19.01727294921875	8.029024124145508
23.450109481811523	14.643381118774414
27.928024291992188	14.12985610961914
12.984268188476562	-1.1942461729049683
15.693727493286133	-1.9598137140274048
24.962627410888672	13.127213478088379
5.833374500274658	8.532258987426758
26.611265182495117	2.8553738594055176
24.506725311279297	0.35426557064056396
5.472696304321289	5.244395732879639
19.973642349243164	-3.8238444328308105
7.241959095001221	7.658466339111328
21.80542755126953	-2.1883230209350586
21.373615264892578	12.737844467163086
25.718154907226562	8.704957962036133
9.753528594970703	-2.5895438194274902
16.38882827758789	3.996934413909912
9.16043472290039	11.308759689331055
12.68157958984375	-2.964076519012451
16.013463973999023	9.052964210510254
7.615170001983643	2.0515599250793457
24.495500564575195	11.396907806396484
19.527135848999023	10.992151260375977
22.507396697998047	-4.430188179016113
16.743703842163086	11.894455909729004
24.83207893371582	4.587436676025391
15.333805084228516	15.69490909576416
25.147493362426758	-0.3313356637954712
12.470571517944336	-2.462576389312744
20.81386947631836	-2.7796998023986816
6.9102864265441895	-1.1950072050094604
25.532861709594727	8.762763977050781
10.343032836914062	-1.2941030263900757
19.280473709106445	6.963526725769043
21.555946350097656	-0.4724470376968384
10.529718399047852	0.24115562438964844
17.456457138061523	10.05823802947998
16.2900447845459	13.721513748168945
18.987457275390625	6.447137832641602
20.362545013427734	9.78524112701416
19.675140380859375	0.4611622095108032
9.39382553100586	5.754460334777832
18.338390350341797	-1.4629544019699097
20.244848251342773	-2.3776650428771973
18.22223663330078	2.512345314025879
29.19415283203125	4.277378082275391
32.19292068481445	12.699183464050293
18.371200561523438	13.123102188110352
9.907936096191406	-1.2667992115020752
18.51841163635254	3.2362914085388184
25.420522689819336	-1.2854739427566528
29.451879501342773	13.154647827148438
31.962650299072266	11.386011123657227
26.794143676757812	-0.8723746538162231
9.500837326049805	12.186516761779785
4.6012187004089355	6.473538875579834
10.395923614501953	3.956627368927002
3.9101271629333496	5.691433906555176
11.500553131103516	-0.7515460252761841
4.1442437171936035	8.782369613647461
8.385345458984375	6.297085285186768
11.609964370727539	13.481675148010254
9.085393905639648	11.833431243896484
10.213619232177734	2.376955986022949
21.554813385009766	7.257070541381836
10.360557556152344	-0.5016762018203735
9.826406478881836	0.2752319574356079
22.05780792236328	14.062493324279785
8.363237380981445	-0.5886067152023315
26.634784698486328	11.905311584472656
8.773321151733398	-0.3054006099700928
12.179298400878906	1.2540799379348755
10.252487182617188	-0.8550230264663696
9.995737075805664	0.45535850524902344
30.329673767089844	10.714181900024414
21.829036712646484	13.081633567810059
4.695546627044678	5.238399028778076
22.834178924560547	12.721967697143555
7.6620330810546875	9.146751403808594
4.865039348602295	5.601110935211182
26.184513092041016	-2.4135518074035645
9.528923034667969	-1.6212531328201294
22.739822387695312	-3.8611602783203125
23.462331771850586	14.295477867126465
9.116106033325195	-0.4785120487213135
7.317025661468506	10.319314956665039
10.899770736694336	-0.12998640537261963
17.91884994506836	2.7661490440368652
9.137283325195312	0.6066610813140869
7.708863258361816	-0.9377996921539307
27.139476776123047	9.103034973144531
27.780929565429688	6.645879745483398
17.192596435546875	9.025543212890625
23.781658172607422	11.410905838012695
29.37530517578125	14.48565673828125
15.766960144042969	4.736329078674316
13.677289962768555	-0.6146692037582397
8.909446716308594	10.670257568359375
10.073274612426758	2.5304160118103027
22.13575553894043	10.619325637817383
5.334535121917725	4.187647342681885
5.5809502601623535	7.676386833190918
16.2630672454834	1.6243129968643188
22.951343536376953	0.11398684978485107
27.352087020874023	9.712650299072266
20.643199920654297	-3.7897133827209473
30.780925750732422	14.49398136138916
19.427371978759766	9.36491584777832
4.155463695526123	7.610249042510986
28.736083984375	3.1782517433166504
25.7274169921875	13.668661117553711
3.58439040184021	5.147260665893555
27.24783706665039	12.626641273498535
30.550935745239258	13.673930168151855
17.94548988342285	12.298139572143555
14.508460998535156	7.10676908493042
14.443897247314453	-0.5858124494552612
21.418912887573242	8.106328964233398
18.837848663330078	11.2985200881958
22.226696014404297	9.642108917236328
25.45541763305664	8.109161376953125
11.010482788085938	1.2217445373535156
8.217536926269531	-2.0461649894714355
28.887426376342773	12.684296607971191
7.69210147857666	1.0516427755355835
22.469451904296875	-1.152445673942566
4.200639724731445	8.862868309020996
3.4569320678710938	4.651940822601318
7.047776699066162	2.7119197845458984
9.413358688354492	3.2207131385803223
21.89359474182129	2.6220712661743164
23.167028427124023	10.052217483520508
7.918084621429443	0.43293213844299316
9.540889739990234	-1.7473087310791016
3.5125322341918945	7.542226791381836
9.199457168579102	-1.0288487672805786
27.842815399169922	10.049308776855469
13.169639587402344	0.6336742639541626
12.246856689453125	13.856060028076172
24.539459228515625	-3.853618621826172
28.970077514648438	5.2110490798950195
7.596110820770264	-1.8045654296875
13.07120132446289	-2.9882078170776367
7.701793670654297	9.929603576660156
9.694101333618164	-1.7508935928344727
12.715478897094727	4.334248065948486
27.95005989074707	6.655813217163086
25.400146484375	1.6674994230270386
23.353315353393555	16.080392837524414
18.210617065429688	-4.109875679016113
10.556922912597656	13.905409812927246
18.988187789916992	12.26486873626709
24.962936401367188	-1.8324590921401978
11.6895751953125	12.685419082641602
28.363239288330078	8.788240432739258
8.084091186523438	-1.469966173171997
16.111968994140625	9.030231475830078
3.790189266204834	7.460548400878906
21.97018051147461	14.318594932556152
13.067584991455078	-2.110002040863037
27.949796676635742	1.1830357313156128
16.566577911376953	15.992995262145996
9.75967788696289	1.505846619606018
24.273279190063477	11.254112243652344
29.43271255493164	11.473633766174316
13.892799377441406	-1.948827862739563
11.259008407592773	-1.7239375114440918
23.840225219726562	5.491744041442871
5.292708396911621	2.949573516845703
12.200838088989258	3.4770617485046387
29.29754066467285	13.153182983398438
24.441162109375	13.477550506591797
29.521881103515625	5.411391735076904
12.236406326293945	-1.9017757177352905
25.065837860107422	2.855987071990967
27.611690521240234	13.931693077087402
30.455780029296875	10.057729721069336
19.955326080322266	-2.1538329124450684
19.661645889282227	-3.448233127593994
10.785699844360352	4.401622772216797
19.095123291015625	15.388104438781738
12.679903030395508	3.90725040435791
12.79951286315918	5.483434200286865
21.827789306640625	0.7083531618118286
25.30557632446289	12.936826705932617
14.23764419555664	6.016815185546875
12.811922073364258	-1.1624716520309448
30.063066482543945	8.5693359375
3.687494993209839	5.647636890411377
28.04293441772461	8.601648330688477
10.717546463012695	11.177112579345703
25.670934677124023	14.257488250732422
25.417461395263672	14.694729804992676
31.45259666442871	12.60599136352539
13.022832870483398	6.0795111656188965
20.22482681274414	14.540935516357422
23.204906463623047	2.307858943939209
18.501663208007812	-1.6316925287246704
9.048360824584961	-2.2262558937072754
9.31167984008789	-2.5719051361083984
7.23977518081665	-0.9206777811050415
8.685745239257812	-2.660038948059082
8.276969909667969	-0.9783082008361816
10.722932815551758	-0.568342924118042
9.741390228271484	-0.12476754188537598
16.147193908691406	11.843770027160645
21.42185401916504	12.03065299987793
24.242244720458984	2.8476433753967285
11.430606842041016	1.1991655826568604
8.183614730834961	-1.5520293712615967
23.881954193115234	-1.7252494096755981
18.217958450317383	8.75356674194336
12.26011848449707	-3.319016456604004
10.877946853637695	3.029721736907959
23.631563186645508	-1.4650593996047974
21.290407180786133	10.138675689697266
23.619741439819336	12.266586303710938
24.00910186767578	14.251714706420898
26.736225128173828	8.891988754272461
31.343015670776367	3.7067136764526367
28.751781463623047	10.64670467376709
15.74165153503418	1.893346905708313
19.00737762451172	-2.291365623474121
24.981666564941406	2.88668155670166
13.52232551574707	14.283097267150879
25.1124267578125	2.6398816108703613
27.125957489013672	-0.6583596467971802
6.290403366088867	6.328209400177002
15.055618286132812	8.210888862609863
5.486234664916992	7.817953586578369
9.363956451416016	11.623960494995117
29.600324630737305	2.8405442237854004
26.3267765045166	14.604015350341797
5.2976202964782715	5.605131149291992
9.59907341003418	-2.4440078735351562
21.172269821166992	14.51652717590332
5.977262496948242	3.491755962371826
10.512237548828125	-2.9534034729003906
11.688478469848633	13.241280555725098
9.01369857788086	-0.4538407325744629
9.717771530151367	5.695374011993408
7.672021865844727	-2.0597963333129883
9.575384140014648	0.4986335039138794
8.180076599121094	-1.30143141746521
6.729215145111084	0.5901254415512085
9.135095596313477	-2.2532644271850586
20.253721237182617	13.796045303344727
30.312318801879883	14.093974113464355
21.768312454223633	11.916316032409668
9.177957534790039	12.756240844726562
22.17717742919922	9.476189613342285
25.52519989013672	2.0941853523254395
29.29589080810547	3.1220650672912598
10.166990280151367	3.022446632385254
9.566261291503906	-0.18059110641479492
22.81396484375	10.116573333740234
11.27975082397461	1.0310349464416504
22.333837509155273	12.735435485839844
30.60401725769043	10.751359939575195
23.8494873046875	10.408622741699219
23.610807418823242	14.012150764465332
28.54686164855957	-3.254383087158203
31.241369247436523	13.277719497680664
26.029415130615234	-1.4862605333328247
15.482391357421875	-0.9439486265182495
28.01349639892578	10.900613784790039
18.56906509399414	13.387786865234375
11.51173210144043	3.2309823036193848
12.42551040649414	5.234540939331055
20.819002151489258	0.7368084192276001
14.27676773071289	10.184823036193848
21.85901641845703	-2.706427574157715
10.751249313354492	-2.986147880554199
8.20077896118164	10.8779296875
13.773754119873047	-2.0993118286132812
6.945112705230713	-1.3109650611877441
11.341215133666992	3.5418519973754883
18.72499656677246	11.504881858825684
27.239181518554688	4.595535755157471
11.281974792480469	-2.0208678245544434
28.015291213989258	9.92784595489502
12.234079360961914	2.4832353591918945
24.540786743164062	0.22312772274017334
20.065113067626953	-3.407240867614746
15.176172256469727	6.937115669250488
27.297639846801758	-2.4837646484375
23.170940399169922	-3.608985424041748
15.550508499145508	-2.1759705543518066
26.843547821044922	5.349098205566406
30.589820861816406	14.17707633972168
3.5838053226470947	7.310461521148682
11.84736442565918	-0.027890801429748535
10.746896743774414	12.368158340454102
31.659481048583984	11.20267391204834
8.439338684082031	4.457418918609619
12.587898254394531	-1.4046064615249634
4.251102447509766	6.379604816436768
26.95754051208496	13.259939193725586
15.723003387451172	8.825043678283691
27.535669326782227	10.478076934814453
12.74839973449707	6.331976890563965
20.816991806030273	-3.0457706451416016
25.16899871826172	11.384315490722656
10.423330307006836	-2.7620849609375
16.925634384155273	14.001344680786133
5.965611457824707	9.61474609375
22.928821563720703	8.11154556274414
5.530519008636475	7.288017749786377
25.873859405517578	3.8267626762390137
11.64295768737793	10.71526050567627
9.138343811035156	-2.3287715911865234
15.96418571472168	15.930694580078125
17.122777938842773	11.381951332092285
28.385732650756836	10.993202209472656
17.722064971923828	14.316609382629395
13.983938217163086	-3.233510971069336
11.328237533569336	-1.9536315202713013
7.212452411651611	-1.8649801015853882
11.223625183105469	2.9633431434631348
16.402183532714844	11.701616287231445
7.613992214202881	7.688625335693359
10.96926498413086	-1.5060948133468628
27.138696670532227	-0.3747755289077759
10.769311904907227	13.416912078857422
23.967876434326172	-2.6321802139282227
30.800073623657227	9.743085861206055
25.129209518432617	8.621258735656738
9.182769775390625	-2.6488466262817383
14.097209930419922	6.680939674377441
7.954476833343506	-1.566537857055664
28.535022735595703	11.999186515808105
13.212505340576172	-1.1259666681289673
15.440681457519531	9.324909210205078
12.508390426635742	14.2733793258667
17.338085174560547	-3.490264415740967
17.180126190185547	4.105220794677734
19.507173538208008	15.55704402923584
4.523261547088623	6.433050155639648
25.8203182220459	13.558133125305176
10.180421829223633	-1.4447448253631592
9.899276733398438	-0.4892587661743164
21.924715042114258	13.779454231262207
17.044837951660156	11.050005912780762
23.694599151611328	12.685282707214355
11.235588073730469	-1.4027923345565796
28.58803939819336	13.57681941986084
28.135988235473633	-2.9983086585998535
7.145150661468506	8.592279434204102
25.048152923583984	13.380670547485352
29.06243896484375	11.358560562133789
6.8953938484191895	2.317117691040039
6.0741167068481445	5.866438388824463
25.289691925048828	0.9423178434371948
31.28643035888672	12.19493579864502
23.631853103637695	6.538555145263672
15.682994842529297	0.38868987560272217
23.51717185974121	11.956010818481445
6.154453277587891	10.132232666015625
28.35403823852539	0.6680101156234741
10.489002227783203	-2.068692684173584
23.073930740356445	2.366607189178467
7.492725849151611	5.2683868408203125
17.0051326751709	9.202679634094238
12.249523162841797	13.026826858520508
15.253250122070312	8.827713966369629
13.990852355957031	-1.5154987573623657
10.40108871459961	-0.1630563735961914
9.995973587036133	2.037482261657715
22.992116928100586	-0.6094971895217896
26.731464385986328	2.809027671813965
29.647674560546875	14.115984916687012
27.751543045043945	9.705620765686035
20.880271911621094	5.3154296875
27.730510711669922	13.988479614257812
13.33244514465332	14.185306549072266
28.4388427734375	11.59119701385498
7.253857135772705	10.486336708068848
25.952970504760742	13.723788261413574
7.951163291931152	-1.4824824333190918
9.957839965820312	-1.9047532081604004
15.085321426391602	8.811336517333984
13.093563079833984	6.815850257873535
29.571163177490234	11.500941276550293
10.165367126464844	0.6491260528564453
25.981372833251953	12.476993560791016
15.205263137817383	-0.5820597410202026
24.159517288208008	10.800756454467773
5.425401210784912	6.14546537399292
12.82783317565918	1.4873484373092651
22.407724380493164	14.703857421875
11.277688980102539	1.9594792127609253
22.289642333984375	6.627722263336182
7.95205020904541	3.896486282348633
4.716563701629639	4.542730808258057
9.897518157958984	11.288956642150879
12.430238723754883	-3.453597068786621
15.312318801879883	-1.8872309923171997
9.82209587097168	8.268054962158203
16.600305557250977	-2.9305410385131836
25.00518798828125	14.09344482421875
30.287717819213867	14.205907821655273
10.183698654174805	-0.20470845699310303
20.633075714111328	5.967529296875
29.185379028320312	13.387918472290039
14.38162612915039	1.304301142692566
11.516254425048828	4.045200347900391
16.301307678222656	-3.518324851989746
21.640193939208984	14.609167098999023
9.456283569335938	10.405876159667969
4.186077117919922	6.07844352722168
11.881147384643555	11.745813369750977
25.490522384643555	0.25280988216400146
10.679527282714844	-0.9836020469665527
27.994340896606445	10.492806434631348
9.213272094726562	10.792808532714844
5.747896671295166	7.00499153137207
28.13292694091797	8.790653228759766
19.79123878479004	13.915560722351074
9.116580963134766	10.840871810913086
25.56940460205078	1.6561530828475952
32.02579116821289	14.991765975952148
25.208948135375977	10.3714599609375
20.375877380371094	-3.407301902770996
15.73444938659668	10.022987365722656
16.18775749206543	2.7724485397338867
19.045608520507812	0.7942465543746948
30.386425018310547	13.287349700927734
16.737741470336914	1.035671591758728
10.048624038696289	6.279407978057861
17.99847412109375	11.041733741760254
9.546918869018555	-2.8417601585388184
3.506080389022827	6.707677841186523
22.090686798095703	8.55394172668457
8.251726150512695	-0.9023079872131348
15.663793563842773	7.295933723449707
7.7042622566223145	-0.5764186382293701
14.821020126342773	9.253063201904297
7.2760820388793945	4.7653679847717285
5.638130187988281	3.8039612770080566
8.155685424804688	6.807652950286865
21.028898239135742	14.354358673095703
6.347433567047119	5.506195545196533
25.091693878173828	-2.3045830726623535
28.335750579833984	9.751324653625488
17.96534538269043	7.737417221069336
28.745607376098633	7.119581699371338
11.938358306884766	1.1273467540740967
12.348531723022461	6.070409774780273
26.816904067993164	13.590827941894531
30.045337677001953	14.23378849029541
6.95648717880249	11.123269081115723
21.556516647338867	13.555828094482422
19.589242935180664	-4.667428016662598
14.477008819580078	10.593594551086426
18.12232208251953	11.705430030822754
13.39961051940918	-1.839412808418274
18.901901245117188	11.618590354919434
6.171670913696289	3.8531455993652344
30.693769454956055	14.17416000366211
9.997457504272461	11.054021835327148
8.211843490600586	1.3026654720306396
21.37612533569336	8.755293846130371
25.197660446166992	12.844709396362305
16.971216201782227	9.647125244140625
18.7208194732666	0.41110241413116455
13.082633972167969	-2.9824671745300293
20.75912094116211	15.724553108215332
25.40944480895996	14.006410598754883
23.08501434326172	14.804644584655762
14.170642852783203	-3.1552419662475586
17.850893020629883	14.128657341003418
11.840278625488281	-2.5752358436584473
6.1344099044799805	9.4858980178833
24.04578399658203	6.671960830688477
9.915327072143555	-1.6807544231414795
26.424301147460938	14.042452812194824
12.975839614868164	3.7656807899475098
22.370433807373047	11.065958976745605
24.459901809692383	8.345260620117188
9.583101272583008	-2.676690101623535
16.419898986816406	0.051160454750061035
18.821353912353516	3.532349109649658
22.458463668823242	7.000214576721191
19.819284439086914	12.996809959411621
15.658773422241211	2.4865455627441406
23.900379180908203	-3.8177947998046875
19.100881576538086	11.267441749572754
24.903257369995117	-2.3037257194519043
12.040288925170898	4.373468399047852
22.80950164794922	13.6631441116333
17.33981704711914	-2.7370471954345703
29.446884155273438	9.123997688293457
25.161813735961914	8.008091926574707
8.855337142944336	2.7723655700683594
28.39520263671875	9.735501289367676
11.075944900512695	1.1201579570770264
23.36016845703125	14.520048141479492
9.400590896606445	-1.7878342866897583
26.605552673339844	13.711225509643555
4.555844306945801	8.370016098022461
21.337276458740234	10.618169784545898
25.83791732788086	9.791501998901367
13.245092391967773	-2.2621655464172363
31.478389739990234	13.149883270263672
28.547388076782227	8.629655838012695
13.359804153442383	0.02255380153656006
23.862789154052734	13.190587043762207
13.125154495239258	14.500450134277344
8.4193115234375	9.740884780883789
29.407611846923828	11.096076965332031
23.164831161499023	5.152226448059082
30.601749420166016	9.331032752990723
22.06102752685547	9.512680053710938
25.657583236694336	9.435391426086426
13.078006744384766	1.8080953359603882
11.534259796142578	1.9837026596069336
12.386629104614258	14.053752899169922
32.0878791809082	12.132424354553223
17.94890785217285	12.694764137268066
16.434656143188477	-2.7785162925720215
18.721885681152344	14.44260025024414
17.694316864013672	3.9681057929992676
19.50626564025879	7.0651631355285645
16.875070571899414	14.921369552612305
11.721860885620117	13.45195198059082
20.644554138183594	-3.079456329345703
27.215091705322266	13.36190414428711
5.617433071136475	9.095853805541992
27.440887451171875	9.322144508361816
19.370119094848633	10.02676010131836
4.510547161102295	7.376507759094238
26.12232780456543	0.9139441251754761
18.821542739868164	-2.98637056350708
22.035696029663086	-1.0529698133468628
13.12721061706543	14.99495792388916
10.203117370605469	-2.485872745513916
4.735893726348877	7.358564376831055
27.054468154907227	9.240130424499512
7.110268592834473	-2.3359007835388184
26.972803115844727	14.432660102844238
28.32131004333496	4.047779083251953
10.449962615966797	-0.5088914632797241
21.95269012451172	-2.137885570526123
26.566972732543945	-1.27141535282135
25.787899017333984	13.983126640319824
31.49334144592285	12.734336853027344
28.924856185913086	12.908929824829102
14.359073638916016	7.978110313415527
20.473800659179688	8.885486602783203
3.1322379112243652	6.309019088745117
8.533546447753906	5.833982467651367
7.114509582519531	3.4470715522766113
27.361865997314453	14.150236129760742
20.431238174438477	-2.7717485427856445
8.320690155029297	-0.5759713649749756
9.332643508911133	-0.5339488983154297
25.54578971862793	13.756593704223633
10.892169952392578	1.8152928352355957
8.285699844360352	12.549835205078125
23.38607406616211	13.009745597839355
24.559921264648438	-4.515997886657715
8.641115188598633	8.5447416305542
20.254898071289062	11.661389350891113
25.61433982849121	-1.2056375741958618
12.04892349243164	4.804704189300537
14.695749282836914	14.703557968139648
17.180261611938477	7.2266082763671875
7.7964768409729	3.129854202270508
10.770378112792969	-1.3061165809631348
26.069028854370117	1.0583189725875854
19.80130958557129	7.996998310089111
18.290122985839844	10.689004898071289
11.054733276367188	14.234646797180176
8.210674285888672	2.9106526374816895
32.125213623046875	12.149944305419922
12.045812606811523	1.8533196449279785
21.79068946838379	12.990735054016113
6.953423500061035	-0.9494050741195679
23.119226455688477	14.719775199890137
30.65817642211914	12.90032958984375
29.2112979888916	8.71056079864502
6.325753688812256	8.890146255493164
19.353837966918945	1.7052990198135376
8.770174026489258	-2.285306453704834
28.584720611572266	7.6097259521484375
18.377729415893555	-0.15265023708343506
7.622377395629883	-2.3833885192871094
12.652036666870117	14.289395332336426
16.619905471801758	-3.71378755569458
13.298974990844727	2.0017457008361816
26.426815032958984	0.044171690940856934
23.004152297973633	1.868871808052063
9.949487686157227	-2.3943300247192383
6.14471960067749	8.439141273498535
13.485469818115234	5.642688751220703
15.30868911743164	-2.048300266265869
11.52276611328125	-1.9939664602279663
4.060749053955078	8.328169822692871
10.439018249511719	2.0490922927856445
5.625581741333008	6.588921546936035
17.571928024291992	14.9162015914917
24.9332275390625	12.661432266235352
11.208965301513672	1.7451519966125488
11.432579040527344	-0.7374197244644165
9.650640487670898	10.243834495544434
10.262741088867188	1.3026450872421265
22.063379287719727	-3.546377658843994
23.415639877319336	9.917473793029785
16.635746002197266	6.583181381225586
17.014991760253906	8.932182312011719
12.95789909362793	14.477895736694336
24.008651733398438	-0.3393198251724243
8.97381591796875	4.610813140869141
30.521438598632812	14.582385063171387
10.224313735961914	1.7374718189239502
5.443612575531006	5.372204303741455
11.151924133300781	5.72990083694458
9.14274787902832	10.32243824005127
17.920429229736328	13.672250747680664
25.41933822631836	5.110823631286621
17.837928771972656	11.386560440063477
13.731451034545898	6.300777912139893
6.166531562805176	6.654181957244873
4.29801607131958	7.538090229034424
21.047409057617188	-1.2565003633499146
12.142745971679688	12.219350814819336
5.577151775360107	11.03105354309082
21.571475982666016	7.220526695251465
11.578237533569336	-2.7103090286254883
13.32436752319336	14.54436206817627
15.254352569580078	-0.5775879621505737
13.083158493041992	3.4681272506713867
21.764169692993164	-2.4282336235046387
27.084732055664062	11.751460075378418
8.860397338867188	5.298221588134766
19.05067253112793	-3.889207363128662
21.488384246826172	5.562954902648926
17.05402374267578	11.770305633544922
6.454227924346924	7.493285655975342
23.578590393066406	14.081737518310547
24.5802001953125	-2.1879682540893555
5.932239055633545	7.355245590209961
9.578224182128906	-0.18929147720336914
27.433528900146484	-1.5844446420669556
10.010995864868164	-0.4762537479400635
16.686662673950195	-3.8269453048706055
3.522653341293335	6.805160999298096
8.054239273071289	-2.645969867706299
14.466053009033203	6.629710674285889
28.074142456054688	9.219013214111328
25.56916046142578	3.5110960006713867
19.017126083374023	15.953998565673828
15.387580871582031	5.7017388343811035
4.304138660430908	7.2072343826293945
8.265359878540039	1.428452968597412
12.707590103149414	7.3491106033325195
12.819826126098633	5.79257869720459
19.43234634399414	8.230853080749512
15.622455596923828	10.383454322814941
8.769786834716797	12.073918342590332
3.967120885848999	5.941623687744141
11.921289443969727	-3.5729079246520996
7.735301971435547	0.6260092258453369
24.173856735229492	1.6039842367172241
24.996849060058594	-2.8664298057556152
25.38538360595703	4.212697982788086
21.017927169799805	9.696873664855957
8.663009643554688	-1.1278270483016968
8.659036636352539	11.863607406616211
14.37527084350586	-0.18384969234466553
7.308463096618652	-1.9440871477127075
21.591007232666016	15.231534957885742
27.86092758178711	5.288278579711914
9.302064895629883	12.921919822692871
31.41237449645996	14.674212455749512
4.859107494354248	6.616452217102051
31.42828369140625	10.218364715576172
30.617095947265625	8.67238998413086
9.225566864013672	-0.0681847333908081
9.209175109863281	-1.453086495399475
9.096702575683594	-2.1286420822143555
10.729482650756836	-0.7457183599472046
16.795475006103516	10.680370330810547
25.930561065673828	4.443573951721191
9.768505096435547	10.101996421813965
27.985254287719727	8.313953399658203
18.39947509765625	7.4539313316345215
26.421390533447266	-1.0408984422683716
9.861299514770508	8.076639175415039
30.584129333496094	9.873562812805176
17.545448303222656	9.034340858459473
21.599605560302734	12.713167190551758
25.650794982910156	-2.715945243835449
9.500040054321289	2.8834547996520996
14.449922561645508	0.022610068321228027
8.455167770385742	-1.3587734699249268
8.574182510375977	11.513809204101562
11.914535522460938	1.491878867149353
29.581344604492188	14.434125900268555
8.556192398071289	-1.172650694847107
12.270051956176758	3.496331214904785
9.967084884643555	-3.2613582611083984
3.4988479614257812	5.723539352416992
13.166830062866211	-2.7479248046875
9.650979995727539	4.835193157196045
19.292076110839844	13.386641502380371
23.504423141479492	12.244102478027344
12.349481582641602	-3.4071011543273926
20.95806121826172	-2.506671905517578
10.055644989013672	-0.7413076162338257
16.947097778320312	10.34658145904541
10.262008666992188	-1.3242000341415405
8.045122146606445	-1.6090760231018066
9.070554733276367	0.32349956035614014
7.8669562339782715	1.0344103574752808
9.485816955566406	9.921667098999023
16.403783798217773	-1.9257079362869263
12.755046844482422	-0.9269706010818481
9.753602981567383	-2.468637466430664
17.65439796447754	9.556009292602539
12.79572868347168	-2.224318504333496
10.172231674194336	6.769290924072266
12.139122009277344	3.0842695236206055
29.237985610961914	14.41406536102295
30.513511657714844	11.563090324401855
3.637575149536133	7.425322532653809
13.36933708190918	5.845376014709473
18.688018798828125	11.25747013092041
15.462701797485352	10.552783966064453
8.542306900024414	-1.4774895906448364
22.316261291503906	10.861387252807617
27.149351119995117	2.001356601715088
9.158588409423828	12.524775505065918
18.327098846435547	11.050530433654785
17.784282684326172	13.198224067687988
20.48008918762207	9.860133171081543
9.468524932861328	-0.9733861684799194
20.350271224975586	10.741392135620117
4.356395244598389	5.816284656524658
20.067100524902344	13.7450532913208
9.89076042175293	11.657729148864746
24.972394943237305	9.580114364624023
9.002740859985352	11.29409122467041
9.09442138671875	0.7786223888397217
22.173227310180664	10.726940155029297
9.373695373535156	-0.3606604337692261
27.357614517211914	14.748315811157227
27.546789169311523	12.8790864944458
7.816977500915527	4.8929338455200195
26.541873931884766	10.507445335388184
29.744733810424805	13.892752647399902
14.181015014648438	5.132751941680908
21.735620498657227	-3.030142307281494
27.392478942871094	6.613375663757324
9.109481811523438	-1.7687331438064575
7.024715900421143	4.022078990936279
9.82293701171875	1.2938296794891357
25.83462905883789	11.917269706726074
24.68009376525879	2.825005054473877
25.126922607421875	-3.381438732147217
4.500644207000732	8.086005210876465
26.126365661621094	12.605937957763672
10.02264404296875	1.9690054655075073
31.08748435974121	10.476287841796875
27.12044334411621	11.75838851928711
9.552143096923828	-0.6363143920898438
9.553712844848633	-1.298753261566162
24.087112426757812	10.779118537902832
17.065427780151367	-3.127892017364502
31.734249114990234	12.6658353805542
23.76900291442871	10.194169044494629
10.047096252441406	5.74451208114624
15.238546371459961	7.280660152435303
7.477885723114014	10.355558395385742
8.061954498291016	9.604129791259766
23.635887145996094	14.152802467346191
6.884452819824219	10.583998680114746
14.055076599121094	7.04722785949707
9.842119216918945	1.2747559547424316
8.197067260742188	12.87600326538086
13.599355697631836	8.684822082519531
14.87112045288086	14.512011528015137
17.936731338500977	-0.6197117567062378
23.65985870361328	8.78829574584961
12.64920425415039	3.30330753326416
25.861572265625	11.103813171386719
22.28513526916504	12.177703857421875
10.893745422363281	2.443673610687256
9.170204162597656	-0.09581613540649414
12.672616958618164	5.353856086730957
16.718353271484375	2.7725114822387695
18.42331886291504	14.058273315429688
23.49299430847168	12.706032752990723
8.867101669311523	3.3800506591796875
22.635082244873047	2.7006096839904785
11.507863998413086	-2.875072479248047
21.588823318481445	13.995294570922852
12.099332809448242	6.202419281005859
19.62264060974121	0.9960108995437622
22.582250595092773	14.139906883239746
20.89360809326172	1.6056619882583618
12.101110458374023	2.0408520698547363
10.551004409790039	0.6822713613510132
12.793670654296875	2.8832874298095703
10.094980239868164	-2.9155936241149902
28.5732364654541	4.608037948608398
30.034759521484375	12.607163429260254
27.583881378173828	-2.001859664916992
15.89686393737793	-2.4472336769104004
19.491546630859375	14.524287223815918
31.515727996826172	14.142610549926758
14.902860641479492	0.7459787130355835
8.395484924316406	7.735838890075684
27.973852157592773	9.899394035339355
30.574626922607422	14.323344230651855
13.73399543762207	3.754852294921875
4.691225051879883	6.507318496704102
31.108549118041992	12.292892456054688
26.26282501220703	11.387412071228027
7.048293590545654	1.4189684391021729
26.089855194091797	-2.1829986572265625
29.5539493560791	6.781294822692871
8.423473358154297	-2.131600856781006
27.902629852294922	13.440826416015625
29.901126861572266	5.105048179626465
13.78375244140625	7.39780330657959
24.308826446533203	-3.323418617248535
17.408140182495117	13.427633285522461
28.373804092407227	11.635971069335938
14.325355529785156	9.344465255737305
6.572197437286377	10.328386306762695
5.1547017097473145	5.310147762298584
13.774986267089844	14.118142127990723
4.576815128326416	8.863953590393066
25.777345657348633	13.617493629455566
28.604206085205078	2.398120880126953
16.65821075439453	-3.0000438690185547
11.044025421142578	0.37521815299987793
