1
-10.23769760131836	-12.101507186889648
-2.2663493156433105	-4.555521011352539
-9.21999740600586	-11.23306655883789
-11.251140594482422	-13.592266082763672
-9.612080574035645	-11.526554107666016
-3.3132221698760986	-5.335244655609131
-11.70861530303955	-14.165060043334961
-10.584874153137207	-12.74820613861084
-5.113561153411865	-7.201220512390137
-12.198716163635254	-14.676919937133789
-5.578975677490234	-7.333975315093994
-2.1732852458953857	-4.339621543884277
-8.736902236938477	-10.673643112182617
-16.64422035217285	-19.70282745361328
-1.9691836833953857	-4.264052391052246
-17.085519790649414	-20.13807487487793
-6.391915798187256	-8.166143417358398
-16.592226028442383	-19.574153900146484
-2.4333741664886475	-4.6441240310668945
-13.3299560546875	-15.939146041870117
-10.40218734741211	-12.648387908935547
-8.662577629089355	-10.762287139892578
-3.469581365585327	-5.695642471313477
-16.288358688354492	-19.197309494018555
-2.1384072303771973	-4.438998222351074
-15.797329902648926	-18.701955795288086
-12.41299819946289	-14.744138717651367
-7.7675676345825195	-9.432483673095703
-12.751358032226562	-15.024773597717285
-7.340026378631592	-8.963006019592285
-7.296263694763184	-9.21879768371582
-7.941281318664551	-9.866083145141602
-7.023796081542969	-8.89114761352539
-14.963088035583496	-17.63898468017578
-12.271041870117188	-14.493545532226562
-13.83477783203125	-16.460710525512695
-4.822321891784668	-6.714162826538086
-11.61459732055664	-13.808293342590332
-6.80763053894043	-8.685003280639648
-12.521671295166016	-14.838340759277344
-13.022958755493164	-15.521768569946289
-7.055881500244141	-8.840446472167969
-7.987979412078857	-10.030381202697754
-2.788217306137085	-5.008159637451172
-11.027078628540039	-13.37275505065918
-17.026159286499023	-20.083593368530273
-11.249983787536621	-13.328893661499023
-5.2519049644470215	-7.134746074676514
-3.643221139907837	-5.63801383972168
-4.640670299530029	-6.622348785400391
-4.476557731628418	-6.197895050048828
-2.289607048034668	-4.544863224029541
-17.786643981933594	-20.999238967895508
-16.854398727416992	-19.891252517700195
-9.778151512145996	-11.965436935424805
-12.682483673095703	-15.11411190032959
-3.2513158321380615	-5.283688545227051
-5.6623454093933105	-7.580207824707031
-2.7046892642974854	-4.972158432006836
-9.714552879333496	-11.849506378173828
-2.965552806854248	-5.057419776916504
-7.449190139770508	-9.507707595825195
-13.430885314941406	-16.0302677154541
-5.366177558898926	-7.15584659576416
-11.606095314025879	-14.030326843261719
-16.337060928344727	-19.268251419067383
-3.7008070945739746	-5.707118988037109
-2.8227789402008057	-4.914669990539551
-10.530248641967773	-12.689836502075195
-9.255269050598145	-11.332418441772461
-3.073298692703247	-5.3178324699401855
-10.287240982055664	-12.42024040222168
-3.52384614944458	-5.605646133422852
-9.011592864990234	-10.898226737976074
-2.922621011734009	-5.154052734375
-16.67432975769043	-19.664182662963867
-4.051630973815918	-6.108646392822266
-3.9309051036834717	-6.101911544799805
-5.00809383392334	-7.021412372589111
-15.415529251098633	-18.303281784057617
-1.7908987998962402	-4.074103832244873
-16.19205665588379	-19.17230796813965
-5.767368316650391	-7.8148369789123535
-12.262116432189941	-14.646757125854492
-5.842599868774414	-7.5944952964782715
-9.752840042114258	-11.908462524414062
-11.688828468322754	-14.012454986572266
-14.417455673217773	-17.049312591552734
-6.659140586853027	-8.385296821594238
-10.67662525177002	-12.84189224243164
-10.264521598815918	-12.266573905944824
-7.437694072723389	-9.246726989746094
-11.41340446472168	-13.761438369750977
-7.585195541381836	-9.0941743850708
-5.811993598937988	-7.680049896240234
-16.757184982299805	-19.75473976135254
-11.823273658752441	-14.065831184387207
-16.819684982299805	-19.839258193969727
-15.960044860839844	-18.887601852416992
-5.67389440536499	-7.363424777984619
-3.9053919315338135	-5.942909240722656
-2.262800455093384	-4.518520355224609
-12.335561752319336	-14.789983749389648
-8.234720230102539	-10.110166549682617
-15.624066352844238	-18.505220413208008
-8.753544807434082	-10.54617691040039
-14.730565071105957	-17.432825088500977
-7.845725059509277	-9.766096115112305
-2.1955924034118652	-4.451572418212891
-6.992105960845947	-9.057388305664062
-8.006526947021484	-9.95390510559082
-8.240787506103516	-10.317424774169922
-2.3009557723999023	-4.604795455932617
-10.623456954956055	-12.933576583862305
-12.320354461669922	-14.841928482055664
-2.80998158454895	-5.075778484344482
-6.578825950622559	-8.658842086791992
-12.036808967590332	-14.384542465209961
-16.978166580200195	-20.03091049194336
-11.284326553344727	-13.6609468460083
-6.744996547698975	-8.480265617370605
-14.98657512664795	-17.7390079498291
-16.117952346801758	-19.137056350708008
-8.573484420776367	-10.321784019470215
-15.52353286743164	-18.357810974121094
-4.93892765045166	-7.031350135803223
-16.50156021118164	-19.521291732788086
-16.3490047454834	-19.309457778930664
-6.413734436035156	-8.136346817016602
-7.999238014221191	-9.830620765686035
-13.456798553466797	-15.929109573364258
-13.794384002685547	-16.477252960205078
-11.400009155273438	-13.786044120788574
-5.857119560241699	-7.650139808654785
-11.943571090698242	-14.407278060913086
-12.853140830993652	-15.428617477416992
-9.300761222839355	-11.263009071350098
-5.625406265258789	-7.602428436279297
-16.212034225463867	-19.15123176574707
-13.916253089904785	-16.351116180419922
-3.754154920578003	-5.885355472564697
-10.096370697021484	-12.117864608764648
-7.912700653076172	-9.657661437988281
-5.407409191131592	-7.304170608520508
-14.975689888000488	-17.789987564086914
-6.912953853607178	-8.986515998840332
-12.248727798461914	-14.770750999450684
-4.327258110046387	-6.3252949714660645
-15.713311195373535	-18.64008903503418
-9.024781227111816	-10.871334075927734
-12.129955291748047	-14.364826202392578
-11.209288597106934	-13.530438423156738
-3.6999897956848145	-5.89332389831543
-9.472725868225098	-11.50314998626709
-3.0829474925994873	-5.331603527069092
-4.534397125244141	-6.6830244064331055
-5.121326446533203	-7.0535993576049805
-3.466313123703003	-5.616180419921875
-1.7179715633392334	-4.030004501342773
-3.524451971054077	-5.741550445556641
-15.222917556762695	-18.059223175048828
-15.210611343383789	-18.02558135986328
-3.8865277767181396	-5.952965259552002
-13.353921890258789	-15.989587783813477
-6.224123477935791	-8.321474075317383
-5.407680988311768	-7.350013256072998
-11.10065746307373	-13.089597702026367
-10.256879806518555	-12.454453468322754
-4.876673221588135	-6.9827680587768555
-16.036008834838867	-18.970491409301758
-5.670196533203125	-7.761415004730225
-12.672491073608398	-14.97532844543457
-6.495391368865967	-8.382905006408691
-14.632862091064453	-17.29619789123535
-16.75082778930664	-19.76178550720215
-3.700728178024292	-5.850138187408447
-7.537168502807617	-9.411661148071289
-4.247837543487549	-6.240081787109375
-10.860116958618164	-12.945649147033691
-16.223045349121094	-19.194765090942383
-1.7953414916992188	-4.064864635467529
-11.181970596313477	-13.546640396118164
-11.198802947998047	-13.588178634643555
-3.4473917484283447	-5.619498252868652
-16.602312088012695	-19.56914710998535
-15.134770393371582	-17.963815689086914
-6.492071151733398	-8.595529556274414
-17.139562606811523	-20.214385986328125
-6.705223083496094	-8.399757385253906
-2.951430559158325	-5.1622209548950195
-7.154829025268555	-8.789188385009766
-14.074688911437988	-16.613309860229492
-6.205921173095703	-8.058858871459961
-6.113062858581543	-7.754253387451172
-11.878374099731445	-14.018421173095703
-16.813718795776367	-19.834609985351562
-13.966854095458984	-16.65643882751465
-3.4453752040863037	-5.649816036224365
-17.434967041015625	-20.59693717956543
-13.906633377075195	-16.45183753967285
-11.020200729370117	-13.358480453491211
-8.24478530883789	-10.254923820495605
-15.332794189453125	-18.05877685546875
-16.33979606628418	-19.262903213500977
-15.593427658081055	-18.409847259521484
-4.339601993560791	-6.2552971839904785
-12.113821029663086	-14.504735946655273
-9.10042953491211	-10.91978645324707
-17.001924514770508	-20.045175552368164
-15.427970886230469	-18.240896224975586
-15.984044075012207	-18.951921463012695
-6.832143783569336	-8.864558219909668
-10.79279899597168	-13.018665313720703
-2.1385021209716797	-4.435563564300537
-13.836483001708984	-16.36402702331543
-4.241204261779785	-6.296004295349121
-3.0096657276153564	-5.3038129806518555
-9.95899772644043	-12.117790222167969
-6.662403106689453	-8.32080078125
-7.735536575317383	-9.646333694458008
-16.628582000732422	-19.635831832885742
-14.117780685424805	-16.690275192260742
-6.751874923706055	-8.550539016723633
-7.606085777282715	-9.534676551818848
-4.739471435546875	-6.69312858581543
-2.3333992958068848	-4.563791751861572
-16.308441162109375	-19.275724411010742
-17.27489471435547	-20.377017974853516
-6.15879487991333	-8.008867263793945
-15.62790298461914	-18.478334426879883
-11.63817024230957	-14.014144897460938
-6.667559623718262	-8.412811279296875
-14.110431671142578	-16.71341896057129
-14.24699592590332	-16.958030700683594
-7.200331687927246	-8.920581817626953
-2.7549238204956055	-5.023332595825195
-14.68480396270752	-17.368680953979492
-4.40963888168335	-6.502842903137207
-17.12239646911621	-20.207374572753906
-15.037172317504883	-17.7827205657959
-6.760437488555908	-8.647241592407227
-3.579308271408081	-5.556473731994629
-7.217493057250977	-9.213397979736328
-4.1639580726623535	-6.005041122436523
-2.1443090438842773	-4.390798568725586
-8.863759994506836	-10.769021987915039
-9.83071517944336	-11.91292953491211
-13.39792537689209	-15.922073364257812
-6.248263835906982	-7.985729217529297
-14.689021110534668	-17.377824783325195
-3.8569295406341553	-5.900691032409668
-8.015392303466797	-9.741889953613281
-13.95030403137207	-16.5441837310791
-4.6673502922058105	-6.827023506164551
-2.5197060108184814	-4.783834457397461
-4.08817195892334	-6.222039699554443
-6.877170085906982	-8.685930252075195
-10.2359619140625	-12.25189208984375
-12.319940567016602	-14.661620140075684
-15.278581619262695	-18.029756546020508
-11.197526931762695	-13.438943862915039
-3.2732279300689697	-5.464931488037109
-11.249996185302734	-13.617793083190918
-6.629441261291504	-8.3103609085083
-15.708958625793457	-18.56053352355957
-13.565075874328613	-16.207551956176758
-13.219886779785156	-15.580402374267578
-7.440454483032227	-9.317095756530762
-11.537666320800781	-13.837946891784668
-5.333983421325684	-7.405734062194824
-4.106586456298828	-6.318164348602295
-8.387970924377441	-10.346871376037598
-16.374679565429688	-19.373815536499023
-10.805723190307617	-13.041104316711426
-15.858274459838867	-18.751039505004883
-4.305419921875	-6.343186855316162
-4.804011821746826	-6.7081451416015625
-13.964932441711426	-16.561418533325195
-13.252525329589844	-15.718091011047363
-8.142977714538574	-9.863031387329102
-11.859635353088379	-14.020628929138184
-17.00868797302246	-20.048437118530273
-6.038416385650635	-7.744280815124512
-3.6434261798858643	-5.716143608093262
-11.854106903076172	-14.035974502563477
-9.069193840026855	-10.952512741088867
-4.29042387008667	-6.267537593841553
-14.57226848602295	-17.332012176513672
-10.454652786254883	-12.515626907348633
-15.780834197998047	-18.60603904724121
-9.309264183044434	-11.193706512451172
-11.424254417419434	-13.832326889038086
-9.355795860290527	-11.391901016235352
-2.393346071243286	-4.6613359451293945
-16.102746963500977	-18.96860122680664
-15.564652442932129	-18.37965965270996
-15.187284469604492	-17.91819953918457
-12.271615982055664	-14.738870620727539
-6.612188339233398	-8.430503845214844
-7.073704242706299	-9.018599510192871
-3.7422749996185303	-5.812429904937744
-4.086334228515625	-6.128101825714111
-15.048449516296387	-17.882936477661133
-3.547313928604126	-5.624981880187988
-11.571423530578613	-13.779403686523438
-10.857054710388184	-12.901355743408203
-3.9441235065460205	-6.097001075744629
-7.576014041900635	-9.51785659790039
-2.2144429683685303	-4.562037467956543
-8.798582077026367	-10.544153213500977
-8.704094886779785	-10.591172218322754
-5.2017717361450195	-6.977560997009277
-7.771320819854736	-9.70273208618164
-15.518452644348145	-18.440135955810547
-6.7968268394470215	-8.792125701904297
-16.826448440551758	-19.83833885192871
-16.456308364868164	-19.439252853393555
-3.3269217014312744	-5.471739292144775
-2.0641582012176514	-4.3008222579956055
-4.218608856201172	-6.329943656921387
-7.306089878082275	-9.312535285949707
-11.537028312683105	-13.794843673706055
-9.454906463623047	-11.302580833435059
-16.380029678344727	-19.324310302734375
-16.284547805786133	-19.199567794799805
-2.9365427494049072	-5.0178937911987305
-7.787213325500488	-9.789496421813965
-10.417848587036133	-12.673101425170898
-14.787839889526367	-17.541662216186523
-6.990933418273926	-8.739930152893066
-8.409448623657227	-10.341170310974121
-2.7583935260772705	-4.894836902618408
-11.019134521484375	-13.15554428100586
-5.415095329284668	-7.20761775970459
-14.436043739318848	-17.139678955078125
-8.789674758911133	-10.845926284790039
-2.235018014907837	-4.490748405456543
-14.240323066711426	-16.929088592529297
-10.154939651489258	-12.273537635803223
-9.422945022583008	-11.524276733398438
-4.468963623046875	-6.616388320922852
-3.118434190750122	-5.350529670715332
-8.819147109985352	-10.748703002929688
-11.172059059143066	-13.450263977050781
-12.912909507751465	-15.413947105407715
-15.65223217010498	-18.542556762695312
-5.657074451446533	-7.835063934326172
-7.92879581451416	-9.82470417022705
-7.075058937072754	-9.08327865600586
-10.871683120727539	-13.144216537475586
-1.7005345821380615	-4.057467460632324
-11.718103408813477	-14.10300064086914
-16.244020462036133	-19.235191345214844
-8.915074348449707	-11.009407043457031
-2.558596611022949	-4.83109188079834
-16.10905647277832	-18.982839584350586
-6.699472904205322	-8.468154907226562
-7.740078926086426	-9.434395790100098
-17.0671329498291	-20.16042137145996
-12.393354415893555	-14.86746597290039
-16.699535369873047	-19.726991653442383
-11.393082618713379	-13.660043716430664
-5.337845802307129	-7.475452423095703
-15.643749237060547	-18.46908187866211
-7.272407531738281	-8.892780303955078
-17.223464965820312	-20.309003829956055
-12.593889236450195	-15.163366317749023
-2.1604042053222656	-4.340044021606445
-2.8240301609039307	-4.974236011505127
-10.267123222351074	-12.514959335327148
-15.794312477111816	-18.744295120239258
-10.105857849121094	-12.109858512878418
-5.588993072509766	-7.358668804168701
-4.851932525634766	-6.948051452636719
-16.500864028930664	-19.47414207458496
-9.981884002685547	-11.896001815795898
-14.238268852233887	-16.729999542236328
-9.441682815551758	-11.445121765136719
-8.733296394348145	-10.621841430664062
-4.0237860679626465	-5.989188194274902
-14.823789596557617	-17.530378341674805
-1.7630469799041748	-4.054975509643555
-12.098249435424805	-14.422170639038086
-13.06319522857666	-15.681119918823242
-6.030959129333496	-7.699965953826904
-2.570913553237915	-4.776020050048828
-7.977629661560059	-10.08548355102539
-16.959131240844727	-20.006628036499023
-6.7399001121521	-8.377975463867188
-7.585137367248535	-9.424076080322266
-8.568349838256836	-10.43705940246582
-17.0819034576416	-20.154582977294922
-6.450922012329102	-8.498529434204102
-5.566666603088379	-7.618951797485352
-6.268668174743652	-8.01002025604248
-4.906713008880615	-6.798700332641602
-5.619312286376953	-7.475747108459473
-2.4376630783081055	-4.703475475311279
-3.08317494392395	-5.3448486328125
-1.7125722169876099	-4.025369644165039
-13.316750526428223	-15.661582946777344
-15.054393768310547	-17.813154220581055
-9.811935424804688	-11.790313720703125
-7.327787399291992	-9.121983528137207
-15.514833450317383	-18.38150978088379
-12.348061561584473	-14.717745780944824
-14.615362167358398	-17.315881729125977
-12.205299377441406	-14.687423706054688
-17.039287567138672	-20.101587295532227
-10.620304107666016	-12.595097541809082
-2.4318299293518066	-4.700016021728516
-4.593756675720215	-6.545862197875977
-9.195423126220703	-11.286064147949219
-15.929384231567383	-18.849403381347656
-6.1548171043396	-7.742743015289307
-14.42216968536377	-17.17169952392578
-9.947681427001953	-12.105904579162598
-9.9738187789917	-12.017334938049316
-15.13839340209961	-17.927356719970703
-12.378533363342285	-14.588451385498047
-7.139614105224609	-8.705217361450195
-14.634745597839355	-17.3409481048584
-14.261190414428711	-17.013978958129883
-1.8377673625946045	-4.06088924407959
-10.665667533874512	-12.951528549194336
-9.216238021850586	-11.05184555053711
-4.667702674865723	-6.574102401733398
-8.370868682861328	-10.054408073425293
-2.453129768371582	-4.77154016494751
-5.068336009979248	-7.031308174133301
-14.755444526672363	-17.462373733520508
-4.271693706512451	-6.183511257171631
-3.644024610519409	-5.803621768951416
-12.727554321289062	-15.291703224182129
-11.242528915405273	-13.445948600769043
-5.9975690841674805	-8.119773864746094
-2.577427864074707	-4.838869094848633
-11.735538482666016	-14.118631362915039
-16.370790481567383	-19.30010414123535
-10.869281768798828	-13.177297592163086
-5.909451484680176	-8.033223152160645
-14.284040451049805	-16.98760414123535
-8.741636276245117	-10.741689682006836
-8.30935001373291	-10.154117584228516
-10.133185386657715	-12.03196907043457
-13.448684692382812	-15.959352493286133
-11.531015396118164	-13.968603134155273
-4.2415361404418945	-6.281266212463379
-2.1193435192108154	-4.38614559173584
-4.813178062438965	-6.950557708740234
-8.674363136291504	-10.499736785888672
-6.653059005737305	-8.572635650634766
-10.8466796875	-13.004382133483887
-17.078142166137695	-20.146921157836914
-14.108016014099121	-16.69046401977539
-9.375323295593262	-11.488537788391113
-14.759820938110352	-17.56639289855957
-6.84303092956543	-8.675460815429688
-3.6755082607269287	-5.688240051269531
-3.312635660171509	-5.494467735290527
-17.287212371826172	-20.39794921875
-7.091090202331543	-8.982925415039062
-16.11788558959961	-19.037986755371094
-7.386505126953125	-9.187318801879883
-11.866412162780762	-14.173632621765137
-11.31668472290039	-13.711080551147461
-9.103094100952148	-11.138965606689453
-8.983650207519531	-10.96062183380127
-9.14681625366211	-11.250995635986328
-7.830238342285156	-9.678869247436523
-2.4724619388580322	-4.65809440612793
-2.5941050052642822	-4.702571868896484
-10.22425651550293	-12.272849082946777
-7.883486270904541	-9.789764404296875
-3.740307331085205	-5.979867935180664
-2.8900487422943115	-5.101107597351074
-7.133781909942627	-9.213532447814941
-13.113969802856445	-15.690481185913086
-6.169956207275391	-8.200899124145508
-8.610491752624512	-10.69198989868164
-6.214576244354248	-8.275870323181152
-13.860610961914062	-16.397830963134766
-5.830545902252197	-7.658231735229492
-9.02299690246582	-10.824317932128906
-2.29130482673645	-4.575198650360107
-6.549135684967041	-8.403270721435547
-8.88025188446045	-10.78036880493164
-5.617146015167236	-7.3089752197265625
-8.081188201904297	-10.155070304870605
-5.2191033363342285	-7.092252731323242
-1.9833886623382568	-4.240577220916748
-13.884087562561035	-16.56809425354004
-11.735020637512207	-14.15604305267334
-4.343812942504883	-6.275757789611816
-14.718757629394531	-17.414033889770508
-11.948478698730469	-14.283567428588867
-14.753739356994629	-17.381486892700195
-11.631698608398438	-13.888985633850098
-7.346863746643066	-9.322277069091797
-7.717860221862793	-9.672052383422852
-4.796343803405762	-6.966867923736572
-16.66823387145996	-19.659147262573242
-12.454145431518555	-14.633430480957031
-9.971841812133789	-12.181148529052734
-12.570236206054688	-15.042369842529297
-13.974979400634766	-16.60847282409668
-9.682512283325195	-11.593833923339844
-15.358970642089844	-18.27224349975586
-15.068832397460938	-17.830184936523438
-16.62357521057129	-19.665616989135742
-8.456640243530273	-10.472962379455566
-3.9156439304351807	-5.877745628356934
-16.51780891418457	-19.484413146972656
-15.504883766174316	-18.372400283813477
-9.523111343383789	-11.546659469604492
-2.4554359912872314	-4.743553161621094
-5.701854228973389	-7.836648941040039
-5.775008201599121	-7.67448616027832
-3.892899751663208	-6.042597770690918
-3.8682074546813965	-6.011523246765137
-16.17454719543457	-19.12761878967285
-14.692218780517578	-17.448671340942383
-15.548319816589355	-18.30136489868164
-9.36208724975586	-11.480344772338867
-12.237455368041992	-14.679040908813477
-4.081398010253906	-6.1520538330078125
-9.070066452026367	-10.980669021606445
-6.029995918273926	-7.849095344543457
-4.095698356628418	-6.2950286865234375
-2.8690693378448486	-4.889917373657227
-14.956162452697754	-17.618865966796875
-7.64560079574585	-9.72581672668457
-5.561617851257324	-7.426080703735352
-8.109278678894043	-10.163749694824219
-5.4857683181762695	-7.323579788208008
-5.34786319732666	-7.457452774047852
-10.887486457824707	-12.978861808776855
-3.957188844680786	-6.182725429534912
-2.9042961597442627	-5.123424530029297
-9.563794136047363	-11.526384353637695
-15.874454498291016	-18.821632385253906
-4.6080121994018555	-6.78926944732666
-8.945953369140625	-11.021961212158203
-15.80662727355957	-18.70071029663086
-5.220648765563965	-7.2562384605407715
-7.506232261657715	-9.192961692810059
-8.403582572937012	-10.320066452026367
-8.90022087097168	-10.82282829284668
-9.19018268585205	-11.250190734863281
-11.275912284851074	-13.598552703857422
-3.709559202194214	-5.926029205322266
-16.0825252532959	-19.05019187927246
-11.967531204223633	-14.431734085083008
-3.8703482151031494	-5.85139799118042
-13.027624130249023	-15.517110824584961
-9.680229187011719	-11.76664924621582
-9.200721740722656	-11.288290023803711
-12.166455268859863	-14.468155860900879
-7.187684535980225	-9.209528923034668
-16.529142379760742	-19.567834854125977
-11.56634521484375	-13.994791984558105
-11.764026641845703	-14.206663131713867
-15.983039855957031	-18.93503761291504
-15.665480613708496	-18.576047897338867
-5.720549583435059	-7.774723529815674
-12.703335762023926	-15.08302116394043
-1.9448847770690918	-4.183548927307129
-9.270574569702148	-11.107680320739746
-2.7976601123809814	-5.052193641662598
-12.921340942382812	-15.50306224822998
-14.672561645507812	-17.496973037719727
-5.020891189575195	-7.085294723510742
-2.656913995742798	-4.89024019241333
-4.490866184234619	-6.46322774887085
-4.871457099914551	-6.872958183288574
-17.039466857910156	-20.11654281616211
-6.468799591064453	-8.107789039611816
-5.677209854125977	-7.723013401031494
-2.864366292953491	-5.129505634307861
-11.435514450073242	-13.511175155639648
-2.155897855758667	-4.4550957679748535
-9.350118637084961	-11.195022583007812
-4.931658744812012	-7.096987724304199
-10.298429489135742	-12.30901050567627
-16.997543334960938	-20.042245864868164
-12.514116287231445	-14.828483581542969
-8.382356643676758	-10.258578300476074
-13.651040077209473	-16.25229263305664
-3.9705755710601807	-5.9668426513671875
-7.573480606079102	-9.259407997131348
-11.286166191101074	-13.434511184692383
-12.880610466003418	-15.429845809936523
-13.850674629211426	-16.539793014526367
-11.504173278808594	-13.91579818725586
-2.7062199115753174	-4.728582859039307
-1.9022475481033325	-4.190071105957031
-8.427574157714844	-10.240569114685059
-11.068582534790039	-13.308128356933594
-4.7895121574401855	-6.944748878479004
-3.607347249984741	-5.702275276184082
-4.99978494644165	-6.90235710144043
-12.142508506774902	-14.644449234008789
-1.8458186388015747	-4.031003952026367
-15.74284553527832	-18.65850257873535
-5.17039680480957	-7.104043006896973
-6.633538246154785	-8.683692932128906
-2.3804099559783936	-4.652833938598633
-15.81080436706543	-18.652786254882812
-12.46055793762207	-14.738903045654297
-13.40623664855957	-16.036792755126953
-2.402787923812866	-4.6863555908203125
-14.834590911865234	-17.59446144104004
-4.263603210449219	-6.339657306671143
-6.018073558807373	-8.055679321289062
-3.0532548427581787	-5.264896392822266
-7.2574143409729	-8.97873306274414
-9.567816734313965	-11.481315612792969
-5.344456195831299	-7.492184638977051
-9.956581115722656	-11.928876876831055
-3.8118419647216797	-6.043635845184326
-8.055421829223633	-10.090163230895996
-7.723587989807129	-9.295722007751465
-17.260189056396484	-20.36985969543457
-5.710728645324707	-7.551759243011475
-2.1685473918914795	-4.46435546875
-10.41035270690918	-12.64134407043457
-13.279866218566895	-15.642298698425293
-2.6472363471984863	-4.893720626831055
-15.13966178894043	-17.942609786987305
-3.6950464248657227	-5.843501091003418
-5.331515789031982	-7.430306911468506
-14.884819984436035	-17.71558380126953
-9.296590805053711	-11.143266677856445
-13.449638366699219	-15.908790588378906
-5.973441123962402	-7.728599548339844
-16.94819450378418	-19.999731063842773
-15.235075950622559	-18.011756896972656
-8.099201202392578	-9.799041748046875
-6.692875862121582	-8.531112670898438
-5.876378536224365	-7.5974602699279785
-8.756174087524414	-10.5314302444458
-8.500957489013672	-10.518487930297852
-6.962065696716309	-9.023406982421875
-3.5486481189727783	-5.7664899826049805
-3.3805041313171387	-5.572129249572754
-12.065034866333008	-14.401580810546875
-5.077040672302246	-6.992120265960693
-10.870124816894531	-13.074596405029297
-3.5313611030578613	-5.735828876495361
-5.105992794036865	-7.280020236968994
-6.524057388305664	-8.497495651245117
-3.948345899581909	-5.951322555541992
-7.212231159210205	-8.968025207519531
-14.945050239562988	-17.655427932739258
-12.16952896118164	-14.450360298156738
-6.039451599121094	-7.852065086364746
-11.579078674316406	-13.907245635986328
-14.088811874389648	-16.80010414123535
-14.028526306152344	-16.71974754333496
-12.056594848632812	-14.55449104309082
-3.6661360263824463	-5.856178283691406
-4.361930847167969	-6.396121025085449
-7.979240894317627	-9.970529556274414
-8.099222183227539	-10.15103530883789
-7.381443977355957	-9.273056030273438
-4.486114025115967	-6.475130081176758
-6.476322174072266	-8.116327285766602
-16.22981071472168	-19.20490264892578
-16.902475357055664	-19.947362899780273
-5.050515651702881	-6.849963665008545
-5.26718807220459	-7.263254642486572
-17.16270637512207	-20.251272201538086
-11.318008422851562	-13.517549514770508
-16.74439239501953	-19.760095596313477
-5.889293670654297	-7.6734490394592285
-5.985318183898926	-7.6777663230896
-9.746109008789062	-11.682473182678223
-14.044198036193848	-16.804609298706055
-3.9229400157928467	-5.940131664276123
-3.6180505752563477	-5.748594284057617
-11.691546440124512	-14.135452270507812
-12.073469161987305	-14.300159454345703
-5.382905960083008	-7.495654106140137
-13.890586853027344	-16.415075302124023
-7.255853652954102	-9.119609832763672
-3.7564384937286377	-5.792380332946777
-14.133771896362305	-16.797138214111328
-9.969646453857422	-11.830941200256348
-13.65519905090332	-16.058618545532227
-12.36083698272705	-14.806978225708008
-4.303793430328369	-6.369004249572754
-15.911510467529297	-18.811960220336914
-14.006607055664062	-16.65033531188965
-4.155009746551514	-6.224692344665527
-15.445252418518066	-18.293237686157227
-11.986001968383789	-14.343448638916016
-9.349076271057129	-11.464456558227539
-4.894085884094238	-6.818403244018555
-10.488661766052246	-12.759847640991211
-7.946860313415527	-9.873183250427246
-5.464170455932617	-7.3585028648376465
-14.922292709350586	-17.64083480834961
-7.321347713470459	-8.974281311035156
-1.920188307762146	-4.1748552322387695
-2.0181424617767334	-4.315710067749023
-13.778961181640625	-16.233755111694336
-8.974777221679688	-10.949699401855469
-6.381023406982422	-8.052444458007812
-4.077949523925781	-6.335925102233887
-2.1093170642852783	-4.39455509185791
-12.9545259475708	-15.374266624450684
-6.741955757141113	-8.407959938049316
-3.2788403034210205	-5.533606052398682
-17.13790512084961	-20.25078773498535
-13.548446655273438	-16.06205177307129
-7.223543643951416	-9.26937484741211
-15.145342826843262	-17.798643112182617
-15.354129791259766	-18.165761947631836
-13.396320343017578	-15.881721496582031
-7.393428325653076	-9.398855209350586
-3.620879888534546	-5.709269046783447
-13.599387168884277	-16.316726684570312
-8.667476654052734	-10.598420143127441
-9.686594009399414	-11.840280532836914
-5.857135772705078	-7.658298015594482
-15.331878662109375	-18.158979415893555
-16.492490768432617	-19.48827362060547
-2.625657081604004	-4.816575050354004
-9.366486549377441	-11.336795806884766
-10.32914924621582	-12.478399276733398
-7.105466842651367	-9.082672119140625
-10.584418296813965	-12.713096618652344
-10.043909072875977	-12.274068832397461
-16.547269821166992	-19.55083465576172
-7.7165398597717285	-9.49836540222168
-2.5422303676605225	-4.686796188354492
-5.993137836456299	-7.723503112792969
-5.799286842346191	-7.966928482055664
-7.846786022186279	-9.727042198181152
-15.414200782775879	-18.1682071685791
-4.536966800689697	-6.654146194458008
-4.5788798332214355	-6.718945503234863
-16.663366317749023	-19.679296493530273
-4.148709774017334	-6.306539058685303
-2.2358813285827637	-4.535345077514648
-1.7693061828613281	-4.081367492675781
-4.402886390686035	-6.351940155029297
-17.126556396484375	-20.224355697631836
-5.4594035148620605	-7.18858003616333
-9.060354232788086	-11.155902862548828
-16.771709442138672	-19.779781341552734
-10.62240219116211	-12.751326560974121
-16.845054626464844	-19.855497360229492
-11.970043182373047	-14.31795883178711
-16.96796989440918	-20.007471084594727
-3.0769989490509033	-5.192717552185059
-14.096895217895508	-16.736066818237305
-3.5959694385528564	-5.803932189941406
-2.7887580394744873	-4.888517379760742
-13.024613380432129	-15.524579048156738
-6.161309719085693	-7.877654075622559
-3.221649646759033	-5.491611957550049
-5.044914722442627	-7.003181457519531
-10.362335205078125	-12.344117164611816
-4.026795387268066	-6.293239116668701
-16.677324295043945	-19.705211639404297
-14.071091651916504	-16.78177261352539
-2.4103493690490723	-4.663571834564209
-6.480562686920166	-8.467779159545898
-6.603472709655762	-8.729161262512207
-11.394388198852539	-13.529733657836914
-14.662291526794434	-17.268381118774414
-5.906708717346191	-7.94715690612793
-4.000744342803955	-6.041225910186768
-14.152828216552734	-16.863059997558594
-3.7701950073242188	-5.756609916687012
-5.788602828979492	-7.471708297729492
-13.040735244750977	-15.383012771606445
-13.088537216186523	-15.624085426330566
-9.531132698059082	-11.600704193115234
-15.246366500854492	-18.020544052124023
-12.817319869995117	-15.370296478271484
-12.333287239074707	-14.83010482788086
-9.120975494384766	-11.192863464355469
-11.415373802185059	-13.612496376037598
-6.693299770355225	-8.649216651916504
-13.757341384887695	-16.284290313720703
-3.508164167404175	-5.718308925628662
-11.719403266906738	-14.147260665893555
-3.700387716293335	-5.68264627456665
-3.149921178817749	-5.2930474281311035
-16.886320114135742	-19.979124069213867
-9.940559387207031	-12.081305503845215
-6.155391693115234	-7.885658264160156
-14.85515308380127	-17.58120346069336
-11.450712203979492	-13.556492805480957
-12.20140552520752	-14.503742218017578
-5.951599597930908	-7.997307777404785
-7.069180488586426	-8.87112808227539
-14.141971588134766	-16.852161407470703
-6.376148223876953	-8.483359336853027
-2.2062621116638184	-4.487252235412598
-7.076956272125244	-8.860366821289062
-12.468151092529297	-14.898944854736328
-7.061581134796143	-8.65089225769043
-15.625343322753906	-18.49976921081543
-5.597903251647949	-7.338859558105469
-9.905153274536133	-12.078570365905762
-11.025198936462402	-13.395683288574219
-2.186567544937134	-4.466748237609863
-4.637410640716553	-6.531481742858887
-9.826812744140625	-11.765148162841797
-13.720544815063477	-16.2303466796875
-10.438063621520996	-12.641581535339355
-4.152224540710449	-6.115920543670654
-14.109617233276367	-16.657167434692383
-14.665404319763184	-17.292734146118164
-15.087166786193848	-17.889604568481445
-9.669873237609863	-11.74364185333252
-3.5794734954833984	-5.771937370300293
-4.9824957847595215	-7.117246627807617
-14.583951950073242	-17.355215072631836
-12.387534141540527	-14.721731185913086
-13.7081937789917	-16.379297256469727
-5.000917434692383	-6.832985877990723
-16.942821502685547	-20.02467155456543
-3.5000288486480713	-5.727721691131592
-9.278244972229004	-11.339622497558594
-15.066190719604492	-17.83193588256836
-14.13002872467041	-16.774221420288086
-9.32901382446289	-11.336181640625
-9.231215476989746	-11.069196701049805
-5.09821891784668	-7.050599575042725
-15.447685241699219	-18.342546463012695
-4.318284034729004	-6.338113784790039
-13.771668434143066	-16.39232063293457
-13.190144538879395	-15.726434707641602
-3.2490198612213135	-5.392047882080078
-3.6577188968658447	-5.794044017791748
-12.193281173706055	-14.413169860839844
-2.7414329051971436	-5.041912078857422
-9.997958183288574	-12.128700256347656
-15.062060356140137	-17.827795028686523
-2.1347439289093018	-4.38934326171875
-3.9045116901397705	-5.944652557373047
-10.61971664428711	-12.907468795776367
-16.734346389770508	-19.754976272583008
-9.497897148132324	-11.543643951416016
-3.645881175994873	-5.848603248596191
-9.997185707092285	-12.186258316040039
-16.301462173461914	-19.236848831176758
-8.96700668334961	-10.964030265808105
-8.122905731201172	-10.07027530670166
-16.69331932067871	-19.706132888793945
-10.747152328491211	-13.034454345703125
-12.596033096313477	-14.841403007507324
-7.270014762878418	-9.093214988708496
-7.052000045776367	-8.851035118103027
-1.9753155708312988	-4.276122093200684
-6.434959411621094	-8.526863098144531
-3.182253837585449	-5.378772735595703
-7.540622711181641	-9.39970588684082
-2.567274808883667	-4.634765148162842
-6.588458061218262	-8.374306678771973
-3.0362794399261475	-5.270235061645508
-2.8606412410736084	-5.1021623611450195
-3.772104024887085	-5.985167026519775
-13.323771476745605	-15.900217056274414
-2.8976962566375732	-4.950842380523682
-11.239751815795898	-13.578514099121094
-9.091300964355469	-10.929173469543457
-10.378246307373047	-12.613848686218262
-15.209526062011719	-17.963134765625
-9.80854606628418	-11.890138626098633
-8.1146879196167	-9.721710205078125
-8.474993705749512	-10.466217041015625
-10.937908172607422	-13.2665376663208
-11.150676727294922	-13.281122207641602
-3.3399693965911865	-5.555100440979004
-16.434534072875977	-19.36334800720215
-16.765527725219727	-19.76386260986328
-13.60687255859375	-16.165681838989258
-15.834968566894531	-18.783967971801758
-14.555983543395996	-17.24317741394043
-8.299022674560547	-10.101832389831543
-11.823686599731445	-14.293041229248047
-2.1559321880340576	-4.393875598907471
-14.39704418182373	-17.098114013671875
-16.723005294799805	-19.735078811645508
-6.620328903198242	-8.19542407989502
-3.4485666751861572	-5.511119842529297
-6.358035564422607	-8.162820816040039
-5.4796271324157715	-7.278804779052734
-2.563340425491333	-4.828497886657715
-2.2384064197540283	-4.495846271514893
-4.349365234375	-6.243155479431152
-8.847646713256836	-10.783339500427246
-3.1872293949127197	-5.223665714263916
-14.540509223937988	-17.276329040527344
-4.92462158203125	-6.998612403869629
-6.622648239135742	-8.459893226623535
-8.191301345825195	-9.867191314697266
-14.37588119506836	-17.10753631591797
-2.3877220153808594	-4.63114070892334
-2.169506549835205	-4.472082138061523
-3.335726499557495	-5.572147369384766
-5.507925987243652	-7.372256278991699
-10.28510570526123	-12.21855354309082
-4.824922561645508	-6.717270851135254
-3.819633722305298	-5.922124862670898
-3.830109119415283	-5.975077152252197
-3.751838445663452	-5.753223896026611
-14.039745330810547	-16.738359451293945
-9.708658218383789	-11.886847496032715
-15.637296676635742	-18.43345832824707
-3.6300952434539795	-5.811869144439697
-15.354637145996094	-18.174480438232422
-9.313840866088867	-11.244575500488281
-4.84743595123291	-7.039186000823975
-9.035085678100586	-11.023863792419434
-2.2684388160705566	-4.589537620544434
-4.567037582397461	-6.67205810546875
-16.50996208190918	-19.504880905151367
-1.9576102495193481	-4.252970218658447
-3.579739570617676	-5.797912120819092
-16.252334594726562	-19.160905838012695
-7.013183116912842	-9.112162590026855
-15.358311653137207	-18.127065658569336
-7.575347423553467	-9.559008598327637
-13.840266227722168	-16.50166893005371
-10.804931640625	-12.998870849609375
-6.214313983917236	-7.995430946350098
-13.515546798706055	-15.898214340209961
-9.260271072387695	-11.28624153137207
-5.872814655303955	-7.74023962020874
-7.064861297607422	-8.845114707946777
-2.3352465629577637	-4.605626106262207
-8.515850067138672	-10.545320510864258
-2.118058443069458	-4.427941799163818
-3.039271354675293	-5.262522220611572
-5.895176887512207	-7.89750862121582
-15.897001266479492	-18.80771827697754
-11.285737991333008	-13.540852546691895
-16.816450119018555	-19.826990127563477
-12.778070449829102	-15.296063423156738
-5.575222969055176	-7.411185264587402
-10.43177604675293	-12.545233726501465
-3.249851703643799	-5.495325088500977
-11.296632766723633	-13.636557579040527
-11.397130966186523	-13.635069847106934
-3.046861171722412	-5.237573623657227
-13.62246322631836	-16.28449249267578
-9.057513236999512	-10.922333717346191
-14.339975357055664	-17.005563735961914
-2.368201732635498	-4.564929962158203
-4.180543899536133	-6.196674346923828
-9.23105239868164	-11.332186698913574
-7.51030158996582	-9.200613975524902
-8.91331672668457	-10.960247039794922
-8.999200820922852	-10.99956226348877
-8.729938507080078	-10.801548957824707
-5.880891799926758	-7.625059127807617
-5.856986045837402	-7.614333152770996
-10.154390335083008	-12.339590072631836
-12.851262092590332	-15.26457691192627
-5.272261619567871	-7.164694786071777
-4.333225250244141	-6.197342395782471
-10.040868759155273	-12.255125045776367
-2.772981882095337	-4.92751407623291
-8.493997573852539	-10.412588119506836
-9.549427032470703	-11.701623916625977
-5.883973598480225	-7.923308372497559
-13.783258438110352	-16.220993041992188
-15.110248565673828	-17.930065155029297
-16.638010025024414	-19.632183074951172
-7.566127777099609	-9.607787132263184
-2.875814914703369	-5.078403472900391
-2.152000665664673	-4.450789928436279
-13.189330101013184	-15.817841529846191
-10.647871971130371	-12.955081939697266
-6.167516708374023	-8.253033638000488
-11.688922882080078	-14.126214981079102
-5.493764877319336	-7.416343688964844
-15.488746643066406	-18.330949783325195
-14.407675743103027	-17.06915283203125
-4.03117561340332	-6.185074329376221
-8.50792121887207	-10.551301956176758
-11.049671173095703	-13.12415599822998
-6.590540885925293	-8.334175109863281
-2.103717088699341	-4.423768043518066
-4.546022415161133	-6.606321334838867
-14.515114784240723	-17.265905380249023
-13.720556259155273	-16.17595863342285
-5.165092945098877	-7.3457746505737305
-6.7642412185668945	-8.766849517822266
-12.599405288696289	-15.15290641784668
-9.43844985961914	-11.520381927490234
-7.558836460113525	-9.612595558166504
-5.283751964569092	-7.147479057312012
-11.435792922973633	-13.686155319213867
-7.894535064697266	-9.874996185302734
-13.43433952331543	-16.01725196838379
-5.052083969116211	-6.855778694152832
-12.137445449829102	-14.399279594421387
-2.428110361099243	-4.74904203414917
-5.316625595092773	-7.104026794433594
-3.338270425796509	-5.463811874389648
-16.15781021118164	-19.09809684753418
-15.771472930908203	-18.63001251220703
-4.619455814361572	-6.5597710609436035
-4.792225360870361	-6.786539077758789
-3.113354206085205	-5.3839874267578125
-14.19955062866211	-16.86158561706543
-12.56735897064209	-15.026670455932617
-14.205423355102539	-16.84678077697754
-3.9027984142303467	-6.014659881591797
-3.0255870819091797	-5.26092529296875
-15.139274597167969	-17.994531631469727
-3.74467396736145	-5.948180675506592
-7.352506160736084	-9.169258117675781
-2.9254820346832275	-4.973406791687012
-9.737175941467285	-11.874360084533691
-5.024481773376465	-6.866259574890137
-11.84354019165039	-14.249185562133789
-3.2723464965820312	-5.489416122436523
-6.29883337020874	-8.048164367675781
-11.9808349609375	-14.211811065673828
-3.9933784008026123	-6.006389617919922
-12.107719421386719	-14.376299858093262
-14.046982765197754	-16.7277774810791
-7.19368314743042	-8.893638610839844
-15.737434387207031	-18.681716918945312
-7.147686004638672	-9.14560317993164
-3.8981564044952393	-6.002812385559082
-4.414671897888184	-6.541993618011475
-1.797240972518921	-4.068321228027344
-11.374858856201172	-13.740556716918945
-11.346182823181152	-13.394232749938965
-7.426056385040283	-9.364399909973145
-11.802290916442871	-13.878263473510742
-16.030702590942383	-18.90592384338379
-13.406584739685059	-15.90412712097168
-4.025168418884277	-6.203906059265137
-12.722091674804688	-15.299059867858887
-16.626298904418945	-19.594621658325195
-13.122284889221191	-15.747801780700684
-16.143199920654297	-19.103492736816406
-11.728168487548828	-13.969761848449707
-14.311420440673828	-17.002408981323242
-16.220172882080078	-19.168210983276367
-12.809516906738281	-15.296457290649414
-7.397971153259277	-9.193981170654297
-4.031045913696289	-6.1917009353637695
-9.177301406860352	-11.016226768493652
-16.65001678466797	-19.654617309570312
-2.7539925575256348	-4.993457794189453
-2.221191167831421	-4.456963539123535
-4.752976417541504	-6.528262138366699
-2.072284698486328	-4.3484392166137695
-3.7339603900909424	-5.941096305847168
-4.6966938972473145	-6.616213798522949
-16.687740325927734	-19.68476676940918
-3.044588088989258	-5.175315856933594
-1.7585421800613403	-4.12032413482666
-7.785128593444824	-9.575111389160156
-13.78350830078125	-16.23932647705078
-2.8785221576690674	-4.8323750495910645
-9.078354835510254	-11.056903839111328
-13.221393585205078	-15.842544555664062
-14.880178451538086	-17.71269989013672
-5.931394577026367	-7.507579803466797
-17.0742130279541	-20.14948844909668
-16.01784896850586	-18.91926383972168
-6.122459888458252	-7.706686496734619
-7.030878067016602	-8.865686416625977
-16.047840118408203	-18.953950881958008
-14.097716331481934	-16.676513671875
-7.5283284187316895	-9.633584022521973
-3.3468384742736816	-5.515857696533203
-12.935745239257812	-15.346473693847656
-15.216961860656738	-18.03701400756836
-16.96515464782715	-19.997053146362305
-7.216434001922607	-9.108575820922852
-13.442398071289062	-15.967277526855469
-2.4571785926818848	-4.69188117980957
-13.116130828857422	-15.674530029296875
-4.24467658996582	-6.208009719848633
-12.564347267150879	-14.984663963317871
-7.24829626083374	-9.162050247192383
-14.109259605407715	-16.674165725708008
-4.603492736816406	-6.800286293029785
-12.249740600585938	-14.649781227111816
-9.208311080932617	-10.993600845336914
-1.8986620903015137	-4.219439506530762
-11.181930541992188	-13.273200035095215
-6.678427696228027	-8.496114730834961
-13.386052131652832	-15.863912582397461
-12.577957153320312	-14.875462532043457
-2.1545727252960205	-4.355332851409912
-6.835396766662598	-8.914068222045898
-9.60499095916748	-11.581652641296387
-16.47478485107422	-19.429086685180664
-12.743764877319336	-15.05949592590332
-9.748779296875	-11.842500686645508
-9.760844230651855	-11.741628646850586
-2.7713513374328613	-4.958266258239746
-13.706714630126953	-16.306598663330078
-6.726648330688477	-8.534316062927246
-8.14305305480957	-10.157803535461426
-11.228635787963867	-13.491676330566406
-5.47640323638916	-7.601808547973633
-3.951634168624878	-6.122430324554443
-4.4179863929748535	-6.432160377502441
-13.898876190185547	-16.576322555541992
-5.2371721267700195	-7.38124942779541
-10.553882598876953	-12.710189819335938
-15.13783073425293	-17.835554122924805
-16.771387100219727	-19.76727867126465
-10.181853294372559	-12.177213668823242
-9.167360305786133	-11.162736892700195
-4.005131244659424	-6.227043151855469
-3.8549301624298096	-5.986771106719971
-12.216238021850586	-14.645094871520996
-9.719503402709961	-11.875994682312012
-11.543468475341797	-13.947364807128906
-3.436382532119751	-5.6244306564331055
-12.799137115478516	-15.29931926727295
-9.926322937011719	-11.991448402404785
-3.706751585006714	-5.840604782104492
-6.250728607177734	-8.173664093017578
-13.867289543151855	-16.495866775512695
-9.688739776611328	-11.683385848999023
-11.425050735473633	-13.467203140258789
-12.463912963867188	-14.755705833435059
-11.03327751159668	-13.087587356567383
-13.858636856079102	-16.525989532470703
-10.764888763427734	-13.026411056518555
-16.856990814208984	-19.87550926208496
-9.367188453674316	-11.299333572387695
-4.082420825958252	-6.239848613739014
-11.678953170776367	-13.77863597869873
-6.791542053222656	-8.682424545288086
-3.062805414199829	-5.154120445251465
-1.9401791095733643	-4.2113542556762695
-2.1267428398132324	-4.452739238739014
-8.86923599243164	-10.735383987426758
-12.955615997314453	-15.221902847290039
-11.68682861328125	-14.040918350219727
-16.151453018188477	-19.161312103271484
-10.256275177001953	-12.361907005310059
-3.4689462184906006	-5.651616096496582
-15.043065071105957	-17.864408493041992
-6.176061630249023	-8.259159088134766
-11.882820129394531	-14.283002853393555
-9.851495742797852	-11.774209022521973
-8.276313781738281	-10.040163040161133
-16.193647384643555	-19.15730857849121
-9.2678804397583	-11.313806533813477
-16.630813598632812	-19.621856689453125
-16.731428146362305	-19.739416122436523
-3.4523134231567383	-5.660175323486328
-2.707993745803833	-4.916555404663086
-8.1512451171875	-9.772552490234375
-13.081287384033203	-15.72305965423584
-6.8475236892700195	-8.659737586975098
-12.495902061462402	-14.996378898620605
-9.886488914489746	-11.911731719970703
-15.390572547912598	-18.1516056060791
-16.166677474975586	-19.05535316467285
-17.054462432861328	-20.136137008666992
-8.924786567687988	-11.037018775939941
-5.018476963043213	-7.1282196044921875
-2.5193724632263184	-4.792212009429932
-8.019818305969238	-9.715985298156738
-11.283403396606445	-13.655134201049805
-15.463494300842285	-18.35697364807129
-11.3809814453125	-13.652495384216309
-3.761132001876831	-5.9194183349609375
-12.65365982055664	-15.206971168518066
-12.592885971069336	-15.063786506652832
-14.659321784973145	-17.385271072387695
-6.96419095993042	-8.858592987060547
-2.357541561126709	-4.602908611297607
-1.836601972579956	-4.115981101989746
-15.758084297180176	-18.660621643066406
-7.712873458862305	-9.327777862548828
-13.128128051757812	-15.711735725402832
-12.409526824951172	-14.861379623413086
-14.434706687927246	-17.226356506347656
-13.268159866333008	-15.670113563537598
-10.584891319274902	-12.715045928955078
-10.306764602661133	-12.465956687927246
-5.470278739929199	-7.3853302001953125
-14.048604965209961	-16.659074783325195
-6.638852119445801	-8.539966583251953
-10.373228073120117	-12.511125564575195
-5.0531325340271	-6.846060752868652
-15.000652313232422	-17.717859268188477
-15.210691452026367	-17.99958610534668
-8.61447525024414	-10.539237976074219
-16.872682571411133	-19.908998489379883
-5.4461669921875	-7.568774223327637
-16.795692443847656	-19.819211959838867
-14.185063362121582	-16.866474151611328
-2.566164970397949	-4.643535614013672
-3.066340684890747	-5.256813049316406
-4.275113105773926	-6.308972358703613
-16.345029830932617	-19.3306827545166
-9.180903434753418	-11.059280395507812
-4.018567085266113	-5.915573596954346
-4.7789716720581055	-6.843070983886719
-12.050271987915039	-14.258007049560547
-8.79690170288086	-10.725343704223633
-3.0970287322998047	-4.981794357299805
-12.251567840576172	-14.489498138427734
-14.585344314575195	-17.225587844848633
-10.249231338500977	-12.290416717529297
-12.269360542297363	-14.741004943847656
-6.710152626037598	-8.557914733886719
-6.150424003601074	-8.175552368164062
-14.944844245910645	-17.644630432128906
-13.930610656738281	-16.62923240661621
-11.921590805053711	-14.323678970336914
-8.250959396362305	-10.30208969116211
-5.477749347686768	-7.628079891204834
-9.605993270874023	-11.506027221679688
-13.062925338745117	-15.504471778869629
-6.777697563171387	-8.520256042480469
-15.081709861755371	-17.881256103515625
-8.045570373535156	-9.866052627563477
-9.161566734313965	-11.214802742004395
-11.679362297058105	-14.117049217224121
-3.5191762447357178	-5.545132637023926
-10.915384292602539	-13.22731876373291
-4.067340850830078	-6.049695014953613
-6.867801666259766	-8.92906379699707
-7.856719017028809	-9.87037467956543
-15.759796142578125	-18.66615104675293
-4.493722915649414	-6.665165901184082
-8.209763526916504	-10.093868255615234
-12.788924217224121	-15.175970077514648
-15.947376251220703	-18.831562042236328
-10.48144817352295	-12.545977592468262
-11.55109977722168	-13.89297103881836
-10.032886505126953	-12.03322696685791
-10.278488159179688	-12.458050727844238
-3.988826036453247	-6.061908721923828
-5.80771541595459	-7.690329551696777
-15.451675415039062	-18.275510787963867
-12.117654800415039	-14.474464416503906
-17.235198974609375	-20.340673446655273
-15.785907745361328	-18.662431716918945
-9.472980499267578	-11.533339500427246
-1.9678597450256348	-4.242898941040039
-4.630144119262695	-6.797048568725586
-9.714180946350098	-11.889854431152344
-13.026779174804688	-15.413002967834473
-11.31318473815918	-13.723190307617188
-11.029994010925293	-13.378302574157715
-11.849255561828613	-14.17096996307373
-2.4838407039642334	-4.757053852081299
-4.314723014831543	-6.255972862243652
-7.79638147354126	-9.876630783081055
-4.197531223297119	-6.142045021057129
-2.3339507579803467	-4.624537467956543
-3.227389335632324	-5.291518211364746
-5.171565055847168	-6.968430519104004
-3.780856132507324	-5.939299583435059
-9.450769424438477	-11.514877319335938
-17.3684024810791	-20.48177719116211
-8.766548156738281	-10.48466682434082
-7.229387283325195	-9.27572250366211
-12.769579887390137	-15.340298652648926
-12.813587188720703	-15.400640487670898
-10.747417449951172	-13.006082534790039
-16.01728630065918	-18.971162796020508
-13.25088882446289	-15.774995803833008
-12.632207870483398	-15.110949516296387
-10.702240943908691	-12.697200775146484
-6.235930442810059	-8.128971099853516
-15.539956092834473	-18.391725540161133
-16.560306549072266	-19.56439971923828
-15.085774421691895	-17.89383888244629
-15.086488723754883	-17.9157657623291
-3.8251373767852783	-5.9201579093933105
-7.576635360717773	-9.590516090393066
-9.391219139099121	-11.277312278747559
-11.810037612915039	-13.974968910217285
-14.246009826660156	-16.9570369720459
-2.517841100692749	-4.807678699493408
-16.61381721496582	-19.60137367248535
-13.705828666687012	-16.41756248474121
-9.303031921386719	-11.381420135498047
-6.836874961853027	-8.625747680664062
-2.136343002319336	-4.410731315612793
-14.045297622680664	-16.7083683013916
-10.267783164978027	-12.474241256713867
-13.817076683044434	-16.463031768798828
-11.562744140625	-13.862249374389648
-11.526116371154785	-13.698859214782715
-15.339311599731445	-18.239294052124023
-11.983735084533691	-14.396379470825195
-15.236117362976074	-17.993093490600586
-6.985138893127441	-9.07689094543457
-3.6805813312530518	-5.685135841369629
-13.065552711486816	-15.491093635559082
-4.184431076049805	-6.344354152679443
-5.262570381164551	-7.2252678871154785
-10.098274230957031	-12.035809516906738
-5.93704891204834	-7.684696197509766
-4.505307197570801	-6.38970422744751
-11.646353721618652	-13.890243530273438
-3.9800055027008057	-5.957802772521973
-8.225353240966797	-9.915273666381836
-10.735048294067383	-12.993088722229004
-3.4323675632476807	-5.709488868713379
-16.599023818969727	-19.55274200439453
-12.475288391113281	-14.902754783630371
-12.355817794799805	-14.654813766479492
-13.0531005859375	-15.589347839355469
-5.341306686401367	-7.296463966369629
-13.550418853759766	-16.1975154876709
-7.398715019226074	-9.346259117126465
-4.497961044311523	-6.479307174682617
-14.448409080505371	-16.984914779663086
-9.494377136230469	-11.617301940917969
-13.18475341796875	-15.80006217956543
-2.769444227218628	-4.993978500366211
-4.171290397644043	-6.112844467163086
-8.257379531860352	-10.251623153686523
-10.078182220458984	-12.160722732543945
-5.257824897766113	-7.108797073364258
-10.29684066772461	-12.55949592590332
-5.346343040466309	-7.459100246429443
-12.892946243286133	-15.273582458496094
-2.8671252727508545	-5.1546711921691895
-6.143022537231445	-7.922319412231445
-7.782901287078857	-9.805283546447754
-8.955623626708984	-10.992673873901367
-14.58768367767334	-17.374605178833008
-13.686689376831055	-16.247528076171875
-14.825178146362305	-17.523000717163086
-16.8772029876709	-19.898271560668945
-14.228450775146484	-16.769853591918945
-13.341939926147461	-15.832542419433594
-5.651088237762451	-7.6364850997924805
-2.676302194595337	-4.96884822845459
-4.43092679977417	-6.390768051147461
-9.940439224243164	-12.145461082458496
-3.1414201259613037	-5.258213996887207
-12.749190330505371	-15.138912200927734
-2.3135366439819336	-4.4679718017578125
-10.690143585205078	-12.965001106262207
-11.595731735229492	-13.938728332519531
-10.766889572143555	-12.932243347167969
-15.14924430847168	-18.00965118408203
-2.372678756713867	-4.680696487426758
-16.87236976623535	-19.90687370300293
-4.000217914581299	-6.027836799621582
-15.272010803222656	-18.008695602416992
-10.78055191040039	-12.825225830078125
-10.038119316101074	-11.97490119934082
-4.690516471862793	-6.584484100341797
-3.5471384525299072	-5.608551979064941
-13.399941444396973	-16.013591766357422
-15.971395492553711	-18.87079429626465
-13.034933090209961	-15.440946578979492
-6.385046005249023	-8.37297248840332
-2.2802157402038574	-4.5424699783325195
-4.398647785186768	-6.451801776885986
-14.098620414733887	-16.750566482543945
-15.754941940307617	-18.627016067504883
-6.371956825256348	-8.282894134521484
-15.432509422302246	-18.247150421142578
-4.2647175788879395	-6.245731830596924
-16.718015670776367	-19.73897361755371
-11.899482727050781	-14.159205436706543
-14.284006118774414	-17.034700393676758
-3.100614070892334	-5.356967926025391
-8.605186462402344	-10.289525985717773
-3.8789093494415283	-5.859978199005127
-9.225643157958984	-11.188619613647461
-4.244049072265625	-6.283161640167236
-13.118118286132812	-15.608070373535156
-12.53525161743164	-15.073062896728516
-7.393375873565674	-9.389841079711914
-5.092995643615723	-6.970214366912842
-4.569141864776611	-6.695013523101807
-12.969365119934082	-15.463080406188965
-9.331002235412598	-11.378586769104004
-6.7288818359375	-8.501058578491211
-2.376629590988159	-4.455565452575684
-14.827125549316406	-17.53798484802246
-14.543142318725586	-17.288862228393555
-5.49924373626709	-7.383006572723389
-15.613337516784668	-18.432565689086914
-14.873407363891602	-17.666332244873047
-5.939446926116943	-7.95631217956543
-2.3540756702423096	-4.625271797180176
-10.402817726135254	-12.348282814025879
-4.594315528869629	-6.509068489074707
-12.701335906982422	-14.997377395629883
-9.14723014831543	-10.974380493164062
-16.0056095123291	-18.96985626220703
-13.429574012756348	-15.927909851074219
-2.986623525619507	-5.189221382141113
-15.655654907226562	-18.441068649291992
-14.00880241394043	-16.702890396118164
-13.782115936279297	-16.336809158325195
-6.403140068054199	-8.562931060791016
-9.650534629821777	-11.577156066894531
-9.751115798950195	-11.71827507019043
-5.4065375328063965	-7.212958812713623
-5.353387832641602	-7.314942359924316
-13.139986991882324	-15.476137161254883
-11.496013641357422	-13.836129188537598
-16.70341682434082	-19.703428268432617
-15.940662384033203	-18.77995491027832
-9.734567642211914	-11.891012191772461
-3.90948486328125	-6.006429672241211
-3.386998414993286	-5.639346122741699
-17.061559677124023	-20.148832321166992
-15.716127395629883	-18.626964569091797
-1.6541109085083008	-4.008700370788574
-7.098418235778809	-9.0922269821167
-6.882500648498535	-8.629287719726562
-9.675325393676758	-11.836897850036621
-4.568019866943359	-6.467611312866211
-12.732337951660156	-15.298074722290039
-5.575095176696777	-7.474605083465576
-9.538917541503906	-11.558732986450195
-8.731383323669434	-10.447758674621582
-4.222397804260254	-6.422959327697754
-5.624778747558594	-7.546136856079102
-15.121196746826172	-17.923189163208008
-15.799185752868652	-18.744909286499023
-5.55157470703125	-7.707752227783203
-15.165701866149902	-17.95490074157715
-14.129095077514648	-16.74228286743164
-16.06608009338379	-18.981748580932617
-11.645474433898926	-14.07863712310791
-2.848322868347168	-5.034646987915039
-14.264013290405273	-16.830467224121094
-11.991909980773926	-14.212626457214355
-14.458647727966309	-17.230302810668945
-2.8126280307769775	-5.030919075012207
-2.3263986110687256	-4.4879560470581055
-14.04594612121582	-16.63075065612793
-17.22443962097168	-20.32082176208496
-2.6773743629455566	-4.905098915100098
-15.284929275512695	-18.119104385375977
-10.604927062988281	-12.791585922241211
-2.259878396987915	-4.529575347900391
-5.979211807250977	-7.791162967681885
-16.096837997436523	-19.022329330444336
-5.576977252960205	-7.6890082359313965
-2.6350250244140625	-4.9331889152526855
-4.536585807800293	-6.59761381149292
-11.95559310913086	-14.43673324584961
-9.975850105285645	-11.959548950195312
-5.801436424255371	-7.7099432945251465
-5.079862594604492	-7.141229629516602
-15.692133903503418	-18.567434310913086
-11.492889404296875	-13.796810150146484
-12.547785758972168	-14.874067306518555
-9.838006973266602	-11.706117630004883
-2.7551138401031494	-4.980960845947266
-6.641042232513428	-8.537641525268555
-6.943303108215332	-8.503901481628418
-5.574463844299316	-7.442553520202637
-7.473710060119629	-9.195524215698242
-17.194795608520508	-20.30376625061035
-8.54043197631836	-10.663328170776367
-4.870023727416992	-7.058348655700684
-15.12144947052002	-17.941747665405273
-17.244476318359375	-20.33576774597168
-2.841933488845825	-4.99509334564209
-2.186265707015991	-4.443192958831787
-11.520905494689941	-13.727495193481445
-4.141971588134766	-6.231709957122803
-16.201160430908203	-19.174665451049805
-7.004788875579834	-8.974519729614258
-5.407192230224609	-7.587384223937988
-8.218769073486328	-10.166441917419434
-4.340122222900391	-6.49258279800415
-6.055004119873047	-7.787110328674316
-11.326948165893555	-13.519166946411133
-16.27272605895996	-19.19471549987793
-16.70384407043457	-19.706106185913086
-10.308280944824219	-12.54865550994873
-5.427711486816406	-7.480155944824219
-1.4792121648788452	-3.725191116333008
-6.458084583282471	-8.122710227966309
-2.419153928756714	-4.564427375793457
-2.0551178455352783	-4.3246002197265625
-4.906093597412109	-6.754626274108887
-11.453764915466309	-13.614547729492188
-15.195021629333496	-18.017114639282227
-14.726723670959473	-17.380290985107422
-12.324836730957031	-14.603719711303711
-4.587399482727051	-6.666909217834473
-8.936691284179688	-10.986564636230469
-6.221985340118408	-8.36416244506836
-8.862234115600586	-10.89261245727539
-6.486817359924316	-8.473416328430176
-12.445469856262207	-14.812030792236328
-16.648412704467773	-19.620864868164062
-6.172748565673828	-8.092702865600586
-13.76784896850586	-16.33097267150879
-2.3800594806671143	-4.55361795425415
-4.079747200012207	-6.137718200683594
-4.280905723571777	-6.483684539794922
-8.990654945373535	-10.976045608520508
-14.685466766357422	-17.361101150512695
-2.716600179672241	-4.992873191833496
-9.439199447631836	-11.569368362426758
-16.0165958404541	-18.97432518005371
-9.387855529785156	-11.245052337646484
-11.021503448486328	-13.28626823425293
-2.397996425628662	-4.622446060180664
-13.945330619812012	-16.624357223510742
-4.018798828125	-6.171327590942383
-11.526432037353516	-13.954000473022461
-11.251228332519531	-13.654211044311523
-12.928497314453125	-15.20937728881836
-11.44442081451416	-13.572172164916992
-10.492785453796387	-12.654936790466309
-1.975033164024353	-4.291372776031494
-15.967135429382324	-18.810590744018555
-2.9623115062713623	-5.110628604888916
-15.010080337524414	-17.792890548706055
-15.973319053649902	-18.84731101989746
-4.045466423034668	-6.106898307800293
-3.101492166519165	-5.295535087585449
-9.172385215759277	-11.050567626953125
-16.89519691467285	-19.95163345336914
-4.665111541748047	-6.5561933517456055
-2.9044814109802246	-5.050511360168457
-2.0890655517578125	-4.316507339477539
-6.092260837554932	-7.839092254638672
-4.462468147277832	-6.398320198059082
-14.68367862701416	-17.361652374267578
-13.126616477966309	-15.57328987121582
-10.92542839050293	-13.002379417419434
-6.469690322875977	-8.507564544677734
-14.241525650024414	-16.982824325561523
-12.062542915344238	-14.523127555847168
-3.740508794784546	-5.782076835632324
-3.846062660217285	-5.808278560638428
-3.735957384109497	-5.571688175201416
-7.019561290740967	-8.730219841003418
-15.371406555175781	-18.18516731262207
-15.170249938964844	-17.998144149780273
-4.775435447692871	-6.919486045837402
-10.045055389404297	-12.266090393066406
-10.328990936279297	-12.33991813659668
-7.051690101623535	-8.770788192749023
-6.763277053833008	-8.603222846984863
-16.592987060546875	-19.58497428894043
-3.664346933364868	-5.746240615844727
-2.5511393547058105	-4.727263450622559
-2.846280336380005	-5.046941757202148
-12.808473587036133	-15.396175384521484
-7.462471961975098	-9.162381172180176
-12.553848266601562	-15.044209480285645
-14.518953323364258	-17.32619857788086
-15.952812194824219	-18.831228256225586
-3.6705429553985596	-5.626140594482422
-5.847070693969727	-7.778746128082275
-15.16030216217041	-17.94112205505371
-13.574867248535156	-16.00704002380371
-14.006869316101074	-16.59974479675293
-15.96239185333252	-18.924222946166992
-3.0764901638031006	-5.117884159088135
-4.323794364929199	-6.539238929748535
-16.576799392700195	-19.626768112182617
-11.790148735046387	-14.221759796142578
-15.96969223022461	-18.863540649414062
-15.279812812805176	-18.057586669921875
-2.417158842086792	-4.650279998779297
-2.346210241317749	-4.642702102661133
-13.413934707641602	-15.828121185302734
-2.373847723007202	-4.428182125091553
-3.541227340698242	-5.747037887573242
-3.8161628246307373	-6.047566890716553
-13.695426940917969	-16.3425235748291
-4.891040802001953	-6.829003810882568
-2.0070555210113525	-4.333127498626709
-15.279181480407715	-18.10873794555664
-6.9921956062316895	-8.812226295471191
-5.772526741027832	-7.530043125152588
-2.9444549083709717	-5.183341979980469
-10.977432250976562	-13.128586769104004
-11.728151321411133	-14.046019554138184
-12.956192016601562	-15.529294967651367
-15.727400779724121	-18.60235595703125
-2.694719076156616	-4.9612956047058105
-9.510026931762695	-11.614295959472656
-9.702533721923828	-11.859601020812988
-13.266660690307617	-15.597701072692871
-6.381986141204834	-7.996212959289551
-4.186727523803711	-6.110658645629883
-11.837447166442871	-14.190797805786133
-16.567399978637695	-19.552492141723633
-3.768977403640747	-5.677402973175049
-3.3570187091827393	-5.404784202575684
-12.082618713378906	-14.389472007751465
-16.981674194335938	-20.052024841308594
-3.6371119022369385	-5.652042388916016
-14.729254722595215	-17.44752311706543
-12.249289512634277	-14.762022018432617
-3.628728151321411	-5.722926616668701
-15.998773574829102	-18.855628967285156
-13.657739639282227	-16.210647583007812
-10.97677993774414	-13.208900451660156
-7.861188888549805	-9.76475715637207
-11.739121437072754	-13.893144607543945
-2.704481363296509	-4.777243614196777
-2.7874808311462402	-4.860869884490967
-11.074137687683105	-13.413354873657227
-8.533451080322266	-10.629283905029297
-15.609933853149414	-18.44017219543457
-14.589703559875488	-17.35209846496582
-2.6000990867614746	-4.851226329803467
-11.068973541259766	-13.161828994750977
-14.932306289672852	-17.69317626953125
-2.945344924926758	-5.177494525909424
-16.778059005737305	-19.79680824279785
-3.5833210945129395	-5.658522605895996
-14.157535552978516	-16.778772354125977
-10.124260902404785	-12.278289794921875
-15.35552978515625	-18.219039916992188
-3.5758306980133057	-5.675971984863281
-12.701187133789062	-15.050117492675781
-5.009994983673096	-6.83144998550415
-14.350382804870605	-17.116315841674805
-7.897213935852051	-9.552419662475586
-12.775495529174805	-15.082344055175781
-10.097249031066895	-12.216958045959473
-15.725074768066406	-18.617469787597656
-8.026637077331543	-9.926996231079102
-4.500124454498291	-6.558099746704102
-14.083620071411133	-16.66654396057129
-7.957831859588623	-9.948034286499023
-4.808417797088623	-6.8324971199035645
-5.909826278686523	-7.5746049880981445
-2.5173375606536865	-4.782747745513916
-7.398587703704834	-9.339014053344727
-6.631248474121094	-8.372024536132812
-16.350767135620117	-19.272890090942383
-4.373472690582275	-6.358867168426514
-3.365837574005127	-5.404327392578125
-10.387788772583008	-12.368430137634277
-15.732524871826172	-18.61675453186035
-6.574457168579102	-8.63262939453125
-10.652302742004395	-12.934818267822266
-13.243170738220215	-15.556131362915039
-11.000658988952637	-13.200063705444336
-7.252917766571045	-9.142293930053711
-10.248147010803223	-12.43272876739502
-3.508896589279175	-5.726888656616211
-6.554477691650391	-8.292896270751953
-1.984204649925232	-4.2559685707092285
-11.798659324645996	-14.074668884277344
-11.064727783203125	-13.3147554397583
-5.068397521972656	-7.197826385498047
-6.385349750518799	-8.513814926147461
-4.298828601837158	-6.294403076171875
-3.8686673641204834	-5.864336967468262
-7.019565582275391	-8.715204238891602
-3.464857339859009	-5.707334995269775
-2.3803107738494873	-4.6412200927734375
-16.450136184692383	-19.439180374145508
-3.161581039428711	-5.249730110168457
-16.62274742126465	-19.65921974182129
-14.400615692138672	-16.99714469909668
-13.54196548461914	-16.132566452026367
-14.824625015258789	-17.5056095123291
-16.12589454650879	-19.113195419311523
-9.013569831848145	-10.855602264404297
-6.7861175537109375	-8.66497802734375
-1.9648950099945068	-4.186624526977539
-5.038756847381592	-6.895467758178711
-13.947484016418457	-16.422216415405273
-16.55109977722168	-19.534921646118164
-6.977272987365723	-8.909555435180664
-13.285648345947266	-15.654396057128906
-17.006954193115234	-20.04930305480957
-7.040903091430664	-8.63370132446289
-2.27337384223938	-4.54670524597168
-7.896393775939941	-9.902326583862305
-15.993683815002441	-18.95588493347168
-13.200569152832031	-15.690874099731445
-2.448204517364502	-4.748106956481934
-6.497990608215332	-8.194543838500977
-14.263104438781738	-16.85190200805664
-6.764130592346191	-8.40139389038086
-2.7680485248565674	-5.071096420288086
-6.950516700744629	-8.989514350891113
-11.89876937866211	-14.21881103515625
-14.752640724182129	-17.534244537353516
-7.119506359100342	-8.885334968566895
-8.64429759979248	-10.669635772705078
-14.20910930633545	-16.9444637298584
-6.581552028656006	-8.59813117980957
-4.613974094390869	-6.7272210121154785
-16.262269973754883	-19.176774978637695
-3.962465524673462	-6.033124923706055
-4.28773832321167	-6.276202201843262
-12.64734172821045	-15.047277450561523
-10.45771598815918	-12.680395126342773
-5.487787246704102	-7.583954334259033
-9.740966796875	-11.910652160644531
-4.933218002319336	-6.823304653167725
-10.5003080368042	-12.772820472717285
-14.266806602478027	-16.94525718688965
-6.8406982421875	-8.569880485534668
-11.231529235839844	-13.51795768737793
-14.790555000305176	-17.453922271728516
-5.136716842651367	-7.012905120849609
-15.860627174377441	-18.71964454650879
-16.607065200805664	-19.64044189453125
-5.168020248413086	-7.066415786743164
-2.8326339721679688	-5.033077239990234
-11.351995468139648	-13.686552047729492
-9.957962036132812	-12.149772644042969
-11.475931167602539	-13.798359870910645
-8.998929977416992	-10.992753982543945
-8.035749435424805	-9.929746627807617
-2.2927467823028564	-4.5677032470703125
-8.159399032592773	-10.253313064575195
-10.166927337646484	-12.366864204406738
-4.976884841918945	-7.025806427001953
-10.658269882202148	-12.933146476745605
-2.564176559448242	-4.855723857879639
-6.572478294372559	-8.555889129638672
-11.2161226272583	-13.304673194885254
-15.827286720275879	-18.664522171020508
-10.335792541503906	-12.303786277770996
-9.179943084716797	-11.236722946166992
-16.660823822021484	-19.651586532592773
-11.989971160888672	-14.449344635009766
-15.58400821685791	-18.507505416870117
-11.646736145019531	-14.077415466308594
-14.463325500488281	-17.162517547607422
-7.243797779083252	-9.301435470581055
-11.211230278015137	-13.579057693481445
-16.37527847290039	-19.307998657226562
-6.601649284362793	-8.298828125
-5.891236305236816	-7.673541069030762
-16.878198623657227	-19.916297912597656
-3.964411973953247	-5.9564313888549805
-11.084224700927734	-13.349252700805664
-15.460206985473633	-18.320302963256836
-13.203669548034668	-15.748821258544922
-5.033503532409668	-6.981259822845459
-11.118167877197266	-13.247373580932617
-15.942649841308594	-18.855810165405273
-8.119858741760254	-9.822681427001953
-2.782113790512085	-5.014871597290039
-13.441972732543945	-15.898530960083008
-12.977315902709961	-15.386968612670898
-7.543100833892822	-9.45540714263916
-4.960129261016846	-6.826488494873047
-11.843952178955078	-14.195877075195312
-10.841009140014648	-13.172740936279297
-8.403301239013672	-10.145950317382812
-9.54153823852539	-11.65115737915039
-3.005218744277954	-5.228899955749512
-14.620182991027832	-17.420724868774414
-12.826395988464355	-15.299005508422852
-6.685744285583496	-8.38998794555664
-11.663782119750977	-13.764914512634277
-2.759012460708618	-4.972715854644775
-5.322426795959473	-7.098859786987305
-7.817467212677002	-9.865188598632812
-8.86660385131836	-10.637481689453125
-16.45393943786621	-19.40760040283203
-7.787431240081787	-9.571803092956543
-12.997116088867188	-15.46109676361084
-2.5569188594818115	-4.817159175872803
-13.620654106140137	-16.29600715637207
-4.837084770202637	-6.967929840087891
-15.606881141662598	-18.466188430786133
-5.355976104736328	-7.16717529296875
-11.180497169494629	-13.475172996520996
-17.1883602142334	-20.275712966918945
-15.684795379638672	-18.45158576965332
-4.313666343688965	-6.207239151000977
-9.826242446899414	-11.808649063110352
-15.835113525390625	-18.663793563842773
-16.66621971130371	-19.685197830200195
-15.126771926879883	-17.853151321411133
-8.406909942626953	-10.238027572631836
-4.086013317108154	-6.053079605102539
-4.530656814575195	-6.4120097160339355
-3.001922607421875	-5.220615386962891
-12.774017333984375	-15.333526611328125
-15.664328575134277	-18.55638313293457
-9.189064025878906	-11.212114334106445
-8.731149673461914	-10.586082458496094
-7.117432594299316	-9.014089584350586
-11.802325248718262	-14.024552345275879
-11.339128494262695	-13.472197532653809
-2.4806973934173584	-4.728835105895996
-12.741059303283691	-15.096075057983398
-6.452132701873779	-8.384954452514648
-14.463973045349121	-17.023420333862305
-5.319980621337891	-7.272243976593018
-17.08736228942871	-20.177885055541992
-11.010488510131836	-13.301359176635742
-7.07051944732666	-9.006185531616211
-8.340370178222656	-10.161043167114258
-16.8445987701416	-19.909622192382812
-4.612608909606934	-6.527832508087158
-12.560636520385742	-15.058212280273438
-9.798385620117188	-11.974320411682129
-8.556431770324707	-10.337947845458984
-9.968568801879883	-11.953235626220703
-5.910398006439209	-7.753212928771973
-8.451117515563965	-10.467926025390625
-10.022649765014648	-12.02314281463623
-5.518346786499023	-7.363957405090332
-14.812033653259277	-17.423810958862305
-12.993946075439453	-15.468392372131348
-9.882726669311523	-11.816701889038086
-14.538673400878906	-17.281190872192383
-14.084729194641113	-16.58586311340332
-2.021707057952881	-4.310460090637207
-13.395008087158203	-15.969499588012695
-3.8014447689056396	-5.791667938232422
-15.806801795959473	-18.71373176574707
-6.208690166473389	-8.310129165649414
-4.397621154785156	-6.546698570251465
-6.988234519958496	-8.626991271972656
-3.7960002422332764	-6.03785514831543
-10.769865036010742	-12.84568977355957
-8.474522590637207	-10.495769500732422
-6.145065784454346	-7.896736145019531
-12.674798965454102	-15.064559936523438
-4.29222297668457	-6.4934587478637695
-11.467676162719727	-13.72508430480957
-15.072668075561523	-17.891504287719727
-11.706365585327148	-14.133720397949219
-9.261263847351074	-11.32087516784668
-8.22468376159668	-10.188774108886719
-14.585542678833008	-17.365755081176758
-2.065696954727173	-4.348647117614746
-2.613978624343872	-4.855985641479492
-16.610437393188477	-19.611757278442383
-13.954140663146973	-16.62042236328125
-11.012993812561035	-13.29444408416748
-2.3212788105010986	-4.512516021728516
-6.954833984375	-8.629138946533203
-7.092594146728516	-9.178447723388672
-15.581988334655762	-18.41363525390625
-5.600688934326172	-7.442811489105225
-1.4682302474975586	-3.7536489963531494
-4.8350138664245605	-6.678236961364746
-3.1788008213043213	-5.273045539855957
-2.4135360717773438	-4.685706615447998
-10.894682884216309	-12.982192993164062
-7.790805816650391	-9.738382339477539
-9.763832092285156	-11.91415023803711
-5.9301838874816895	-8.083322525024414
-3.254274368286133	-5.445770740509033
-2.236255407333374	-4.495108127593994
-7.2237629890441895	-9.233177185058594
-13.085087776184082	-15.66506290435791
-5.998539924621582	-8.031874656677246
-3.315821886062622	-5.385416030883789
-11.056381225585938	-13.428489685058594
-7.427999019622803	-9.304803848266602
-11.59847354888916	-14.029314041137695
-6.038503646850586	-8.176519393920898
-16.67106056213379	-19.6727237701416
-13.587814331054688	-16.248491287231445
-1.8349767923355103	-4.151788711547852
-7.912249565124512	-9.7576904296875
-8.327610969543457	-10.129947662353516
-5.66818904876709	-7.403912544250488
-5.305971622467041	-7.1563005447387695
-4.513568878173828	-6.622186183929443
-8.086179733276367	-10.128198623657227
-3.300210952758789	-5.523595809936523
-8.355409622192383	-10.081761360168457
-16.725000381469727	-19.734498977661133
-6.803668022155762	-8.794583320617676
-9.995382308959961	-12.201728820800781
-2.6058623790740967	-4.919454097747803
-3.730516195297241	-5.764849662780762
-15.900307655334473	-18.733755111694336
-15.698270797729492	-18.566925048828125
-2.1012041568756104	-4.4014692306518555
-15.68752670288086	-18.539138793945312
-7.0535173416137695	-8.616263389587402
-9.430057525634766	-11.522071838378906
-4.226611137390137	-6.213901519775391
-10.447226524353027	-12.693541526794434
-16.86763572692871	-19.912099838256836
-2.7143919467926025	-4.9329986572265625
-7.5738115310668945	-9.46560287475586
-15.931843757629395	-18.83197593688965
-8.20201301574707	-10.245773315429688
-16.39423942565918	-19.421998977661133
-16.825170516967773	-19.850343704223633
-10.741233825683594	-13.064390182495117
-5.31489372253418	-7.417434215545654
-12.075652122497559	-14.448236465454102
-14.91557502746582	-17.703763961791992
-11.338842391967773	-13.50606918334961
-2.0911049842834473	-4.414638042449951
-4.679433822631836	-6.761826992034912
-11.512287139892578	-13.842555046081543
-13.484138488769531	-16.13698959350586
-4.020698070526123	-5.833319664001465
-9.808330535888672	-11.78093147277832
-5.2506818771362305	-7.178138732910156
-4.649958610534668	-6.70364236831665
-5.471304893493652	-7.284948825836182
-4.826352119445801	-6.982703685760498
-16.44171714782715	-19.464963912963867
-11.655017852783203	-13.821403503417969
-11.78416919708252	-13.978867530822754
-3.60684871673584	-5.747367858886719
-2.147951602935791	-4.46539306640625
-1.8548181056976318	-4.187458038330078
-3.8787128925323486	-6.105075359344482
-14.493200302124023	-17.244224548339844
-5.521082878112793	-7.396462440490723
-16.689903259277344	-19.680479049682617
-9.81933879852295	-11.823319435119629
-4.037787914276123	-6.034717082977295
-6.425328254699707	-8.310302734375
-2.538344621658325	-4.793911933898926
-4.323537349700928	-6.179839611053467
-10.935806274414062	-13.22553825378418
-4.6505560874938965	-6.533769607543945
-4.374729633331299	-6.5300374031066895
-16.018617630004883	-18.964914321899414
-8.517688751220703	-10.276808738708496
-2.6051390171051025	-4.811633110046387
-2.9464282989501953	-5.101231098175049
-5.914067268371582	-7.797666072845459
-15.132593154907227	-17.917577743530273
-4.251175880432129	-6.394232749938965
-11.160136222839355	-13.28511905670166
-4.122270107269287	-6.210732460021973
-11.820381164550781	-13.964642524719238
-4.657675743103027	-6.620909214019775
-14.417779922485352	-17.08475112915039
-4.176156997680664	-6.23765230178833
-7.47739315032959	-9.406911849975586
-5.899110794067383	-7.6464080810546875
-12.9312105178833	-15.46910572052002
-14.641708374023438	-17.26827049255371
-4.388421058654785	-6.388246536254883
-10.000083923339844	-12.097328186035156
-17.03855323791504	-20.114534378051758
-2.4539148807525635	-4.603967666625977
-3.8135054111480713	-5.9950103759765625
-7.200222492218018	-9.262491226196289
-16.779897689819336	-19.798620223999023
-9.74554443359375	-11.612455368041992
-12.348957061767578	-14.827106475830078
-12.586488723754883	-14.95132827758789
-3.342686414718628	-5.585913181304932
-7.977334976196289	-10.008932113647461
-14.260167121887207	-16.89661979675293
-3.304111957550049	-5.443814277648926
-6.977592945098877	-8.596456527709961
-7.094022750854492	-8.968219757080078
-5.829817295074463	-7.616754055023193
-8.755017280578613	-10.59971809387207
-14.621315002441406	-17.345510482788086
-13.157014846801758	-15.720968246459961
-7.010498046875	-8.664922714233398
-16.790246963500977	-19.81334114074707
-16.739233016967773	-19.752307891845703
-9.662870407104492	-11.58094596862793
-2.3284995555877686	-4.529587745666504
-4.729016304016113	-6.6710381507873535
-7.324287414550781	-9.325019836425781
-4.285561561584473	-6.330158233642578
-17.061065673828125	-20.145231246948242
-2.4455411434173584	-4.690395355224609
-11.91471004486084	-14.316841125488281
-9.114265441894531	-11.186186790466309
-17.1734676361084	-20.25822639465332
-6.473707675933838	-8.518901824951172
-7.04599666595459	-9.117155075073242
-16.694921493530273	-19.69597816467285
-2.4074785709381104	-4.665515899658203
-10.44601058959961	-12.512096405029297
-3.3100826740264893	-5.499868392944336
-4.075375556945801	-6.260090351104736
-6.488638877868652	-8.34107780456543
-9.499773025512695	-11.54959774017334
-6.59433126449585	-8.313926696777344
-4.50582218170166	-6.513381481170654
