1
42.571624755859375	6.703510761260986
49.616886138916016	-17.785926818847656
49.651920318603516	-17.356237411499023
45.73591232299805	-16.673654556274414
49.895755767822266	-18.008520126342773
46.205711364746094	0.22918817400932312
41.54316711425781	6.825512409210205
37.87321090698242	0.7383713722229004
51.01873779296875	-17.11864471435547
50.491886138916016	-17.407869338989258
50.75467300415039	-14.659452438354492
52.37199401855469	-14.42504596710205
39.73188400268555	5.360907077789307
35.22481155395508	-4.3409037590026855
49.1890869140625	-7.222779750823975
50.527061462402344	-17.249021530151367
40.50922393798828	3.9239747524261475
52.05668258666992	-5.419642925262451
32.444053649902344	-6.712749004364014
33.513145446777344	-5.859591960906982
49.28966522216797	-1.5127441883087158
48.130218505859375	-3.743227958679199
52.37030792236328	-19.53693962097168
35.611297607421875	-0.39499905705451965
48.767520904541016	-19.006635665893555
36.76508331298828	0.6739094257354736
38.30329895019531	2.0489790439605713
50.07240295410156	-13.087067604064941
48.08087158203125	-16.979896545410156
52.789066314697266	-14.254141807556152
40.490936279296875	7.026236057281494
50.847904205322266	-19.655778884887695
49.50518035888672	-4.225996494293213
46.866825103759766	-2.0000593662261963
48.14603042602539	-12.321212768554688
39.564476013183594	0.7806839942932129
43.39324188232422	-6.181790828704834
32.41802978515625	-1.45101797580719
42.16532516479492	4.01964807510376
41.070152282714844	-7.9571003913879395
51.85093688964844	-14.819046974182129
43.51152038574219	4.724092483520508
43.63029479980469	4.617648601531982
38.28694534301758	-0.2594435513019562
34.52042007446289	-3.0244674682617188
45.07149124145508	2.47772479057312
40.903995513916016	-13.785629272460938
42.42704772949219	3.0719659328460693
39.917449951171875	-11.223609924316406
48.172874450683594	0.13495203852653503
52.05717849731445	-17.043153762817383
51.10307312011719	-3.5083138942718506
41.232460021972656	6.121767520904541
38.954891204833984	-8.726297378540039
45.801002502441406	-5.047000885009766
48.66282653808594	-16.562807083129883
42.82353973388672	-2.9965341091156006
41.251747131347656	6.410272121429443
41.76898956298828	5.04892110824585
43.49101638793945	3.673034429550171
38.353023529052734	-1.2625532150268555
38.4487419128418	4.376833915710449
45.6959228515625	-15.341259002685547
47.67076873779297	-14.211275100708008
49.82090377807617	-20.682767868041992
46.46369171142578	-9.486696243286133
38.770809173583984	-12.531003952026367
35.346405029296875	-1.6309843063354492
37.33023452758789	3.777423620223999
53.15519714355469	-6.341042518615723
49.941986083984375	-19.9938907623291
37.34220886230469	3.9029877185821533
34.962371826171875	-4.6960649490356445
38.372859954833984	3.423175096511841
50.31857681274414	-3.7581496238708496
47.1898078918457	-17.74261474609375
37.201744079589844	-7.951348781585693
46.48942184448242	-9.602863311767578
39.215206146240234	-7.8700785636901855
35.65688705444336	1.4427454471588135
49.03715515136719	-19.337947845458984
49.37609100341797	-19.771146774291992
54.43268966674805	-6.900686740875244
35.09357833862305	-13.85038948059082
38.967960357666016	1.5953419208526611
40.51896286010742	5.6247639656066895
43.16918182373047	3.4010138511657715
53.07616424560547	-7.769968509674072
50.11767578125	-5.198670864105225
43.53834533691406	-16.07063102722168
43.312007904052734	-15.067157745361328
38.62512969970703	-1.440380334854126
48.62184143066406	-19.733217239379883
42.843055725097656	-1.5770498514175415
45.317203521728516	-1.7898766994476318
36.11552810668945	2.0507864952087402
48.0224609375	-10.892454147338867
48.3054313659668	-16.939573287963867
44.55314636230469	1.8796002864837646
41.456905364990234	-13.624115943908691
42.10149002075195	-4.674769878387451
50.318321228027344	-19.61038589477539
39.44167709350586	0.1549358069896698
37.83299255371094	4.194845676422119
48.89404296875	0.28058168292045593
44.07383728027344	3.853102445602417
40.17163848876953	-0.2741868793964386
50.64339065551758	-19.33383560180664
46.88128662109375	-15.10570240020752
42.42133331298828	-11.453733444213867
38.0750617980957	0.3344433009624481
45.955055236816406	-8.063441276550293
43.362640380859375	2.4001150131225586
35.46629333496094	3.6476352214813232
50.44903564453125	-14.874160766601562
38.624183654785156	4.885754108428955
48.030738830566406	-8.195005416870117
44.83607482910156	1.712796926498413
48.7025146484375	-14.945053100585938
41.262779235839844	5.592101573944092
33.39616775512695	0.10584446787834167
50.0672721862793	-18.169057846069336
41.46529006958008	4.013387680053711
44.48215866088867	-3.4798219203948975
35.292293548583984	0.6665525436401367
44.37969970703125	0.5522730350494385
37.04005432128906	0.6816000938415527
46.995819091796875	-11.988396644592285
44.38069152832031	2.6530001163482666
42.48617172241211	1.1275463104248047
39.335628509521484	-10.738523483276367
33.82113265991211	-2.0906825065612793
44.62778854370117	-6.559771537780762
40.98067092895508	-5.954651355743408
49.78736877441406	-2.3817427158355713
40.643959045410156	-12.319025039672852
50.151161193847656	-15.09773063659668
42.30161666870117	5.6234540939331055
48.746055603027344	-15.973649978637695
37.9345817565918	0.7203719615936279
33.504737854003906	-1.6807100772857666
38.22189712524414	3.628852605819702
42.9029541015625	-14.596090316772461
44.72521209716797	-8.980152130126953
48.762847900390625	-4.9402899742126465
45.07822036743164	3.2938830852508545
43.43966293334961	5.547119617462158
40.080997467041016	-12.57000732421875
47.5352668762207	-13.050345420837402
42.83545684814453	3.7193009853363037
42.707706451416016	3.933678388595581
40.38570785522461	-3.5812604427337646
46.271793365478516	-1.2833356857299805
50.01116943359375	-8.409804344177246
43.923187255859375	-12.536993026733398
50.29930114746094	-11.658839225769043
50.2044677734375	-10.217081069946289
37.59905242919922	1.8724966049194336
44.33698272705078	3.7445194721221924
43.938819885253906	3.9817893505096436
53.06818389892578	-9.024173736572266
50.12909698486328	-17.030202865600586
37.03300094604492	3.5847814083099365
37.875816345214844	-1.2295602560043335
44.242889404296875	-14.4872465133667
32.76340866088867	-0.3059568703174591
45.938175201416016	-9.356422424316406
35.54900360107422	-12.46325397491455
46.71352005004883	-17.83830451965332
38.624732971191406	5.121230602264404
43.43097686767578	-14.399839401245117
50.25857162475586	-20.224384307861328
39.66047668457031	-3.6517210006713867
52.437255859375	-20.050962448120117
49.740230560302734	-16.651758193969727
31.835145950317383	-3.3287971019744873
50.079917907714844	-19.98920440673828
48.67027282714844	-13.938448905944824
48.76789093017578	-18.814298629760742
43.80293655395508	-0.6331250667572021
43.24303436279297	0.4618999660015106
31.85972023010254	-3.802872896194458
36.41716003417969	1.9541311264038086
39.048370361328125	-9.613490104675293
43.73713302612305	-15.369974136352539
47.760311126708984	-5.084702014923096
49.24510192871094	-18.332603454589844
38.29802322387695	1.2018561363220215
42.50056457519531	5.57184362411499
42.886226654052734	-10.804794311523438
41.0554313659668	7.330907344818115
43.917720794677734	-14.164532661437988
35.80970764160156	3.5709521770477295
44.42880630493164	-13.395108222961426
35.9310302734375	0.3395647704601288
36.38306427001953	-6.2457451820373535
49.33637237548828	-3.1324174404144287
42.71529769897461	-2.2249462604522705
52.768680572509766	-6.621694087982178
40.763267517089844	6.285041332244873
33.549232482910156	-0.04724577069282532
38.87545394897461	2.8846356868743896
50.129085540771484	-17.405004501342773
45.65190124511719	-16.4948673248291
46.28966522216797	-9.562200546264648
39.92485809326172	2.2621519565582275
38.04221725463867	0.292847603559494
43.92546081542969	3.458146810531616
53.17094039916992	-5.3363189697265625
46.48832321166992	-1.9881223440170288
41.30571365356445	-0.9008817672729492
42.196353912353516	6.379201412200928
50.295265197753906	-13.511955261230469
40.03002166748047	-1.4834872484207153
33.64109802246094	-8.156115531921387
50.120643615722656	-8.160924911499023
42.031776428222656	2.88944411277771
44.27882385253906	-14.145745277404785
37.459747314453125	-14.389313697814941
49.6956901550293	-16.963226318359375
41.58350372314453	-7.004563808441162
47.719078063964844	-0.808013916015625
49.65303039550781	-8.528057098388672
36.037269592285156	1.961625337600708
46.25812911987305	-5.347510814666748
46.04844284057617	-9.553089141845703
50.271697998046875	-3.9550249576568604
51.01272201538086	-20.644546508789062
49.58515167236328	-20.321514129638672
32.695716857910156	-4.28247594833374
41.233184814453125	1.608952283859253
32.93842697143555	-8.88338851928711
33.467506408691406	-2.595931053161621
40.822505950927734	-10.862834930419922
47.204227447509766	-8.777775764465332
48.894073486328125	-14.630546569824219
48.78105545043945	-15.855302810668945
47.38914489746094	-15.916199684143066
44.818660736083984	1.2753236293792725
48.27109909057617	-3.3199996948242188
52.56537628173828	-5.705699443817139
47.84238052368164	-4.597257137298584
47.133975982666016	-9.595727920532227
39.41965866088867	5.6652350425720215
45.25971603393555	-14.54193115234375
42.43274688720703	6.557563304901123
38.24613952636719	-7.362074375152588
40.46561050415039	-14.569986343383789
41.6318359375	6.453273296356201
47.19582748413086	-14.583727836608887
44.84511947631836	3.197601795196533
48.71699142456055	-17.823604583740234
43.99684143066406	-5.62546968460083
42.38916015625	5.3120293617248535
47.31309509277344	-16.2712459564209
36.64393615722656	3.7787721157073975
54.08416748046875	-7.670622825622559
55.20964813232422	-9.3068208694458
45.92938232421875	-11.4277925491333
48.70416259765625	-11.11483383178711
46.0007209777832	-10.954866409301758
41.48506164550781	5.900096416473389
37.41526412963867	-1.6567786931991577
33.15830993652344	-5.692600727081299
50.493709564208984	-20.619264602661133
46.26251220703125	-14.103947639465332
45.199527740478516	2.7337377071380615
44.781822204589844	2.204038381576538
53.45028305053711	-4.883136749267578
43.2001953125	6.598477840423584
50.08270263671875	-19.01483154296875
34.68396759033203	0.2778436839580536
42.24834442138672	1.4005107879638672
50.04361343383789	-18.668298721313477
44.590301513671875	4.2707438468933105
38.01496124267578	5.139013767242432
52.40896987915039	-18.381790161132812
54.044456481933594	-19.352073669433594
48.20761489868164	-0.695551872253418
45.233665466308594	-4.512940406799316
38.35126876831055	2.173288583755493
42.977901458740234	-5.2968645095825195
46.4415397644043	-7.729133605957031
44.278038024902344	-3.302661180496216
40.01005554199219	0.4199971854686737
38.6590576171875	0.7653305530548096
43.96184539794922	-8.388345718383789
48.823089599609375	-13.615171432495117
52.46905517578125	-11.511833190917969
41.96379089355469	3.7896368503570557
44.80418014526367	4.261352062225342
50.074729919433594	-20.043058395385742
50.900238037109375	-16.06339454650879
35.27556610107422	-2.0708701610565186
52.688636779785156	-7.943596363067627
37.355438232421875	4.553527355194092
43.54827117919922	3.1641900539398193
50.05818176269531	-19.752023696899414
51.318721771240234	-19.220060348510742
43.57073211669922	-9.620271682739258
49.190834045410156	-19.561655044555664
35.94225311279297	1.719896912574768
50.76655578613281	-11.888591766357422
33.99433898925781	-0.8105443716049194
47.7719612121582	-12.54804515838623
37.35813522338867	1.7256081104278564
43.71220016479492	4.341766357421875
42.585487365722656	5.211298942565918
37.94621276855469	1.3171640634536743
50.739593505859375	-18.232450485229492
51.11785125732422	-2.9479005336761475
44.070491790771484	-1.1269350051879883
51.43178939819336	-16.786699295043945
44.5682258605957	3.3880422115325928
42.40249252319336	-5.536599636077881
36.29878616333008	0.5700445175170898
39.37924575805664	3.41084361076355
53.79290771484375	-10.108928680419922
39.1340217590332	3.058690309524536
48.552711486816406	-18.832551956176758
50.112152099609375	-9.945289611816406
44.01548767089844	0.2505054175853729
42.027191162109375	-0.18659570813179016
52.823822021484375	-8.410747528076172
48.78524398803711	-3.1844136714935303
39.59127426147461	2.1077771186828613
50.144351959228516	-7.914313316345215
37.124786376953125	-0.5459268093109131
44.950923919677734	1.923515796661377
43.1723747253418	5.779463291168213
48.607032775878906	-6.892203330993652
41.298866271972656	-6.852151870727539
43.25468444824219	3.580054521560669
43.828678131103516	2.690208673477173
49.92913055419922	-11.220344543457031
49.66304397583008	-11.313763618469238
47.57622528076172	-15.851852416992188
50.23561477661133	-3.8733465671539307
41.44995880126953	5.435572147369385
43.45664978027344	-5.815474033355713
42.69793701171875	4.521402835845947
41.831825256347656	-9.46278190612793
45.233028411865234	-13.673227310180664
41.543235778808594	2.104128837585449
52.120731353759766	-8.37299919128418
43.94336700439453	4.062441349029541
49.224735260009766	-17.711271286010742
42.38043212890625	5.8551812171936035
47.83242416381836	-17.326555252075195
44.76073455810547	0.9789478778839111
47.96746826171875	-17.976070404052734
52.62130355834961	-3.323702573776245
49.5992431640625	-17.936382293701172
55.311492919921875	-8.321128845214844
45.24467468261719	-14.08238410949707
49.89112854003906	-20.228635787963867
33.748451232910156	-3.608590841293335
45.99996566772461	-14.938079833984375
54.43834686279297	-14.375957489013672
51.051979064941406	-2.859851598739624
41.482879638671875	6.934360980987549
40.179134368896484	4.955418109893799
41.680965423583984	6.760817050933838
44.01593780517578	-10.508476257324219
41.38983917236328	7.079615116119385
41.284385681152344	3.0284063816070557
38.39060974121094	-0.9013197422027588
37.99916076660156	-6.265858173370361
53.132598876953125	-11.37397289276123
36.8256721496582	-7.112477779388428
49.296546936035156	-5.558094501495361
49.61595153808594	-7.869865417480469
46.64515686035156	-17.366758346557617
39.74732971191406	2.611431360244751
51.434051513671875	-14.504389762878418
37.23737716674805	2.7380809783935547
40.198184967041016	6.430507183074951
43.91069030761719	2.429565191268921
39.00053787231445	1.8710358142852783
50.02181625366211	-19.811704635620117
51.293766021728516	-14.278812408447266
40.44275665283203	-13.426727294921875
40.36418151855469	-2.254690408706665
33.66966247558594	-2.059196949005127
38.93429183959961	1.712385892868042
42.40007400512695	-8.708429336547852
48.775390625	-17.504270553588867
41.945308685302734	-14.912456512451172
39.51353454589844	-0.22017362713813782
53.99757385253906	-18.921483993530273
43.594417572021484	1.5534756183624268
50.243682861328125	-3.2855217456817627
47.71532440185547	-17.015918731689453
52.15778350830078	-12.670358657836914
47.106300354003906	-0.10967853665351868
36.80801010131836	5.827646732330322
34.909507751464844	-12.50331974029541
50.233558654785156	-20.8380184173584
40.29270553588867	-0.35491374135017395
35.567832946777344	-1.9623997211456299
36.390777587890625	0.7099823951721191
47.633453369140625	-15.037225723266602
40.52794647216797	-10.724977493286133
34.772804260253906	-12.33243179321289
42.94854736328125	-7.0657267570495605
45.48970413208008	-17.123550415039062
37.28976058959961	3.2288973331451416
37.96458435058594	0.8607203960418701
46.963626861572266	-2.3827149868011475
31.409149169921875	-4.650722026824951
49.13683319091797	-4.589352607727051
49.34090042114258	-13.294806480407715
35.25096893310547	0.720999002456665
47.133033752441406	-3.151294708251953
44.04125213623047	4.673455715179443
44.72044372558594	-3.895034074783325
40.914459228515625	7.576198101043701
51.428245544433594	-13.808164596557617
40.637001037597656	-2.210628032684326
50.81292724609375	-19.523693084716797
40.76747131347656	2.6286230087280273
49.832366943359375	-18.618419647216797
42.02187728881836	5.468787670135498
50.061458587646484	-18.267255783081055
47.51833724975586	-16.97807502746582
43.404964447021484	6.067140102386475
49.375328063964844	-19.252058029174805
53.06480407714844	-16.813066482543945
36.244773864746094	-14.756367683410645
38.71023178100586	-4.906734466552734
37.63459777832031	3.7886784076690674
35.95174026489258	1.0307204723358154
49.47346878051758	-13.564881324768066
43.396759033203125	1.4118568897247314
51.127681732177734	-3.768479347229004
45.49789047241211	2.5020904541015625
33.52326583862305	-12.138724327087402
52.632781982421875	-18.365766525268555
33.75551986694336	-0.1430547535419464
51.64564514160156	-9.568584442138672
34.45448303222656	-1.622430443763733
49.383209228515625	-1.0026459693908691
50.47924041748047	-19.83415412902832
50.206687927246094	-17.26028060913086
49.453208923339844	-19.142990112304688
34.35507583618164	-0.01411321759223938
51.683876037597656	-10.63952922821045
40.675785064697266	-8.242284774780273
40.24456024169922	-16.412099838256836
43.27800750732422	4.659031867980957
36.15529251098633	-0.6764535903930664
49.070831298828125	-10.439432144165039
50.591163635253906	-19.622909545898438
48.272438049316406	-6.166290760040283
39.567665100097656	8.077573776245117
47.93594741821289	-12.575599670410156
42.66301345825195	7.440186023712158
50.32868194580078	-4.112443923950195
49.99141311645508	-11.317569732666016
48.43378448486328	-18.422401428222656
41.63199234008789	-1.4954167604446411
51.154640197753906	-17.39942741394043
36.9213981628418	0.14213678240776062
41.97779083251953	3.5380589962005615
44.03507995605469	5.452883243560791
47.89057159423828	-14.863486289978027
33.82649612426758	-4.2543840408325195
45.51844024658203	-1.3934805393218994
40.41044235229492	6.245832920074463
41.93656921386719	-6.157526969909668
42.9453125	-9.85150146484375
35.24479675292969	-12.16783332824707
42.79007339477539	6.836706638336182
40.05384826660156	3.007882833480835
37.5622673034668	4.364426612854004
38.283958435058594	-0.4796784222126007
44.89555740356445	-8.779701232910156
46.72331619262695	0.6541192531585693
48.612579345703125	-11.336217880249023
48.46894836425781	-11.266992568969727
47.24441146850586	-4.929728984832764
44.3516731262207	-13.500441551208496
41.40165328979492	-1.0818798542022705
48.552947998046875	-12.06263256072998
51.108760833740234	-1.9823706150054932
50.41048049926758	-2.320058822631836
41.14596939086914	5.749742031097412
51.902015686035156	-7.420158386230469
52.47539520263672	-12.120915412902832
49.644561767578125	-15.197446823120117
45.80159378051758	0.3108465373516083
43.568260192871094	-17.614797592163086
42.64887237548828	0.9040184020996094
42.805580139160156	4.428089618682861
41.83333206176758	3.9344098567962646
47.523223876953125	-13.46044921875
49.957191467285156	-4.646463394165039
46.31277084350586	-12.244050979614258
51.06621170043945	-19.7590389251709
53.506412506103516	-5.295634746551514
45.52577590942383	2.431323766708374
36.5491943359375	4.427902698516846
50.62882995605469	-13.13969612121582
38.09249496459961	-0.34952881932258606
46.051719665527344	1.8629262447357178
42.95191955566406	1.5978455543518066
54.287498474121094	-8.17590045928955
52.516273498535156	-17.084081649780273
44.60104751586914	1.0039186477661133
36.497520446777344	0.6164243221282959
41.181941986083984	-2.714829206466675
36.87278366088867	2.9815890789031982
41.69279479980469	1.959991693496704
49.4170036315918	-16.938169479370117
50.41218566894531	-2.1990532875061035
49.526363372802734	-11.73567008972168
45.59329605102539	-8.904594421386719
51.53579330444336	-16.204452514648438
50.08906173706055	-12.386425018310547
32.39788055419922	-7.519809722900391
42.01108169555664	-13.45626449584961
54.503562927246094	-6.588578701019287
40.833438873291016	6.449209690093994
45.988155364990234	-15.08304214477539
47.703094482421875	-15.640461921691895
51.37437438964844	-14.427963256835938
47.79366683959961	-1.9833617210388184
38.07070541381836	3.529358148574829
47.05689239501953	-10.099653244018555
33.1044921875	-3.7283225059509277
47.065216064453125	-16.32054328918457
50.203277587890625	-4.454875469207764
38.1724739074707	-6.252500534057617
46.70912551879883	-15.03076171875
51.19944763183594	-12.243999481201172
49.57379150390625	-20.779443740844727
51.38283920288086	-13.313739776611328
49.603355407714844	-19.13435935974121
39.47113037109375	6.811922073364258
33.42603302001953	-0.10512116551399231
43.21045684814453	0.586578369140625
53.884788513183594	-7.420892238616943
50.80479431152344	-17.682796478271484
38.85321807861328	-8.455595016479492
42.61833190917969	4.79374361038208
46.88227844238281	-14.815031051635742
39.81092834472656	2.3922765254974365
47.26981735229492	-17.556316375732422
45.118045806884766	-11.162130355834961
49.82946014404297	-19.332433700561523
54.15692901611328	-11.28487777709961
46.98227310180664	1.637101650238037
48.24703598022461	-2.028433084487915
51.04869842529297	-20.84010887145996
54.32270050048828	-8.989811897277832
37.402286529541016	1.5742789506912231
46.57167434692383	-16.455883026123047
40.19173049926758	0.5942251682281494
51.32666015625	-19.539583206176758
49.70502853393555	-20.047924041748047
42.26292037963867	5.547031879425049
45.21732711791992	-7.7559309005737305
41.08698272705078	-1.0662810802459717
39.94145965576172	-9.489206314086914
39.25669860839844	3.5491507053375244
49.90597915649414	-17.018451690673828
48.186767578125	-5.9097514152526855
50.812583923339844	-20.552419662475586
40.04790496826172	-7.368859767913818
41.16918182373047	6.473568439483643
43.584815979003906	4.166442394256592
44.29214859008789	2.4565532207489014
36.0693359375	-1.3166327476501465
47.723690032958984	1.7566790580749512
52.78525161743164	-4.239447593688965
44.04415512084961	-14.24508285522461
42.884796142578125	-15.207132339477539
36.697105407714844	0.068296879529953
41.32080078125	2.31850266456604
31.796974182128906	-5.523715972900391
50.876564025878906	-17.075763702392578
40.44184494018555	-6.114337921142578
32.383811950683594	-4.397590637207031
35.44758987426758	-1.3858376741409302
49.03953552246094	-16.539953231811523
49.26477813720703	-16.243392944335938
40.61133575439453	-3.468384027481079
42.75775909423828	-9.733309745788574
48.547096252441406	-16.413049697875977
37.767276763916016	-15.08462905883789
45.07548141479492	-0.6932928562164307
38.2408561706543	-9.553714752197266
44.665367126464844	-4.680535793304443
50.44657897949219	-18.869535446166992
39.659454345703125	-0.1078818142414093
40.96430969238281	6.345062732696533
33.806968688964844	-0.6056363582611084
52.32802200317383	-17.108068466186523
45.035057067871094	2.0464460849761963
43.19306564331055	-0.1831393539905548
44.40622329711914	-0.9724431037902832
48.32561111450195	-1.1275029182434082
40.92915344238281	5.025061130523682
40.43798065185547	0.8725268840789795
52.7152214050293	-17.28483009338379
36.42770767211914	3.534132719039917
50.01459884643555	-15.242086410522461
34.791847229003906	-0.18318822979927063
40.476776123046875	5.848704814910889
52.532936096191406	-16.45916748046875
42.527984619140625	-14.374614715576172
48.320709228515625	-13.98455810546875
51.70915222167969	-13.760494232177734
40.66796875	2.6092429161071777
37.657386779785156	2.7060787677764893
46.62190246582031	-3.737135171890259
42.390037536621094	0.5565898418426514
50.189979553222656	-20.559236526489258
36.824729919433594	-0.5211987495422363
49.373069763183594	-19.514690399169922
37.869022369384766	-10.178849220275879
49.75239562988281	-16.145273208618164
51.05573272705078	-16.22953224182129
40.979339599609375	3.3186445236206055
49.35847473144531	-20.02736473083496
48.570037841796875	-0.9407234191894531
49.51981735229492	-18.83067512512207
39.94617462158203	7.24431848526001
43.80548858642578	4.853817462921143
33.11729431152344	-9.414402961730957
39.14633560180664	1.6592499017715454
51.071163177490234	-18.330808639526367
41.28025817871094	-10.2189302444458
41.62059783935547	-3.1323952674865723
47.33303451538086	-0.3421047031879425
39.514041900634766	-0.2929737865924835
44.071651458740234	-6.973795413970947
51.56791305541992	-2.8966691493988037
52.123085021972656	-11.49156379699707
40.234405517578125	2.982508420944214
48.982521057128906	-7.988064765930176
41.88816452026367	-1.9888865947723389
48.298362731933594	-1.1597223281860352
50.791133880615234	-20.45162010192871
36.52597427368164	0.701829195022583
47.940818786621094	-18.862558364868164
43.879512786865234	-2.292914867401123
48.468624114990234	-15.612399101257324
33.183265686035156	-8.171371459960938
40.35797119140625	-1.027662754058838
35.76186752319336	0.32927319407463074
50.8857307434082	-21.220827102661133
41.06406784057617	0.04369327425956726
36.39949417114258	0.4974653422832489
33.78766632080078	-1.4659976959228516
43.436431884765625	-10.869695663452148
48.950469970703125	-19.606966018676758
38.892391204833984	5.944431304931641
45.5598258972168	-8.157110214233398
39.633052825927734	-5.711677551269531
52.471744537353516	-20.231441497802734
54.02091979980469	-8.504478454589844
36.70930099487305	2.143618106842041
39.34273910522461	-11.845873832702637
37.81350326538086	1.2157278060913086
49.839866638183594	-18.843076705932617
39.304534912109375	-4.218350410461426
44.79772186279297	-15.93626594543457
51.67527770996094	-6.522281646728516
48.26947784423828	-15.742145538330078
37.34463882446289	-5.055334568023682
50.6786003112793	-20.75316047668457
50.41751480102539	-12.188828468322754
49.7835693359375	-15.248180389404297
36.94709396362305	-5.786323070526123
50.84568405151367	-19.08936882019043
46.70655059814453	-15.605670928955078
45.11497116088867	-7.750943183898926
48.8762092590332	-15.060277938842773
39.997108459472656	-0.6332821846008301
46.601009368896484	-1.0532236099243164
36.03719711303711	1.266032099723816
41.214752197265625	-8.331005096435547
51.178340911865234	-20.625761032104492
49.76966094970703	-17.905229568481445
45.731361389160156	1.984534502029419
48.89662170410156	0.3242489993572235
50.05517578125	-18.915550231933594
48.32320022583008	-14.665362358093262
47.95359802246094	-12.31814193725586
46.01828384399414	1.5246920585632324
32.90999984741211	-4.5638885498046875
39.24411392211914	1.8482122421264648
51.420719146728516	-15.053974151611328
49.162086486816406	-14.047582626342773
37.977508544921875	-6.41715145111084
43.573665618896484	-11.892024040222168
37.04322814941406	3.6385622024536133
34.44138717651367	0.13268229365348816
44.893367767333984	-9.080120086669922
52.51286697387695	-13.878974914550781
38.20212936401367	6.094537258148193
49.522850036621094	-19.21824073791504
42.04909896850586	4.607806205749512
34.70619583129883	-4.558573246002197
40.25277328491211	-10.754378318786621
35.45187759399414	-0.11640432476997375
41.47758483886719	4.096226692199707
44.8488655090332	-15.632333755493164
40.62424850463867	-2.355201482772827
39.278038024902344	-4.186290264129639
51.11490249633789	-7.158054828643799
50.28345489501953	-2.8849093914031982
36.835453033447266	3.569901704788208
43.904258728027344	4.500789165496826
36.13130569458008	0.5707199573516846
34.9621467590332	4.205948829650879
42.11402130126953	-9.04701042175293
48.539833068847656	-18.256067276000977
43.381622314453125	-7.868173599243164
34.14187240600586	-0.421890527009964
34.353302001953125	-5.55872917175293
51.731101989746094	-15.702391624450684
51.53398132324219	-2.4911351203918457
38.516998291015625	0.44763657450675964
49.42718505859375	-15.099699974060059
37.350887298583984	-7.490996837615967
41.97140121459961	5.607949256896973
50.37456512451172	-17.29348373413086
32.23599624633789	-2.4432830810546875
46.04226303100586	1.7276079654693604
32.329444885253906	-2.492495059967041
42.1179313659668	2.1555423736572266
44.255699157714844	-6.275909423828125
37.25381851196289	1.559982180595398
47.3247184753418	-15.614278793334961
50.92643356323242	-20.346925735473633
36.1481819152832	-0.6882092952728271
43.792877197265625	-0.20844867825508118
48.03463363647461	-13.850591659545898
51.04010009765625	-2.993041753768921
50.167686462402344	-7.973742485046387
34.66220474243164	-1.2114429473876953
45.507530212402344	-15.411491394042969
46.36848831176758	-0.3960626423358917
42.349735260009766	4.023518085479736
52.13684844970703	-15.370340347290039
39.843772888183594	6.123417377471924
48.7839469909668	-8.551634788513184
45.180416107177734	-12.846525192260742
47.61944580078125	-17.513376235961914
41.6458854675293	7.055185794830322
51.3420524597168	-3.2691454887390137
44.783294677734375	2.2020435333251953
34.7690544128418	-1.2160707712173462
51.18876266479492	-19.703161239624023
45.11210250854492	-16.10210418701172
37.01100540161133	0.6610982418060303
36.735740661621094	1.8068253993988037
41.6695556640625	5.342162132263184
34.470497131347656	0.26407572627067566
53.497737884521484	-6.114434719085693
46.87608337402344	0.2479216754436493
45.4451904296875	-11.174873352050781
33.723876953125	-1.912794589996338
48.50724792480469	-5.32963228225708
48.03255844116211	1.1058216094970703
43.59831619262695	4.813235759735107
34.68818664550781	-5.536619663238525
42.2015380859375	3.4498016834259033
49.43568420410156	-18.181488037109375
45.030372619628906	4.08752965927124
32.89656448364258	-8.231256484985352
45.00109100341797	-8.608222961425781
49.55852127075195	-1.870006799697876
50.520259857177734	-12.929150581359863
45.18305206298828	2.644810676574707
50.89796829223633	-13.675971984863281
46.30250930786133	-1.5659427642822266
46.46239471435547	1.0079190731048584
43.340763092041016	5.43342924118042
51.049522399902344	-15.688859939575195
40.97015380859375	5.2971720695495605
44.33447265625	3.9110500812530518
50.823856353759766	-10.774863243103027
50.364784240722656	-5.601786136627197
42.739540100097656	-10.99313735961914
48.79387283325195	-5.289525508880615
36.50589370727539	1.8279533386230469
34.35917282104492	-0.5295097827911377
41.94479751586914	6.369142055511475
41.000335693359375	6.464257717132568
41.122318267822266	-7.260390758514404
54.40287780761719	-9.626327514648438
53.55261993408203	-10.076870918273926
46.51654052734375	3.5033681392669678
47.999603271484375	-4.324879169464111
39.352684020996094	0.6501264572143555
38.93019485473633	-3.514930009841919
44.49166488647461	-13.999691009521484
49.62773132324219	-10.811500549316406
50.49562072753906	-20.316917419433594
49.51465606689453	-19.604339599609375
49.23738479614258	-19.277841567993164
41.5851936340332	3.2629587650299072
41.47406005859375	-2.3380472660064697
51.05659484863281	-8.467266082763672
50.83489227294922	-18.048145294189453
49.67363739013672	-2.0344655513763428
51.76089859008789	-17.66591453552246
46.27433395385742	-10.724101066589355
48.449031829833984	-17.589370727539062
35.865055084228516	1.368180274963379
49.83058547973633	-19.946001052856445
52.223915100097656	-11.808605194091797
45.013858795166016	3.173058271408081
40.46418380737305	5.970822811126709
51.444091796875	-18.567840576171875
48.490623474121094	-19.369176864624023
55.022125244140625	-10.51075267791748
41.7704963684082	-0.9334373474121094
39.05470275878906	-11.83540153503418
50.59229278564453	-20.283479690551758
49.903564453125	-12.658164978027344
49.19549560546875	-1.4189865589141846
48.44581604003906	-15.742764472961426
51.281410217285156	-18.088518142700195
51.039310455322266	-6.308079719543457
49.7344856262207	-19.98164939880371
32.85961151123047	1.0391687154769897
36.54153060913086	2.4309799671173096
50.95093536376953	-3.740194082260132
52.94968032836914	-6.565680980682373
48.31404495239258	-10.426155090332031
53.87110900878906	-11.528215408325195
47.093963623046875	-11.624018669128418
37.63713455200195	0.6268692016601562
49.44902801513672	-18.793853759765625
45.422760009765625	-6.111067295074463
41.06964874267578	-9.111894607543945
39.45982360839844	-9.455530166625977
52.72136306762695	-9.987695693969727
41.86690139770508	-5.414779186248779
54.046653747558594	-9.641777038574219
38.84006118774414	-4.385960102081299
40.13319778442383	3.0022199153900146
54.24567794799805	-6.175235271453857
48.14834213256836	-10.122199058532715
47.37364196777344	-3.5838000774383545
49.38026428222656	-3.5844600200653076
41.928653717041016	-0.9119572639465332
49.37116241455078	-4.051548480987549
38.92807388305664	-1.543810486793518
44.99468994140625	-5.839449882507324
34.57965850830078	0.45861169695854187
42.83851623535156	-9.854019165039062
43.49460983276367	-2.3370020389556885
49.462005615234375	-19.61719512939453
39.61606979370117	6.557252407073975
53.71940231323242	-15.040103912353516
37.40025329589844	-8.332866668701172
47.47814178466797	-17.426448822021484
50.11467742919922	-2.103306293487549
48.62852478027344	-8.268302917480469
49.369205474853516	-15.605422973632812
49.16064453125	-18.647048950195312
41.99363708496094	3.8497226238250732
41.72136306762695	-6.240211009979248
48.87165832519531	-18.843435287475586
41.51396560668945	-4.951874256134033
54.246788024902344	-7.754766464233398
35.46784973144531	-1.9903000593185425
49.09607696533203	-8.17298412322998
52.042171478271484	-20.448408126831055
37.17863845825195	-0.24659231305122375
35.6361198425293	-1.2355952262878418
45.283775329589844	-12.401817321777344
41.16427993774414	7.386218547821045
48.59160614013672	-13.804044723510742
43.873653411865234	-15.604862213134766
49.2127685546875	-20.618833541870117
48.659324645996094	-6.659314155578613
51.31670379638672	-3.47597336769104
41.03337860107422	5.648780345916748
48.26410675048828	-7.833128452301025
49.98094177246094	-10.45406723022461
51.06433868408203	-6.4070000648498535
37.87865447998047	4.161109447479248
42.606353759765625	-12.960996627807617
51.72731018066406	-13.587002754211426
49.61888122558594	-5.328174114227295
48.58615493774414	-18.13304328918457
50.28723907470703	-16.12067222595215
46.369815826416016	-5.947625637054443
49.969757080078125	-20.20984649658203
53.00756072998047	-14.273427963256836
49.00147247314453	-9.67910385131836
52.053871154785156	-17.53923988342285
49.27881622314453	-0.577953577041626
47.71778869628906	-3.909477472305298
41.418033599853516	-12.843425750732422
50.86289978027344	-19.378034591674805
45.24754333496094	-4.23702335357666
53.02289581298828	-4.332820415496826
43.100616455078125	-14.05517864227295
37.541717529296875	3.8272178173065186
49.66239929199219	-18.941408157348633
41.6839714050293	-11.770888328552246
48.83231735229492	-9.877164840698242
42.252376556396484	7.137370586395264
49.6297721862793	-10.76867389678955
47.30590057373047	-12.993812561035156
50.210601806640625	-20.357027053833008
47.756649017333984	0.2939123809337616
43.39945983886719	2.333887815475464
43.35053253173828	-1.2537951469421387
39.69888687133789	5.828904628753662
50.92280578613281	-20.867841720581055
37.998897552490234	4.742380619049072
46.93003463745117	-2.4214413166046143
46.062461853027344	0.19146987795829773
48.45454788208008	-13.383783340454102
38.32768249511719	5.051579475402832
50.21885299682617	-8.516940116882324
46.62993621826172	-17.55272674560547
38.70014572143555	-0.9409153461456299
41.87383270263672	4.138462543487549
39.67683410644531	-0.156084805727005
48.35543441772461	-17.97398567199707
39.58014678955078	-0.9010024070739746
32.96583938598633	-2.676295042037964
45.251487731933594	-17.037771224975586
34.078739166259766	-2.643916130065918
50.90639877319336	-20.27513313293457
49.6556396484375	-16.297353744506836
40.30745315551758	-5.229113578796387
41.051300048828125	4.310914039611816
41.77650451660156	-5.175346374511719
32.637474060058594	-6.536827564239502
39.26280975341797	4.849194049835205
51.45254135131836	-19.51386070251465
42.26233673095703	5.527066707611084
36.74150085449219	-1.3345417976379395
45.48420333862305	-8.483343124389648
44.14568328857422	3.684546709060669
34.22942352294922	-2.71154522895813
54.641021728515625	-6.3807692527771
50.21185302734375	-12.309484481811523
41.5676155090332	-2.4485557079315186
51.12018585205078	-20.59970474243164
53.59227752685547	-6.5892791748046875
36.134361267089844	-14.439584732055664
38.62633514404297	-13.407454490661621
43.84583282470703	0.29437491297721863
48.792152404785156	-17.580055236816406
52.52135467529297	-11.46251392364502
34.59207534790039	0.0388319194316864
40.026126861572266	-6.7547101974487305
45.99428176879883	-10.788199424743652
49.75565719604492	-19.828161239624023
47.84264373779297	-18.019874572753906
53.06429672241211	-5.528676509857178
48.07223892211914	-17.387596130371094
48.92537307739258	-2.311760425567627
34.455223083496094	-5.146727085113525
50.38316345214844	-16.745946884155273
52.03211212158203	-4.141847133636475
53.58776092529297	-8.152937889099121
37.12820816040039	4.005609512329102
51.704952239990234	-15.03478717803955
38.81233215332031	5.902853488922119
46.50517272949219	-16.867725372314453
49.87308120727539	-5.035024166107178
43.85912322998047	-1.3105137348175049
38.46621322631836	5.020358562469482
53.68315887451172	-6.991613388061523
43.17072296142578	1.559267282485962
52.2175407409668	-17.401180267333984
44.355506896972656	2.939089298248291
37.720703125	4.064752101898193
50.30536651611328	-18.624277114868164
42.21150588989258	6.463943958282471
37.546875	3.665663957595825
49.20433044433594	-12.137307167053223
50.852108001708984	-15.652737617492676
41.64982986450195	4.636618137359619
41.428955078125	-13.590315818786621
53.31963348388672	-10.475543975830078
50.72879409790039	-16.68148422241211
51.37322235107422	-10.478996276855469
51.88204574584961	-9.3358736038208
51.384605407714844	-16.973398208618164
43.48426055908203	5.198709964752197
42.43996047973633	-3.166815996170044
40.18663024902344	5.868566989898682
38.30450439453125	-4.914453029632568
42.04851150512695	-11.241104125976562
40.41497039794922	5.540619850158691
45.80876541137695	1.8950130939483643
36.65856170654297	-0.6237478256225586
42.238914489746094	-4.566056251525879
47.87873840332031	-9.992504119873047
49.29922866821289	-6.736063480377197
48.30233383178711	-18.42099952697754
49.37401580810547	-13.482322692871094
50.76990509033203	-13.29074764251709
49.91356658935547	-20.48127555847168
35.07384490966797	2.2176272869110107
37.677249908447266	0.8470818996429443
40.250831604003906	1.4378063678741455
35.57658767700195	1.91829252243042
45.033756256103516	-15.445501327514648
42.071617126464844	4.320986747741699
48.376224517822266	-0.3763623535633087
46.109840393066406	2.012916088104248
33.10578918457031	-0.04746487736701965
42.09981155395508	-2.4444591999053955
51.678009033203125	-9.695426940917969
35.82173156738281	1.361322283744812
35.517974853515625	-0.44699934124946594
43.80845260620117	-8.273433685302734
49.45704650878906	-3.7966225147247314
38.56636428833008	5.785394191741943
38.940452575683594	4.6119842529296875
46.73385238647461	-17.189599990844727
34.72880935668945	0.8320143222808838
38.0357780456543	4.072020530700684
33.146697998046875	-8.09697437286377
42.98849105834961	5.020401954650879
45.39838409423828	-16.60519027709961
36.71561813354492	2.500936269760132
42.83771514892578	4.5816426277160645
37.51493835449219	3.275381088256836
39.03007507324219	5.053358554840088
48.54707717895508	-17.523927688598633
45.35729217529297	-10.503862380981445
33.391780853271484	-4.970530033111572
37.45404815673828	1.3595401048660278
51.3762321472168	-17.72354507446289
37.69851303100586	0.6746537685394287
50.20357131958008	-11.917343139648438
45.03364944458008	1.8158624172210693
50.3670768737793	-16.44977378845215
49.66404724121094	-16.954315185546875
39.19202423095703	6.230377197265625
49.828678131103516	-19.769731521606445
45.28083419799805	-9.476789474487305
36.670623779296875	2.6636264324188232
46.55957794189453	-1.9532837867736816
50.18416976928711	-16.924976348876953
34.688201904296875	1.114205241203308
45.853851318359375	-5.0206499099731445
48.46969223022461	-18.504262924194336
50.176055908203125	-18.515399932861328
51.46052932739258	-11.526080131530762
50.545249938964844	-20.239181518554688
48.17792892456055	-1.2835471630096436
36.440616607666016	1.1282416582107544
40.62342834472656	2.0001559257507324
36.84108352661133	2.86747670173645
50.422515869140625	-19.003061294555664
51.26673126220703	-7.997374057769775
39.86610412597656	-3.775405168533325
42.80437088012695	5.3225274085998535
50.28286361694336	-20.6622371673584
41.12136459350586	-7.5246195793151855
43.26333236694336	-4.825913429260254
50.54404067993164	-19.6191349029541
38.56982421875	-8.77656364440918
51.8764762878418	-19.41166877746582
50.17799377441406	-14.985389709472656
42.98374557495117	0.3203592002391815
36.063411712646484	2.0658750534057617
51.699649810791016	-19.99800682067871
43.776039123535156	-14.752406120300293
37.174686431884766	-3.567152261734009
37.179718017578125	2.6828701496124268
49.293216705322266	-14.286651611328125
38.39265823364258	-5.420130252838135
44.07931137084961	-12.721952438354492
32.94106674194336	-11.37949275970459
50.3152961730957	-18.66605567932129
39.18241500854492	-2.6245365142822266
31.11142349243164	-8.04301929473877
50.26193618774414	-5.842872142791748
46.52631378173828	-15.626605033874512
42.69915771484375	-0.4814019501209259
33.57938003540039	-6.571658134460449
34.34471893310547	-7.375317096710205
44.547576904296875	-1.3537094593048096
42.322383880615234	6.442245006561279
49.60218811035156	-16.890785217285156
40.65962219238281	1.8540832996368408
53.484378814697266	-19.805282592773438
50.625091552734375	-16.6558895111084
36.85646438598633	0.9972894191741943
38.66466522216797	3.5970232486724854
37.27349853515625	-5.391374111175537
43.601234436035156	2.7739431858062744
36.48394012451172	1.4833117723464966
48.80084228515625	-13.899982452392578
53.249942779541016	-15.159512519836426
39.48291015625	0.3916890323162079
53.02629470825195	-4.316189765930176
48.6341438293457	-17.612491607666016
45.906375885009766	-11.404901504516602
33.84250259399414	-0.45929911732673645
51.44832229614258	-19.7469482421875
41.93085479736328	6.679785251617432
48.85441970825195	-9.796217918395996
48.715301513671875	-12.421398162841797
40.88075637817383	-0.30370357632637024
41.735023498535156	-10.034843444824219
37.06475830078125	-6.000013828277588
48.469669342041016	-3.4052951335906982
48.07932662963867	-0.21718409657478333
39.279197692871094	-9.781963348388672
38.35123062133789	-7.3632588386535645
46.54951858520508	1.4838314056396484
50.97649383544922	-19.176977157592773
41.68391418457031	-0.14547184109687805
32.47455596923828	-3.189966917037964
53.29668426513672	-5.950096130371094
52.66914367675781	-6.971336841583252
45.9688835144043	0.9715867042541504
49.278202056884766	-14.406874656677246
51.91230773925781	-4.478158473968506
38.07331848144531	3.2108571529388428
53.540889739990234	-15.684029579162598
52.604713439941406	-14.68432331085205
37.456092834472656	3.4331471920013428
35.97223663330078	-7.3504438400268555
35.12910842895508	0.22853633761405945
47.09536361694336	2.293153762817383
50.779945373535156	-20.64940071105957
38.515625	5.033051013946533
48.515716552734375	-16.575658798217773
41.61128616333008	-7.510298252105713
34.013999938964844	-2.206291913986206
47.07480239868164	-6.284971237182617
46.35910415649414	-15.758991241455078
50.4035530090332	-1.9039268493652344
50.07126235961914	-19.937185287475586
51.49980926513672	-4.041924476623535
39.05561828613281	-6.185710906982422
48.01496887207031	0.4198589026927948
39.523990631103516	3.651536226272583
39.82305145263672	4.3021559715271
49.87483596801758	-19.028905868530273
44.01435470581055	0.9455347061157227
39.27739334106445	5.205193042755127
47.259742736816406	-7.040407657623291
38.361549377441406	3.6866252422332764
48.47374725341797	0.402879923582077
44.52404022216797	0.755556583404541
50.88213348388672	-3.985739231109619
41.01118087768555	6.770931720733643
42.60795593261719	-2.5038137435913086
47.234580993652344	-13.89714527130127
38.25736618041992	4.236875057220459
38.527164459228516	4.282081127166748
51.10600662231445	-15.666679382324219
40.269737243652344	1.605176329612732
42.651004791259766	-6.813609600067139
37.79438781738281	5.299323558807373
35.836578369140625	1.6345261335372925
50.05873107910156	-19.035823822021484
42.83711242675781	5.661855220794678
47.78697967529297	-1.0949652194976807
33.60545349121094	-4.109342098236084
50.21846389770508	-2.113647222518921
44.24489974975586	-3.3442156314849854
44.84442138671875	-14.038122177124023
36.9838752746582	-1.2518281936645508
36.895198822021484	-0.38592079281806946
44.44176483154297	4.905147552490234
46.36983871459961	-5.955691337585449
52.29198455810547	-3.887892723083496
35.78316116333008	-13.058456420898438
37.884830474853516	3.3508594036102295
43.4661750793457	5.683389186859131
48.1036262512207	-6.1436967849731445
36.19874954223633	0.02970859408378601
45.79575729370117	-13.56395149230957
53.39500427246094	-6.681726932525635
41.4271240234375	3.406540632247925
43.2530517578125	-12.419904708862305
47.35984420776367	-1.6178851127624512
49.325408935546875	-15.525335311889648
42.330928802490234	-13.021933555603027
53.32673645019531	-11.249505996704102
37.69362258911133	-2.984095335006714
44.673580169677734	4.2635626792907715
46.547943115234375	-4.947555065155029
40.443946838378906	-0.5132021903991699
53.866607666015625	-9.482227325439453
36.06871795654297	1.7972466945648193
50.537017822265625	-20.49226951599121
47.41679000854492	-15.331262588500977
45.06993103027344	2.9235198497772217
45.87594985961914	-3.201550245285034
41.325645446777344	6.141088008880615
39.02859878540039	3.5029146671295166
36.5667610168457	2.0984106063842773
35.64750671386719	3.855463743209839
47.2949104309082	-5.814370155334473
48.620826721191406	-19.12449073791504
43.6410026550293	2.5509064197540283
50.25794982910156	-1.7152740955352783
32.8867301940918	-0.824387788772583
46.76625442504883	-13.194046020507812
40.5267333984375	-2.4525973796844482
44.1844596862793	-4.720649242401123
44.07395935058594	-14.944966316223145
47.22115707397461	-17.131498336791992
37.0034065246582	0.7723517417907715
40.813941955566406	4.5591511726379395
48.44077682495117	-17.891996383666992
50.49732971191406	-15.798179626464844
45.595497131347656	-7.365018844604492
55.2174186706543	-6.919293403625488
37.80075454711914	4.338192462921143
39.467933654785156	3.886065721511841
44.54967498779297	0.7008328437805176
39.90171813964844	-0.037815362215042114
40.4168701171875	-3.8909380435943604
47.874977111816406	-16.960718154907227
44.13237762451172	3.221170663833618
50.26249694824219	-11.428909301757812
50.21985626220703	-0.5341658592224121
51.21958541870117	-11.285238265991211
41.23491668701172	4.58929967880249
48.23090744018555	-7.260226249694824
44.528602600097656	-8.006821632385254
46.181175231933594	-16.647422790527344
36.260589599609375	2.0308620929718018
46.3917236328125	-3.6976332664489746
42.69270324707031	3.0323259830474854
47.505943298339844	-1.739351749420166
41.18800354003906	1.0579838752746582
41.4744873046875	0.29767367243766785
53.36015701293945	-4.119819641113281
41.89838409423828	5.620909214019775
34.47047424316406	-4.899638652801514
42.843772888183594	0.06000038981437683
40.72321701049805	-5.903675556182861
48.86283874511719	-16.006938934326172
44.44195556640625	-10.926384925842285
41.39515686035156	-10.780779838562012
51.57619094848633	-19.149436950683594
44.45284652709961	0.25078675150871277
51.19794845581055	-18.17924690246582
46.587745666503906	-1.3341455459594727
50.242103576660156	-21.060054779052734
48.32698440551758	-16.20083999633789
47.17732238769531	-5.346775054931641
40.81404495239258	2.9400947093963623
48.917938232421875	-7.420404434204102
50.56575393676758	-18.47212791442871
43.249942779541016	-2.733358383178711
45.510719299316406	-5.539182662963867
41.933414459228516	4.636289119720459
42.70174026489258	5.312691688537598
43.10126495361328	-9.679723739624023
42.12936019897461	3.5402610301971436
40.176918029785156	-12.5999174118042
44.828636169433594	-3.6866257190704346
44.42539978027344	6.011496543884277
44.16117858886719	3.4641683101654053
46.92076873779297	-11.363174438476562
41.09410858154297	-8.227410316467285
47.75792694091797	-15.210704803466797
46.7828483581543	-17.343788146972656
42.44507598876953	2.046682596206665
44.7612190246582	4.0334601402282715
41.84111404418945	3.4397928714752197
43.54697036743164	4.932347774505615
35.2494010925293	1.042563557624817
47.07164001464844	-17.847257614135742
53.05809020996094	-13.637161254882812
46.307315826416016	-8.68864917755127
37.534019470214844	1.0692484378814697
39.93131637573242	-16.748241424560547
37.94376754760742	-4.223604202270508
34.271148681640625	0.9327318668365479
32.24971389770508	-4.694091796875
43.838592529296875	-11.914302825927734
48.01477813720703	-14.882083892822266
37.14524841308594	2.078014373779297
43.85764694213867	3.815589666366577
43.47234344482422	-3.2045159339904785
39.25395965576172	4.915445327758789
44.80662155151367	5.122744083404541
44.88895797729492	2.9492809772491455
39.395606994628906	0.22010156512260437
44.63468551635742	-9.125471115112305
41.500633239746094	-7.686554431915283
43.929931640625	-2.2522201538085938
42.67697525024414	5.471608638763428
41.34416580200195	-2.6545157432556152
40.90930938720703	7.910247325897217
43.927635192871094	-1.5432720184326172
43.863983154296875	6.253002643585205
48.68326187133789	-16.551982879638672
42.090545654296875	-9.595162391662598
40.58245086669922	4.420060634613037
40.13481140136719	-7.082157611846924
47.67738723754883	-4.72735071182251
38.30254364013672	3.1685476303100586
41.48826599121094	-6.475429534912109
46.53764724731445	-7.5423126220703125
38.83866882324219	-11.224104881286621
41.28302001953125	3.7732999324798584
38.43345260620117	1.3461437225341797
48.58041000366211	-17.74962043762207
53.269309997558594	-8.676673889160156
54.24102783203125	-9.01941204071045
35.97159194946289	-7.155229091644287
44.498294830322266	4.690114498138428
41.20185470581055	-2.585500478744507
39.28815460205078	4.919993877410889
42.617942810058594	-4.045730113983154
46.33861541748047	-6.76992130279541
44.546653747558594	0.3532674014568329
49.3459358215332	-13.476494789123535
38.45565414428711	0.8921279907226562
42.62394714355469	-4.143674850463867
41.468482971191406	-8.496119499206543
43.03534698486328	-7.388027667999268
45.586647033691406	-8.605626106262207
43.337459564208984	4.249645233154297
45.70804977416992	-13.356233596801758
41.54588317871094	4.911392688751221
43.07746887207031	-2.910947561264038
48.24851989746094	-0.6709234714508057
47.36547088623047	-16.569522857666016
36.75502395629883	-5.628650188446045
41.80323028564453	-16.556306838989258
46.26421356201172	-14.306839942932129
49.61335754394531	-6.378943920135498
40.526241302490234	1.9282004833221436
50.903499603271484	-4.802643775939941
45.39365005493164	-6.59645414352417
42.424190521240234	4.188535213470459
48.04348373413086	0.562467098236084
51.186363220214844	-16.476694107055664
36.916622161865234	3.878783941268921
38.39349365234375	-0.45788052678108215
36.20635986328125	3.121098756790161
40.931427001953125	3.6543123722076416
47.919918060302734	-5.560321807861328
41.96955108642578	6.395562648773193
48.00094985961914	-7.458502292633057
50.29759216308594	-20.368595123291016
45.867794036865234	-0.7785253524780273
44.850467681884766	2.5586633682250977
43.32411575317383	3.383514404296875
39.067832946777344	-0.5884277820587158
46.60318374633789	-2.2274980545043945
41.16450881958008	-8.393524169921875
54.04782485961914	-10.251481056213379
50.162803649902344	-20.587055206298828
34.4735221862793	0.19801637530326843
36.671974182128906	-0.5707082748413086
54.5294189453125	-14.939010620117188
39.62421798706055	0.219053715467453
54.74092102050781	-7.422695159912109
39.144493103027344	-1.395910620689392
43.43247985839844	6.081360816955566
42.24091339111328	0.018370360136032104
39.63492202758789	5.546777725219727
45.54800796508789	-7.9905900955200195
39.09009552001953	-9.265710830688477
44.600955963134766	-10.019448280334473
52.359169006347656	-10.215124130249023
50.43354034423828	-13.412817001342773
42.60991668701172	5.128355503082275
45.705020904541016	-0.9037590026855469
44.44766616821289	3.632145643234253
50.6634521484375	-19.483552932739258
39.76239013671875	5.3517842292785645
44.444908142089844	2.1476387977600098
45.62675476074219	1.2061243057250977
41.01679229736328	3.638399600982666
46.88130569458008	-12.766328811645508
41.13887023925781	7.63793420791626
36.88313674926758	3.765366792678833
42.509498596191406	6.88071870803833
44.204978942871094	-6.301965713500977
44.82939910888672	-11.905375480651855
55.25453567504883	-9.004021644592285
41.07571029663086	4.928241729736328
49.60239791870117	-17.935556411743164
31.48862075805664	-8.115659713745117
43.688053131103516	5.0997161865234375
42.787174224853516	3.681182861328125
50.14683151245117	-13.629256248474121
44.11316680908203	1.6682977676391602
53.671993255615234	-15.1195068359375
49.679908752441406	-18.924598693847656
40.73025894165039	7.612796306610107
45.83498001098633	-16.088760375976562
40.36897277832031	7.656522274017334
47.4486083984375	-9.058631896972656
38.22165298461914	1.8306548595428467
49.15247344970703	-19.664636611938477
52.44492721557617	-5.7042694091796875
34.664329528808594	1.7361538410186768
48.75510787963867	-9.250787734985352
40.709266662597656	6.552352428436279
43.56304931640625	-12.688396453857422
36.14813232421875	-4.7659220695495605
40.785987854003906	3.27630877494812
51.41946792602539	-20.735612869262695
41.163421630859375	1.546588659286499
41.316314697265625	-1.3777036666870117
41.735347747802734	6.113696575164795
53.972137451171875	-7.110718250274658
42.08686065673828	-6.254589557647705
44.26622009277344	-15.840743064880371
40.943641662597656	6.254397869110107
42.06351089477539	-0.042785435914993286
40.034698486328125	2.3479089736938477
49.787139892578125	-10.975503921508789
38.824989318847656	-3.9399304389953613
51.143333435058594	-18.427974700927734
44.06272888183594	-13.402054786682129
43.05351257324219	4.9284281730651855
39.57268142700195	-6.436758041381836
36.27771759033203	-5.917133331298828
53.183799743652344	-4.955525875091553
45.360904693603516	-15.649974822998047
33.765357971191406	-6.216702461242676
48.65589904785156	-15.8843994140625
43.33946228027344	-14.850940704345703
37.838722229003906	-4.01622200012207
39.237388610839844	6.979668140411377
51.74928665161133	-17.889039993286133
47.438316345214844	-15.715375900268555
47.09806823730469	-6.880589962005615
40.41169357299805	-6.447587013244629
53.50865936279297	-17.834007263183594
49.046016693115234	-15.371122360229492
37.818084716796875	3.780458688735962
53.308624267578125	-6.094389915466309
48.90605163574219	-10.395867347717285
35.99656295776367	2.607368230819702
44.03608703613281	-9.729777336120605
49.86397933959961	-19.739408493041992
49.25973892211914	-2.3542447090148926
42.7486572265625	-3.972125291824341
44.43727493286133	-1.2218880653381348
37.43784713745117	-2.574237108230591
40.58847427368164	6.062008380889893
50.56467819213867	-19.849210739135742
36.17873764038086	1.0455553531646729
36.98811340332031	-0.4460637867450714
53.532470703125	-10.456778526306152
41.52032470703125	5.183740615844727
51.40483856201172	-2.7213661670684814
38.80888366699219	-11.037219047546387
34.00604248046875	-11.668100357055664
41.99529266357422	5.856293201446533
42.370792388916016	2.9808456897735596
48.0244140625	-5.3446245193481445
36.43604278564453	2.2811498641967773
50.97723388671875	-12.517404556274414
48.27043533325195	-13.9220552444458
53.93197250366211	-5.0761895179748535
50.50667953491211	-13.290308952331543
39.996337890625	-3.6496565341949463
47.317787170410156	0.2529709041118622
39.64681625366211	3.8164360523223877
52.07859802246094	-20.744844436645508
43.23225402832031	-14.033199310302734
42.74540328979492	-10.511180877685547
38.660888671875	-9.421524047851562
37.64043426513672	-6.9211320877075195
47.24241638183594	-15.488395690917969
47.284881591796875	1.3867683410644531
43.594886779785156	3.1320743560791016
40.405860900878906	6.229831218719482
50.266910552978516	-18.354042053222656
35.74361038208008	0.09534808993339539
52.58647918701172	-6.1263427734375
45.25141143798828	1.0582034587860107
41.02333450317383	-12.6484956741333
51.3829231262207	-21.307592391967773
48.46329879760742	-10.255022048950195
47.961273193359375	-16.45465087890625
49.074859619140625	-17.9559326171875
50.261600494384766	-18.261585235595703
47.409820556640625	-3.195617914199829
42.049964904785156	-13.548988342285156
41.493377685546875	-2.9501850605010986
41.73366165161133	-5.145257949829102
39.56437301635742	-5.01187801361084
34.36409378051758	1.006198763847351
50.54181671142578	-20.021780014038086
42.14835739135742	4.024393558502197
48.447269439697266	-4.8213210105896
50.13115692138672	-11.346803665161133
42.75773239135742	-9.992010116577148
47.06681823730469	-6.439849853515625
38.78984069824219	0.6355726718902588
51.72051239013672	-16.28173065185547
45.91484832763672	1.9341516494750977
34.53790283203125	-0.5125694274902344
41.235599517822266	1.7899916172027588
50.126365661621094	-12.288856506347656
44.89725875854492	2.212329864501953
45.024288177490234	-13.78219223022461
50.738136291503906	-7.119725704193115
44.646217346191406	-11.498929977416992
41.29580307006836	5.9937005043029785
49.61892318725586	-12.721906661987305
36.16482925415039	-3.8948934078216553
47.34245681762695	2.083028554916382
46.22517395019531	-1.2700576782226562
42.094200134277344	-15.549827575683594
40.89154815673828	-11.357921600341797
40.83429718017578	-0.19933083653450012
51.27474594116211	-15.76842975616455
45.414527893066406	-11.841367721557617
42.222068786621094	-7.295960903167725
34.83491516113281	-9.149909973144531
45.15864181518555	-7.096216678619385
49.77000427246094	-2.325812339782715
41.309547424316406	4.875591278076172
42.91747283935547	2.013016700744629
48.143341064453125	-16.178010940551758
53.626625061035156	-13.22172737121582
42.04523468017578	1.3718011379241943
50.241249084472656	-17.67204475402832
36.73131561279297	2.445713520050049
38.75077819824219	1.225341558456421
53.74835205078125	-9.424358367919922
53.756587982177734	-6.0092010498046875
36.12438201904297	-0.07181814312934875
48.64221954345703	-12.111786842346191
39.89169692993164	-2.624030113220215
42.03694152832031	-1.938613772392273
40.93553924560547	1.7332490682601929
45.16920471191406	-18.508869171142578
52.758235931396484	-11.233412742614746
34.83120346069336	-2.996751070022583
42.441795349121094	-11.001521110534668
51.97838592529297	-20.826738357543945
52.2259635925293	-10.800066947937012
38.10963821411133	-11.644025802612305
49.11841583251953	-8.620786666870117
38.54800796508789	-15.537260055541992
43.477298736572266	2.6886661052703857
50.53658676147461	-20.47410011291504
48.43768310546875	-3.921889543533325
44.680091857910156	3.534471273422241
53.2320556640625	-5.285739898681641
41.18010711669922	-8.351495742797852
42.44732666015625	6.786231994628906
42.769561767578125	0.5307919979095459
38.66427993774414	-14.809032440185547
42.5804557800293	7.633993625640869
38.983943939208984	4.299509525299072
49.51776885986328	-19.447528839111328
50.38335418701172	-17.834871292114258
36.84581756591797	-0.5555672645568848
47.9862174987793	-18.20921516418457
36.182594299316406	2.2114274501800537
46.44798278808594	-17.918155670166016
49.511478424072266	-2.182742118835449
40.86946487426758	0.47507354617118835
48.589595794677734	1.1283659934997559
35.898685455322266	2.8089892864227295
38.2959098815918	1.402037501335144
50.182708740234375	-19.994600296020508
50.24455642700195	-12.818403244018555
45.54193115234375	-12.985445022583008
41.56470489501953	1.882988452911377
32.178810119628906	-8.658597946166992
42.64921188354492	-0.7894711494445801
52.02473449707031	-5.5627360343933105
40.88959503173828	-0.6331496238708496
50.20068359375	-17.0336856842041
40.1253776550293	1.9074347019195557
47.083534240722656	-13.835424423217773
50.364891052246094	-15.778244018554688
42.36262512207031	-0.9877073764801025
41.6485595703125	6.941918849945068
44.78482437133789	3.4254162311553955
45.494728088378906	3.8424479961395264
40.40154266357422	0.05804702639579773
48.4954719543457	-18.659265518188477
46.317745208740234	-1.25295090675354
53.69972610473633	-5.059744358062744
52.18418502807617	-8.99877643585205
38.62080383300781	2.697031021118164
51.65975570678711	-9.952970504760742
39.53164291381836	-4.949381351470947
48.973838806152344	-0.6966867446899414
40.55882263183594	-14.002989768981934
47.878448486328125	-2.578906774520874
50.98358917236328	-20.657773971557617
37.04610061645508	3.6796576976776123
46.429813385009766	2.2281079292297363
40.80335998535156	4.646072864532471
37.17131423950195	2.491485357284546
42.859588623046875	6.1367878913879395
49.451454162597656	-11.702858924865723
40.46395492553711	6.874387264251709
44.020259857177734	-2.341371774673462
50.436195373535156	-19.469751358032227
49.907684326171875	-18.8640079498291
48.295536041259766	-2.840346097946167
42.35893630981445	4.147183895111084
47.908390045166016	-0.16507533192634583
35.95966339111328	-0.5809338092803955
49.74114227294922	-19.30750274658203
47.0682373046875	-2.3993124961853027
33.30154037475586	-4.520816802978516
32.03993606567383	-5.875219821929932
36.88042449951172	0.1333150565624237
52.328643798828125	-2.880495309829712
46.671932220458984	-1.0003221035003662
49.530609130859375	-7.763365745544434
50.16365432739258	-19.5946102142334
53.30976867675781	-7.504427909851074
51.208946228027344	-19.512659072875977
50.30686950683594	-14.49891185760498
50.65302658081055	-2.3473918437957764
45.34404754638672	-5.486691474914551
38.8652458190918	1.3448376655578613
43.09632110595703	-11.850772857666016
50.35685729980469	-19.18724250793457
39.930145263671875	4.939908981323242
43.908958435058594	-4.684892177581787
47.06291198730469	-13.21334171295166
47.6421012878418	-2.1574435234069824
37.05812072753906	0.5558738708496094
46.13077926635742	-16.050518035888672
51.00827407836914	-11.359687805175781
36.198238372802734	-1.2668696641921997
36.65497589111328	2.932013750076294
49.53213119506836	-17.486997604370117
51.150882720947266	-15.17616081237793
44.12507629394531	0.19252249598503113
51.46760177612305	-20.56145668029785
36.990116119384766	3.7626147270202637
39.98603439331055	-0.5815527439117432
48.48054885864258	-20.58694839477539
50.413963317871094	-14.30669116973877
43.654911041259766	5.894226551055908
41.46112823486328	5.449681758880615
47.6378288269043	-5.762538433074951
42.36736297607422	6.1312785148620605
43.27320861816406	-15.720386505126953
51.26081085205078	-13.58979606628418
45.083438873291016	0.6849198341369629
51.34790802001953	-8.289348602294922
49.94989776611328	-19.323312759399414
53.4059944152832	-11.765809059143066
44.44838333129883	3.996103048324585
38.898460388183594	-5.64381742477417
48.59366226196289	-2.1396002769470215
41.54444885253906	-2.067239999771118
50.505584716796875	-2.931612730026245
51.36456298828125	-2.8408405780792236
54.13278579711914	-7.273096084594727
40.31997299194336	-10.273056983947754
36.16496276855469	3.3366143703460693
44.5661506652832	1.5343883037567139
49.5921516418457	-16.127439498901367
49.67039489746094	-14.291662216186523
42.18014144897461	5.042052745819092
36.008731842041016	-5.703448295593262
33.722537994384766	-2.52522349357605
45.07809066772461	-18.377229690551758
40.8718147277832	-8.19495964050293
49.02820587158203	0.021690577268600464
48.71674346923828	-9.853581428527832
46.52301788330078	-14.979960441589355
44.40669250488281	-3.337625741958618
47.53874588012695	-17.8560733795166
49.42524719238281	-11.67111587524414
52.091712951660156	-8.051276206970215
50.66488265991211	-11.48948860168457
41.460906982421875	-0.3262801468372345
38.11562728881836	-5.017478942871094
36.94707107543945	0.11559173464775085
37.24536895751953	1.0366415977478027
44.64442443847656	-0.1178613007068634
40.95207595825195	-4.270884990692139
45.14793395996094	1.7728559970855713
46.413421630859375	0.44284483790397644
42.37340545654297	1.688591718673706
46.85216522216797	-6.318025588989258
45.01286315917969	-14.972293853759766
43.82667922973633	-5.884165287017822
38.809288024902344	2.04253888130188
34.638145446777344	-10.498466491699219
52.00411605834961	-11.410762786865234
42.905189514160156	6.131465435028076
50.879119873046875	-11.316213607788086
45.043914794921875	-14.814979553222656
41.14129638671875	6.85300874710083
48.879173278808594	-18.45737075805664
45.95111846923828	-3.1987268924713135
44.50550842285156	5.070281982421875
46.590797424316406	-0.6436474323272705
37.463356018066406	4.428067684173584
45.711883544921875	-1.8901176452636719
37.503211975097656	-4.508890151977539
40.479652404785156	-0.5847229957580566
42.25695037841797	-12.92552375793457
43.70085144042969	5.808337688446045
41.70568084716797	7.770999431610107
41.337501525878906	-2.4279685020446777
48.77778625488281	-11.516857147216797
41.46006774902344	6.010670185089111
51.83916473388672	-9.524943351745605
36.48888397216797	3.0161831378936768
47.42121887207031	-16.005186080932617
43.25476837158203	0.646845817565918
44.835289001464844	2.487257957458496
50.71296310424805	-12.341229438781738
44.87017822265625	1.591494083404541
49.97642135620117	-20.395051956176758
33.241851806640625	-3.4478092193603516
36.133575439453125	-6.527949810028076
43.114803314208984	-5.362030982971191
48.2535400390625	-18.400623321533203
34.341251373291016	-4.739120006561279
50.411712646484375	-15.332639694213867
35.22072982788086	-1.9481592178344727
50.69146728515625	-19.232994079589844
33.53220748901367	-6.8062028884887695
49.661415100097656	-18.721677780151367
51.355159759521484	-3.3817226886749268
47.8511962890625	0.5135824680328369
44.896766662597656	4.1440229415893555
42.75071716308594	-3.4523329734802246
45.13029479980469	3.288295269012451
44.841617584228516	-16.118242263793945
40.48347473144531	2.18353533744812
50.71619415283203	-21.027631759643555
40.057315826416016	-13.013580322265625
42.98927688598633	1.6148204803466797
49.83756637573242	-14.428285598754883
46.59748840332031	-10.324380874633789
50.63353729248047	-18.32649040222168
51.933555603027344	-2.980325937271118
32.89653778076172	-1.084937334060669
50.91639709472656	-15.000388145446777
55.27336120605469	-6.981663227081299
40.84111022949219	-12.346323013305664
39.137489318847656	-10.89045238494873
39.50453186035156	1.0828981399536133
49.1441535949707	-19.07906150817871
42.54648971557617	4.475764751434326
46.54319381713867	-15.99836540222168
41.472084045410156	7.480777263641357
46.98589324951172	-2.6517179012298584
41.71571350097656	-2.799194097518921
44.37809753417969	4.61578893661499
39.21424102783203	5.452571392059326
49.8758544921875	-19.71379280090332
44.618812561035156	-8.406392097473145
53.40229415893555	-4.99544620513916
40.891632080078125	-5.351949214935303
45.068233489990234	-2.2834091186523438
41.620391845703125	-7.1637396812438965
49.06641387939453	-17.210033416748047
47.715415954589844	-16.39472007751465
41.46027374267578	-1.0061640739440918
41.40889358520508	-10.283239364624023
48.08790588378906	-13.342655181884766
42.65717697143555	0.11090180277824402
46.84577941894531	-16.111087799072266
53.121158599853516	-17.824310302734375
38.648590087890625	-1.8081865310668945
51.284690856933594	-16.302366256713867
36.78099822998047	2.9407260417938232
48.310604095458984	-17.134294509887695
45.76130676269531	-9.711791038513184
39.362281799316406	-9.872323989868164
42.541656494140625	5.629058361053467
44.50912857055664	-8.939169883728027
46.93998336791992	-2.469609022140503
46.911624908447266	-3.481633424758911
42.599830627441406	-1.6580276489257812
49.1098518371582	-13.527328491210938
36.87859344482422	-7.925544261932373
51.791717529296875	-16.48371696472168
49.146488189697266	-19.327388763427734
44.67729187011719	4.242429733276367
43.81010437011719	3.6684515476226807
43.6039924621582	-12.877384185791016
39.36259078979492	-2.9279258251190186
36.22093200683594	3.63991641998291
40.68402862548828	7.540246486663818
46.0128059387207	0.5150420665740967
45.835201263427734	-12.86766529083252
46.363990783691406	-13.388795852661133
42.6919059753418	4.569092750549316
51.163307189941406	-21.109304428100586
41.47182846069336	-14.816659927368164
47.917381286621094	-10.24754524230957
34.96604537963867	0.6968486309051514
37.709022521972656	-5.460458278656006
51.02432632446289	-1.7953486442565918
45.353240966796875	-8.850738525390625
46.796417236328125	3.3256261348724365
48.963417053222656	-18.727920532226562
37.833168029785156	2.839782953262329
34.21923828125	-0.899552583694458
48.68928527832031	-1.123495101928711
38.45158004760742	3.76446795463562
50.42211151123047	-19.74524688720703
51.08015441894531	-18.75145721435547
40.53030014038086	7.261881351470947
40.856048583984375	6.796303749084473
50.13356018066406	-16.55780029296875
54.387596130371094	-9.10056209564209
50.93722152709961	-18.459081649780273
40.9075813293457	-1.8475391864776611
53.76887130737305	-5.427366733551025
41.411258697509766	-7.770013332366943
49.627098083496094	-18.720733642578125
38.36102294921875	-3.4100093841552734
46.35356521606445	-9.410566329956055
40.66982650756836	5.720126628875732
45.64251708984375	-9.123537063598633
46.377593994140625	-15.949812889099121
35.124881744384766	-5.884850978851318
51.01518630981445	-18.864145278930664
50.8185920715332	-14.444811820983887
41.097293853759766	-7.83384895324707
46.25070571899414	-9.868561744689941
50.355804443359375	-1.7770164012908936
43.15113067626953	-16.722078323364258
44.26455307006836	4.567132472991943
38.88163757324219	5.793985843658447
45.520423889160156	-18.74580955505371
33.43612289428711	-0.19851377606391907
38.021095275878906	-6.108055591583252
51.20579528808594	-20.60179901123047
43.74996566772461	-9.482285499572754
43.049217224121094	-13.195394515991211
52.98494338989258	-6.47672176361084
50.71049499511719	-13.438730239868164
38.758296966552734	-0.11500290036201477
45.948612213134766	2.2481207847595215
47.470008850097656	-2.7344722747802734
40.67405700683594	-3.1061174869537354
46.65153503417969	-17.453039169311523
40.72509002685547	4.0619988441467285
47.63242721557617	-1.3995428085327148
39.134761810302734	-8.585742950439453
51.16956329345703	-20.066991806030273
49.61315155029297	-20.721635818481445
40.219764709472656	0.7807693481445312
35.78057098388672	-10.47940444946289
44.34757995605469	-18.903894424438477
42.43339920043945	-4.171424865722656
50.65925598144531	-2.646972417831421
34.576480865478516	0.36806342005729675
42.47026062011719	-6.365723133087158
48.95084762573242	-18.730573654174805
49.05385208129883	-14.652799606323242
37.606319427490234	-10.559225082397461
40.964195251464844	5.742096424102783
52.91133499145508	-8.075685501098633
37.35720443725586	3.7517497539520264
42.95960998535156	-5.157301425933838
50.78049087524414	-0.41344431042671204
37.73860168457031	2.3055579662323
33.431270599365234	-1.7602317333221436
50.9949951171875	-17.149484634399414
45.538169860839844	-16.971426010131836
48.55326843261719	-5.556237697601318
54.815284729003906	-7.863570213317871
47.206024169921875	-10.88304328918457
49.14973831176758	-1.406909704208374
50.88482666015625	-18.302438735961914
53.28157043457031	-9.380792617797852
40.875953674316406	-14.515926361083984
44.185630798339844	1.970599889755249
50.64535140991211	-20.24581527709961
44.848045349121094	-10.72038459777832
46.89521789550781	-4.557564735412598
45.65634536743164	-14.503707885742188
37.272342681884766	0.5675191879272461
52.43129348754883	-10.940591812133789
42.441802978515625	0.5363399982452393
46.33678436279297	-5.86469841003418
42.36653518676758	5.173874378204346
40.62361526489258	-0.5463380813598633
42.58848190307617	3.6067254543304443
54.53359603881836	-7.03626823425293
47.817848205566406	-20.52506446838379
38.774139404296875	-8.957368850708008
44.7364501953125	1.5721964836120605
41.280487060546875	-12.888781547546387
51.39019012451172	-20.95273208618164
46.3785400390625	2.364137887954712
34.25667190551758	-1.3209662437438965
48.729427337646484	-17.343530654907227
40.244205474853516	-0.5067477226257324
54.41817092895508	-8.494129180908203
39.787193298339844	-0.5051336288452148
46.6038818359375	2.809619903564453
46.02464294433594	0.4701635539531708
45.83964920043945	-3.7939980030059814
50.786964416503906	-6.485178470611572
51.96553039550781	-14.30810546875
43.33835220336914	-5.534107685089111
45.20254135131836	3.0243189334869385
47.57785415649414	-2.5776419639587402
50.216163635253906	-10.13073444366455
52.494625091552734	-13.225285530090332
49.016075134277344	-19.077388763427734
49.93854904174805	-19.72017478942871
51.17346954345703	-18.566696166992188
40.49708557128906	-5.476426124572754
50.59524154663086	-17.548486709594727
51.14106750488281	-11.057101249694824
47.34953308105469	-5.986751556396484
49.753570556640625	-9.692809104919434
42.519142150878906	-1.0844526290893555
40.49957275390625	-11.075529098510742
38.892940521240234	0.4285695254802704
53.581398010253906	-10.87167739868164
44.1950798034668	-0.9335534572601318
52.293609619140625	-18.986780166625977
49.542640686035156	-19.61545753479004
32.693058013916016	-3.703303337097168
49.4715461730957	-19.749963760375977
44.37377166748047	-13.457944869995117
47.36724853515625	-17.158912658691406
38.7543830871582	2.7565300464630127
50.34322738647461	-14.364458084106445
50.532386779785156	-1.382561206817627
48.93245315551758	-6.34218168258667
43.22929763793945	5.991824150085449
36.492271423339844	1.695244312286377
47.45372772216797	-1.5098342895507812
34.05844497680664	-1.9702204465866089
43.818912506103516	2.115137815475464
33.87772750854492	-0.23971226811408997
52.53352355957031	-5.790275573730469
38.844810485839844	2.7592523097991943
51.28050231933594	-17.487834930419922
32.840576171875	-9.531805992126465
43.20930480957031	5.061992645263672
46.485862731933594	-1.5110571384429932
48.93569564819336	-19.385358810424805
50.21710968017578	-3.445579767227173
41.80235290527344	-1.1400394439697266
45.04282760620117	-2.513256311416626
44.028995513916016	-1.0294163227081299
41.75217056274414	4.599064350128174
41.8533935546875	4.2616682052612305
39.672847747802734	-14.122594833374023
50.6960563659668	-5.18372917175293
52.991329193115234	-3.7493717670440674
39.221710205078125	-4.094078540802002
41.37185287475586	-7.85276460647583
52.777469635009766	-7.160561561584473
42.995296478271484	-15.13712215423584
40.50218200683594	-5.157945156097412
52.20954132080078	-10.01051139831543
47.69515609741211	-10.53618049621582
39.213294982910156	-2.4859187602996826
41.77833938598633	7.285638332366943
47.701114654541016	-2.2387616634368896
36.3889274597168	2.8161070346832275
50.543521881103516	-15.178479194641113
50.458892822265625	-3.3655166625976562
38.9937629699707	-0.11703899502754211
39.91682434082031	2.706040859222412
42.011680603027344	6.691357135772705
37.92081069946289	4.631773948669434
48.99214172363281	-8.346302032470703
40.906375885009766	7.1251349449157715
52.254154205322266	-19.524110794067383
41.130741119384766	6.671943664550781
51.95830535888672	-10.387786865234375
50.598087310791016	-19.133886337280273
36.99671173095703	3.0283799171447754
45.36292266845703	0.35535046458244324
40.58089828491211	-6.81813383102417
34.294734954833984	0.3290207087993622
39.99163818359375	1.2982313632965088
51.442684173583984	-13.699897766113281
47.64569091796875	-14.55545425415039
41.403236389160156	-14.741556167602539
50.80948257446289	-19.31998062133789
46.85664367675781	-17.85096549987793
55.24266052246094	-11.327619552612305
43.33594512939453	-14.40591812133789
44.97241973876953	4.694258213043213
