1
-14.112824440002441	-54.83567428588867
-1.2409424781799316	-50.1768913269043
-12.646355628967285	-52.025638580322266
3.3519413471221924	-45.16584396362305
2.3912386894226074	-47.92042922973633
0.4333181083202362	-52.16868591308594
6.1597723960876465	-44.17619705200195
-10.305193901062012	-54.373321533203125
-2.7163829803466797	-55.22252655029297
5.453940391540527	-45.790863037109375
-1.5274763107299805	-54.94509506225586
-12.377036094665527	-50.739383697509766
-11.049811363220215	-47.74448013305664
1.801633358001709	-48.761287689208984
0.5267324447631836	-44.47788619995117
4.463543891906738	-47.06032943725586
-13.06015682220459	-54.76459884643555
-0.2705862820148468	-46.15785598754883
5.748766899108887	-47.4769172668457
-10.014410972595215	-54.85207748413086
-14.529431343078613	-55.183162689208984
-10.720717430114746	-53.91053009033203
-2.3015007972717285	-50.559452056884766
-0.9199841022491455	-45.76515579223633
-4.327759265899658	-45.64412307739258
-12.429689407348633	-53.22126770019531
1.0913546085357666	-47.806365966796875
-11.470284461975098	-53.85426712036133
-3.9597835540771484	-46.611541748046875
-0.31159690022468567	-45.244388580322266
-13.201226234436035	-52.765281677246094
-9.457813262939453	-56.35708236694336
-14.275548934936523	-55.43586349487305
-13.642971992492676	-55.40151596069336
-7.2370686531066895	-46.98720932006836
-1.7033202648162842	-44.552459716796875
2.8931593894958496	-48.2374382019043
3.951197624206543	-45.31044387817383
-9.533539772033691	-47.533531188964844
-5.343167304992676	-54.15437316894531
-12.684845924377441	-55.554866790771484
-10.412867546081543	-55.82465362548828
-5.896587371826172	-55.59177017211914
-3.5634560585021973	-44.69582748413086
-8.612139701843262	-56.04045104980469
-14.04659366607666	-55.62374496459961
3.357754707336426	-48.68320083618164
1.238393783569336	-45.40369415283203
1.8279874324798584	-44.26432418823242
1.5426082611083984	-45.555076599121094
-10.517523765563965	-54.453495025634766
-14.365386009216309	-56.3089714050293
-0.9584693908691406	-52.37049102783203
4.069836139678955	-44.90315628051758
3.289034366607666	-45.4853630065918
-4.778728008270264	-56.380611419677734
-4.582386016845703	-57.117916107177734
-5.692033767700195	-54.797306060791016
1.6178350448608398	-46.6971549987793
-8.735945701599121	-55.04077911376953
3.214024543762207	-46.66139602661133
2.9038047790527344	-49.31291580200195
4.121108055114746	-48.42502212524414
2.5679430961608887	-50.8028678894043
2.9190330505371094	-46.9595947265625
1.9777889251708984	-47.693092346191406
-13.118488311767578	-55.17558670043945
4.554647445678711	-45.313880920410156
2.777256727218628	-50.41272735595703
-2.720911979675293	-56.04850387573242
0.40827271342277527	-46.81867599487305
5.6668500900268555	-46.53853988647461
1.0719242095947266	-48.490760803222656
-4.542364120483398	-46.977535247802734
-10.808307647705078	-56.25825500488281
-1.6723413467407227	-44.44862747192383
-8.301992416381836	-54.87952423095703
4.804564952850342	-45.676326751708984
-13.828509330749512	-53.75715255737305
-2.8682408332824707	-55.45960998535156
5.695134162902832	-46.635887145996094
0.34769365191459656	-45.21791458129883
-9.625022888183594	-54.5674934387207
4.194276809692383	-45.45066452026367
2.0804758071899414	-44.33849334716797
-2.493734836578369	-48.622413635253906
-1.808492660522461	-45.43305587768555
0.5638377666473389	-46.746612548828125
-8.966065406799316	-54.64741897583008
6.344996452331543	-45.853111267089844
-10.57967472076416	-53.7458610534668
-1.59452486038208	-53.58677291870117
0.23539063334465027	-52.24229049682617
-3.32895565032959	-56.76411819458008
-14.17992115020752	-55.48957824707031
-9.426983833312988	-53.2155647277832
-0.04270341992378235	-45.8762321472168
6.601658821105957	-45.737796783447266
3.358567953109741	-45.89496994018555
-14.063593864440918	-56.602874755859375
-6.024551868438721	-47.214595794677734
2.5249929428100586	-50.267765045166016
0.7335691452026367	-51.74100875854492
-2.0249199867248535	-51.80508804321289
4.817350387573242	-47.14448165893555
6.155457496643066	-46.73591995239258
-11.172476768493652	-47.02603530883789
4.1455864906311035	-47.03194808959961
-0.26343658566474915	-52.62127685546875
5.632201194763184	-45.986785888671875
-0.06664302945137024	-53.069454193115234
-10.998579025268555	-54.65193557739258
-12.808697700500488	-55.94588851928711
2.6536669731140137	-44.88429260253906
-6.26708459854126	-53.960166931152344
-0.038850098848342896	-52.93385314941406
-0.2804315388202667	-51.921119689941406
3.5935378074645996	-47.371826171875
4.659696578979492	-44.863956451416016
4.1703104972839355	-47.47228240966797
-1.6872813701629639	-42.83334732055664
-12.401385307312012	-56.12229537963867
-11.536093711853027	-54.57060241699219
5.079479694366455	-47.83926010131836
3.6790311336517334	-49.32033920288086
4.467781066894531	-47.33473587036133
0.591191291809082	-47.58525466918945
-4.319941520690918	-47.9590950012207
-13.740250587463379	-55.6338996887207
-11.46878719329834	-48.18051528930664
-1.1218407154083252	-52.286800384521484
0.10204479098320007	-52.42671585083008
-11.637709617614746	-52.88283920288086
5.794044017791748	-46.30487060546875
4.511104106903076	-46.9649772644043
4.235670566558838	-49.14680099487305
-3.8390417098999023	-56.4424934387207
2.555995225906372	-50.10182571411133
-4.891185760498047	-55.32594680786133
2.8133788108825684	-48.290225982666016
3.352320909500122	-46.38604736328125
5.240537643432617	-45.181182861328125
3.595459461212158	-47.5505256652832
-1.60252046585083	-54.44352722167969
6.2208991050720215	-45.91067886352539
-1.3480684757232666	-54.6939582824707
-4.769499778747559	-55.63098907470703
-11.488265037536621	-54.12326431274414
-4.036282062530518	-51.01447296142578
2.3578782081604004	-48.6444206237793
-7.208501815795898	-52.26696014404297
-13.559306144714355	-56.17611312866211
-11.549515724182129	-54.530113220214844
-12.354735374450684	-57.18239212036133
-0.6207864284515381	-46.290401458740234
2.212186813354492	-46.805538177490234
2.8794217109680176	-45.95794677734375
-13.662842750549316	-55.3552131652832
-10.01818561553955	-49.996498107910156
-13.08520221710205	-53.79948425292969
-13.274815559387207	-53.79471206665039
1.885561466217041	-50.373355865478516
-0.7344686985015869	-51.293678283691406
-10.379023551940918	-52.87936782836914
-9.877360343933105	-49.74460220336914
2.9323716163635254	-46.994075775146484
-12.398479461669922	-54.3690299987793
1.3906364440917969	-47.37858963012695
-3.099270820617676	-50.729373931884766
-2.4743824005126953	-49.30123519897461
-3.9138574600219727	-53.11280059814453
4.8345513343811035	-44.40694808959961
-11.10113525390625	-51.16343307495117
-1.134765863418579	-53.2356071472168
-9.569400787353516	-53.35783767700195
-3.835115909576416	-54.616085052490234
0.7479867935180664	-43.78749465942383
4.576868057250977	-46.733150482177734
-1.1561119556427002	-53.81159591674805
3.9738669395446777	-44.81682205200195
6.794327259063721	-45.712913513183594
-13.61307430267334	-55.257083892822266
5.660959243774414	-44.91248321533203
5.214393138885498	-45.5659065246582
-1.0472455024719238	-54.39234924316406
-3.655832290649414	-45.63251495361328
-10.806321144104004	-49.541595458984375
-11.593144416809082	-53.55607986450195
3.2982447147369385	-44.556827545166016
-10.324219703674316	-54.507381439208984
-8.57701587677002	-50.154293060302734
3.369133949279785	-45.652713775634766
-4.201181888580322	-44.85697555541992
2.6038217544555664	-47.41305160522461
-3.056293487548828	-43.190120697021484
-13.457643508911133	-55.187156677246094
2.0412349700927734	-50.365726470947266
4.368840217590332	-45.206722259521484
-12.082854270935059	-57.259239196777344
-2.7344775199890137	-45.30144119262695
-0.7981905937194824	-44.99357986450195
-2.383570671081543	-43.54551315307617
5.769231796264648	-46.97604751586914
0.8786625862121582	-51.319732666015625
3.866532802581787	-48.03017044067383
4.183837890625	-48.24455642700195
-11.968050956726074	-51.73291778564453
3.032482147216797	-46.88422393798828
2.7301101684570312	-46.06356430053711
-3.001987934112549	-48.516300201416016
6.654257774353027	-46.4138298034668
2.5723459720611572	-47.96540069580078
-1.2903649806976318	-50.041080474853516
4.149811744689941	-44.342227935791016
-2.925205707550049	-54.84341812133789
1.0346112251281738	-46.21146011352539
-3.689229965209961	-50.18217849731445
3.194547176361084	-50.50429153442383
-3.5796713829040527	-47.578250885009766
-7.125901699066162	-56.1884651184082
2.8028006553649902	-44.40750503540039
3.9059743881225586	-47.46218490600586
-14.229001998901367	-55.78229522705078
-0.8524148464202881	-49.303470611572266
1.8476426601409912	-45.57927322387695
-0.1336217224597931	-50.033790588378906
-10.965315818786621	-56.517940521240234
-2.1807260513305664	-48.07991409301758
3.584489107131958	-46.99037551879883
-1.9336614608764648	-54.224491119384766
1.4019207954406738	-42.783443450927734
-14.375508308410645	-56.05569839477539
-10.435914039611816	-52.145545959472656
2.1580734252929688	-46.277915954589844
-0.7223489284515381	-51.42008590698242
0.3053397834300995	-48.182559967041016
1.389439344406128	-47.59385299682617
5.759406089782715	-46.628170013427734
-2.6106019020080566	-46.29999542236328
4.467433929443359	-46.748046875
-13.945151329040527	-56.281982421875
-5.302920818328857	-49.58354568481445
-8.319573402404785	-55.04487991333008
-1.3295001983642578	-51.4233512878418
-11.133885383605957	-53.90298080444336
-2.2012555599212646	-44.77798080444336
4.185359954833984	-46.56787872314453
-13.386600494384766	-55.38143539428711
-8.012467384338379	-48.06070327758789
2.33833646774292	-50.34768295288086
-10.23304271697998	-52.28249740600586
4.918686866760254	-45.75020217895508
3.4419074058532715	-48.02900695800781
1.3032197952270508	-48.00156021118164
-0.7634339332580566	-53.88106918334961
-14.229948997497559	-54.745933532714844
4.196063995361328	-46.57332992553711
-4.262811183929443	-57.2773551940918
0.30707475543022156	-43.16843032836914
-10.382062911987305	-54.19667434692383
-8.213210105895996	-55.28831100463867
-2.82733154296875	-55.72977828979492
-11.050414085388184	-45.7669792175293
-10.665994644165039	-50.34123992919922
4.89034366607666	-46.337493896484375
2.0319340229034424	-47.724403381347656
2.4590587615966797	-46.922935485839844
1.0931687355041504	-52.23470687866211
-0.01930120587348938	-53.16809844970703
-4.73110294342041	-54.28143310546875
-3.957925319671631	-46.19346237182617
-13.077702522277832	-54.729331970214844
-2.0463881492614746	-42.19160461425781
-13.73460865020752	-54.712894439697266
-11.122297286987305	-56.13764190673828
-1.3811297416687012	-52.42998123168945
-5.901029586791992	-52.48405075073242
-6.47969388961792	-51.662845611572266
-3.982168197631836	-54.71181869506836
-10.712939262390137	-53.42670822143555
2.4370155334472656	-49.65774154663086
4.216879367828369	-47.058963775634766
-5.843902587890625	-51.79118347167969
-1.363847017288208	-43.675537109375
4.834166526794434	-46.61265563964844
1.2989492416381836	-44.78313064575195
4.256552219390869	-48.13982009887695
-11.947836875915527	-47.15459442138672
-1.011702060699463	-52.18132400512695
2.116525650024414	-45.471439361572266
-3.9047303199768066	-41.94874954223633
-13.045100212097168	-51.76065444946289
-2.6018028259277344	-50.869258880615234
-1.906724452972412	-54.00993728637695
-11.446606636047363	-54.35478973388672
-1.027834415435791	-50.157840728759766
-1.4675178527832031	-43.52156066894531
1.8386430740356445	-48.906497955322266
-4.0399088859558105	-52.22087478637695
4.344079971313477	-48.618656158447266
-4.1207051277160645	-57.02773666381836
-5.170066833496094	-49.768680572509766
-9.592936515808105	-52.22084426879883
2.8825020790100098	-50.21284103393555
-7.713411808013916	-54.83537673950195
3.5202908515930176	-47.657222747802734
-3.113267421722412	-53.53082275390625
6.079358100891113	-46.68891525268555
-4.444095134735107	-53.26036834716797
-10.662081718444824	-55.00006866455078
2.6025919914245605	-43.89704513549805
0.0003127753734588623	-50.6515007019043
6.92664909362793	-45.59776306152344
3.6478371620178223	-46.218509674072266
-3.3307037353515625	-48.69023513793945
-3.7067742347717285	-55.714412689208984
-11.315648078918457	-54.60537338256836
4.250808238983154	-48.32280731201172
-3.3655943870544434	-45.49411392211914
3.8609771728515625	-45.32392120361328
-10.722151756286621	-55.09458541870117
-10.422544479370117	-47.3569450378418
-1.8766686916351318	-47.34519577026367
-5.467109203338623	-50.525875091552734
3.501596689224243	-49.34225845336914
0.7441036701202393	-51.35548400878906
-2.707096576690674	-48.46567916870117
-9.638422966003418	-53.0974235534668
-7.742619037628174	-51.3223991394043
0.7828817367553711	-49.66297149658203
2.238762617111206	-49.99604415893555
-12.938605308532715	-55.5504150390625
5.66275691986084	-45.509552001953125
4.1404571533203125	-45.97052001953125
5.1995320320129395	-45.719825744628906
2.5242223739624023	-46.941497802734375
4.35283088684082	-48.944576263427734
2.5774669647216797	-44.2872200012207
-14.355307579040527	-55.475772857666016
-5.977813243865967	-55.562801361083984
-4.8046393394470215	-50.08482360839844
3.264328956604004	-44.29414749145508
-0.7210531234741211	-45.97654724121094
-6.448251247406006	-56.12381362915039
2.7899246215820312	-45.34038543701172
-8.767868995666504	-56.01761245727539
-12.478724479675293	-55.861419677734375
-1.9244129657745361	-42.69127655029297
-6.44603967666626	-54.47997283935547
-4.928367614746094	-57.6380729675293
0.13670846819877625	-45.556636810302734
0.8217308521270752	-45.29679870605469
-1.4419093132019043	-50.602176666259766
4.003786563873291	-47.51799392700195
-13.744112968444824	-54.87444305419922
-13.881701469421387	-54.84867477416992
-1.2407512664794922	-53.875038146972656
-8.499269485473633	-54.075340270996094
-9.84631061553955	-54.81769943237305
5.795164108276367	-46.077674865722656
3.0726335048675537	-49.799442291259766
-2.0647854804992676	-48.70658493041992
-10.389055252075195	-55.982505798339844
6.7584333419799805	-45.98751449584961
-2.5714268684387207	-55.76645278930664
-0.27259448170661926	-53.996883392333984
-12.524834632873535	-54.68198013305664
-13.379423141479492	-52.57577133178711
4.883430480957031	-45.71761703491211
-0.49227598309516907	-45.994388580322266
-8.753582954406738	-49.5748176574707
5.398952484130859	-46.531375885009766
-4.394492149353027	-54.93031311035156
-3.636777877807617	-42.7381706237793
-2.951352596282959	-54.37311935424805
6.492326259613037	-45.66181182861328
-1.7925362586975098	-49.40678787231445
-13.58078670501709	-54.57888412475586
0.8227124214172363	-43.288394927978516
-12.0693941116333	-55.715980529785156
1.8245749473571777	-46.098148345947266
4.999027252197266	-47.09728240966797
-2.9622044563293457	-53.2404670715332
-9.356167793273926	-54.35441589355469
0.15916845202445984	-46.276363372802734
-5.0988359451293945	-49.977073669433594
4.040578365325928	-46.08042907714844
-14.306563377380371	-55.04314041137695
4.102663040161133	-46.04957962036133
5.396015167236328	-45.92892837524414
-3.3992557525634766	-56.46165084838867
-11.820794105529785	-52.3547477722168
-0.3911421597003937	-51.153568267822266
-7.4572882652282715	-45.802913665771484
-9.179149627685547	-46.851444244384766
-5.578149795532227	-52.32843017578125
1.5701265335083008	-50.61270523071289
-8.769389152526855	-45.1599006652832
3.296347141265869	-49.44404602050781
-6.583844184875488	-55.746742248535156
2.347194194793701	-46.764705657958984
-1.4854636192321777	-45.19929885864258
-14.354560852050781	-55.45511245727539
-4.688071250915527	-48.62417221069336
-7.26671838760376	-50.68510437011719
-13.695428848266602	-54.5990104675293
-13.400605201721191	-54.95176696777344
-10.760231018066406	-47.02532958984375
5.865161895751953	-45.63242721557617
-4.294412136077881	-51.642120361328125
-7.346314430236816	-54.44503402709961
-5.642376899719238	-54.505313873291016
-2.7236547470092773	-54.652217864990234
3.9903526306152344	-46.481014251708984
3.7652482986450195	-45.657249450683594
-0.1740579903125763	-45.71730422973633
-10.763059616088867	-51.926029205322266
-11.90185832977295	-55.12371063232422
-5.57234525680542	-51.45911407470703
-2.2343759536743164	-43.089027404785156
-14.417309761047363	-55.49689865112305
-13.629551887512207	-55.73264694213867
-5.940601348876953	-55.04720687866211
-0.9195454120635986	-54.41068649291992
2.0949149131774902	-48.64765167236328
-5.654672622680664	-50.62799835205078
-0.6593184471130371	-52.49094772338867
-13.613197326660156	-54.051727294921875
-0.47863414883613586	-43.45903396606445
-8.076332092285156	-46.77908706665039
-6.359769821166992	-55.1140022277832
-8.401223182678223	-47.55857467651367
-10.229275703430176	-51.42095947265625
6.133636474609375	-46.02528381347656
-10.782658576965332	-48.45866012573242
-4.686033725738525	-57.40861892700195
-10.906224250793457	-56.665321350097656
5.162013530731201	-47.24271011352539
-3.3798437118530273	-51.01837158203125
1.9234306812286377	-48.22695541381836
0.1295602023601532	-49.02070999145508
-13.819181442260742	-55.250099182128906
-12.006958961486816	-54.02914810180664
-10.199590682983398	-52.86384201049805
5.0029191970825195	-47.71078872680664
-6.198123455047607	-43.87619400024414
-0.6625971794128418	-47.343509674072266
-4.0954976081848145	-50.886390686035156
6.625974655151367	-46.96144485473633
-12.234156608581543	-55.749813079833984
-14.55543327331543	-56.126583099365234
4.52480411529541	-48.27598190307617
6.152209758758545	-46.78171157836914
5.226959228515625	-45.77528381347656
-8.068171501159668	-43.80961227416992
-7.9494242668151855	-50.18923568725586
6.113532066345215	-46.10428237915039
-3.8324079513549805	-53.06154251098633
-7.288454532623291	-47.00468063354492
-1.4390089511871338	-53.142398834228516
-9.117712020874023	-48.306434631347656
-13.653120994567871	-55.98231887817383
0.18828245997428894	-43.64350128173828
-4.354030132293701	-52.158145904541016
-9.090601921081543	-53.748756408691406
7.5201640129089355	-44.97295379638672
4.607593536376953	-45.22507858276367
3.0346693992614746	-47.44374465942383
-14.431280136108398	-55.4076042175293
3.55544376373291	-45.779205322265625
-11.737519264221191	-51.17988967895508
-13.611998558044434	-56.34798812866211
1.6787965297698975	-47.1629524230957
5.736177444458008	-47.31307601928711
-5.054891586303711	-55.20199966430664
-11.741232872009277	-55.85520553588867
-6.110055446624756	-46.61247634887695
-10.450579643249512	-56.90160369873047
4.254863739013672	-47.79359817504883
-12.783223152160645	-50.74977493286133
-8.233922958374023	-54.58033752441406
-9.933004379272461	-54.040504455566406
-3.513761520385742	-56.99491500854492
-0.3282773792743683	-48.22089385986328
-0.9758963584899902	-45.24625015258789
-6.167423248291016	-51.34750747680664
-12.61023998260498	-56.09880447387695
-5.936155319213867	-52.682289123535156
-4.973023891448975	-53.2242546081543
0.6699166297912598	-45.50699996948242
0.9304578304290771	-49.059661865234375
-4.81693696975708	-56.49519348144531
3.7766127586364746	-47.2664680480957
-13.902643203735352	-54.251583099365234
6.112159729003906	-46.02731704711914
2.7255935668945312	-49.92192840576172
-6.220845699310303	-55.48418426513672
-8.418305397033691	-54.985374450683594
-0.43427661061286926	-50.89113998413086
-12.128434181213379	-53.21391677856445
-2.892652988433838	-48.66398239135742
-4.762567520141602	-55.73824691772461
-1.3515477180480957	-54.28125762939453
6.237729549407959	-46.90814971923828
-6.085043907165527	-51.73412322998047
-2.372260093688965	-49.38508224487305
-0.623124361038208	-52.41688537597656
2.344350814819336	-45.27733612060547
4.363945007324219	-46.94399642944336
-10.161957740783691	-54.26057815551758
-9.994452476501465	-57.70193099975586
-9.202248573303223	-49.79058074951172
6.233614444732666	-47.79849624633789
1.562088966369629	-44.87322235107422
2.505063772201538	-45.825599670410156
-11.734503746032715	-52.29140090942383
0.8584127426147461	-46.50179672241211
-13.751534461975098	-55.75782775878906
-9.9219388961792	-55.54582214355469
-0.9058084487915039	-48.253482818603516
-2.5973129272460938	-55.707191467285156
2.8466644287109375	-48.61838150024414
4.719362735748291	-47.1058235168457
-12.17327880859375	-55.231449127197266
2.2412679195404053	-47.454437255859375
-6.905746936798096	-53.036582946777344
-9.507071495056152	-45.2137565612793
-1.8295769691467285	-49.20661926269531
-5.73915958404541	-46.07952880859375
1.6754918098449707	-47.67099380493164
-14.926098823547363	-56.109928131103516
-8.18762493133545	-50.04781723022461
-8.470067977905273	-46.85744857788086
-9.650607109069824	-51.22697448730469
-13.944361686706543	-54.36891555786133
-7.71321964263916	-52.20830535888672
0.5158102512359619	-46.80461883544922
-8.207600593566895	-54.56429672241211
-0.45022323727607727	-44.487972259521484
-9.631158828735352	-42.905826568603516
0.858586311340332	-44.284889221191406
-6.350841999053955	-55.87740707397461
-6.6127095222473145	-54.614715576171875
4.33405876159668	-45.516048431396484
-6.762563228607178	-58.36460494995117
-4.798120975494385	-45.46144485473633
-11.751385688781738	-48.391902923583984
-4.309317111968994	-53.06455993652344
-14.316695213317871	-55.810306549072266
4.529492378234863	-46.97460174560547
-13.63005542755127	-53.677330017089844
-11.494202613830566	-51.761714935302734
-10.988090515136719	-54.891536712646484
-7.676537036895752	-48.056663513183594
4.277276992797852	-45.16799545288086
5.690683364868164	-44.188602447509766
4.4390082359313965	-45.57004928588867
0.8965277671813965	-47.3753776550293
-2.6849312782287598	-48.450138092041016
3.500558853149414	-46.424842834472656
-13.78759479522705	-55.011688232421875
4.617522239685059	-44.72352600097656
2.472712993621826	-45.90243148803711
-12.835200309753418	-54.86189651489258
-8.807838439941406	-54.25165557861328
-5.994438171386719	-50.6603889465332
6.363751411437988	-45.56954574584961
-11.52846622467041	-52.32075881958008
-8.251211166381836	-45.1828727722168
5.635645389556885	-45.68941116333008
5.667983055114746	-46.904762268066406
0.6640257835388184	-47.174747467041016
4.327819347381592	-45.7806510925293
-5.697116851806641	-55.74489974975586
3.4343087673187256	-46.60012435913086
-9.491196632385254	-52.585689544677734
-2.132711410522461	-49.30752944946289
3.9935555458068848	-47.19816207885742
2.1225764751434326	-46.02486038208008
5.664892673492432	-46.25830078125
0.6519432067871094	-48.30758285522461
-12.240083694458008	-54.246578216552734
-13.434704780578613	-53.538047790527344
4.293457984924316	-46.010406494140625
2.141469955444336	-47.246402740478516
2.8382792472839355	-46.121681213378906
-13.29037857055664	-53.676353454589844
-13.558524131774902	-54.17374801635742
-0.26465585827827454	-50.67777633666992
3.9928202629089355	-47.60247039794922
-4.752781391143799	-54.97883224487305
0.892298698425293	-47.653167724609375
-10.305262565612793	-54.99288558959961
3.9824962615966797	-44.67945861816406
-8.249429702758789	-54.51816177368164
-14.376952171325684	-54.925601959228516
-12.394110679626465	-56.26504135131836
5.011523246765137	-47.18681335449219
0.11090657114982605	-43.207313537597656
4.6773457527160645	-48.59343719482422
3.068537950515747	-45.91386032104492
-0.5653665065765381	-45.31266403198242
-12.73165225982666	-54.430057525634766
-9.71632194519043	-47.75715637207031
-2.6523427963256836	-56.029659271240234
-11.783462524414062	-55.94318389892578
-3.8545522689819336	-46.307655334472656
2.388246536254883	-42.52717971801758
-7.88055419921875	-51.93403244018555
-0.382752925157547	-53.352603912353516
3.601682186126709	-46.283260345458984
6.245959281921387	-45.696815490722656
5.775569438934326	-44.701416015625
3.9509849548339844	-47.4993782043457
0.9908957481384277	-42.61375427246094
5.395523548126221	-44.975337982177734
-12.172579765319824	-51.211544036865234
-10.417386054992676	-54.42203903198242
5.410350799560547	-46.60906219482422
-3.4529919624328613	-44.073577880859375
-10.648332595825195	-52.71438980102539
-7.072242259979248	-53.83580780029297
2.6982386112213135	-49.43888854980469
-1.286879539489746	-52.667449951171875
-14.42198657989502	-56.165279388427734
-7.39587926864624	-47.89208984375
-5.708198547363281	-54.33378219604492
0.31897518038749695	-50.557621002197266
2.4227118492126465	-46.195804595947266
5.327365398406982	-46.814300537109375
3.9007129669189453	-45.30414581298828
1.4689459800720215	-51.51567459106445
-1.9302845001220703	-44.677085876464844
1.3369781970977783	-43.82351303100586
-0.8444404602050781	-43.15401077270508
-7.200988292694092	-56.356449127197266
-7.994534015655518	-56.09097671508789
-14.032315254211426	-55.258724212646484
-9.012711524963379	-56.8484001159668
3.3326427936553955	-45.973838806152344
0.515416145324707	-44.69227981567383
-1.192265510559082	-54.97324752807617
4.67913818359375	-45.42119598388672
-3.4269940853118896	-43.828582763671875
-1.2644100189208984	-48.36288070678711
-1.1954493522644043	-54.27397155761719
2.020963191986084	-46.525936126708984
0.23981687426567078	-49.222110748291016
-11.085411071777344	-48.69607925415039
-11.832259178161621	-55.09195327758789
1.2184548377990723	-44.55715560913086
3.7830886840820312	-45.419742584228516
4.639495372772217	-45.401206970214844
-14.014846801757812	-55.89609909057617
-11.570773124694824	-53.649173736572266
-8.649568557739258	-52.20381546020508
1.793818473815918	-51.66842269897461
-1.4171252250671387	-53.357852935791016
-9.81189250946045	-55.1788215637207
-9.093231201171875	-44.90731430053711
4.587258338928223	-46.76534652709961
0.9617433547973633	-52.36207962036133
-14.269034385681152	-54.495872497558594
1.4152436256408691	-45.436279296875
-10.333172798156738	-51.62104797363281
-13.66805362701416	-53.240638732910156
5.217894554138184	-44.98610305786133
-12.265069007873535	-51.1357307434082
-1.7261171340942383	-50.492286682128906
-13.352749824523926	-55.279579162597656
6.941580772399902	-45.86570358276367
5.029239654541016	-46.923614501953125
-6.718796730041504	-54.76743698120117
5.821083068847656	-48.06998825073242
-4.634087562561035	-56.695621490478516
-9.385927200317383	-54.98350524902344
-3.071059226989746	-53.25178146362305
-9.153932571411133	-55.543418884277344
-3.7230491638183594	-45.54281234741211
-1.363924264907837	-54.33999252319336
2.241267681121826	-47.281002044677734
5.685252666473389	-46.32360076904297
-10.991681098937988	-55.06399154663086
0.32247230410575867	-45.147613525390625
-10.539872169494629	-53.965572357177734
4.848501205444336	-47.44782638549805
0.8359522819519043	-47.46773910522461
-12.577691078186035	-51.58134078979492
0.6123366355895996	-52.28873825073242
3.9424643516540527	-46.47156524658203
-10.743515968322754	-53.3648567199707
3.6833434104919434	-45.228370666503906
-12.627629280090332	-53.582820892333984
-7.5233941078186035	-54.22703170776367
-2.3452229499816895	-54.91480255126953
3.8136215209960938	-46.94342803955078
-2.7830424308776855	-56.05166244506836
-3.252615213394165	-42.000267028808594
1.2729072570800781	-50.44522476196289
-14.122210502624512	-55.14130783081055
-9.844461441040039	-48.57059860229492
-8.408350944519043	-44.489192962646484
4.257754802703857	-45.30927276611328
-13.078974723815918	-55.38029861450195
4.835455894470215	-44.78146743774414
-6.670176982879639	-51.70706558227539
-6.106703281402588	-55.07326889038086
4.61195182800293	-46.70772171020508
5.977570056915283	-46.77927780151367
3.5278120040893555	-43.90992736816406
-8.94896411895752	-51.98836135864258
1.780801773071289	-49.09920120239258
-6.405486106872559	-53.38737106323242
-2.3233447074890137	-53.919036865234375
3.1563162803649902	-48.504310607910156
1.2859077453613281	-43.84762191772461
-4.601089954376221	-42.30219650268555
4.293081760406494	-46.70186996459961
1.522172212600708	-44.6183967590332
-10.41390323638916	-56.29167175292969
7.150665283203125	-46.42315673828125
-5.739797115325928	-56.153419494628906
-9.873626708984375	-45.261165618896484
-3.0005369186401367	-56.043636322021484
-0.8597712516784668	-47.20878982543945
1.9811067581176758	-46.294960021972656
-2.7737767696380615	-45.19590759277344
-11.580937385559082	-56.13456344604492
-1.061725378036499	-54.03128433227539
2.0591611862182617	-49.706058502197266
3.185354709625244	-45.35574722290039
-8.262426376342773	-50.26247024536133
-3.269461154937744	-46.575984954833984
3.6544101238250732	-47.70539855957031
3.6326611042022705	-46.973140716552734
-9.067831993103027	-56.27444076538086
0.9333226680755615	-48.3928337097168
-10.425909996032715	-55.11644744873047
-1.0635535717010498	-54.75839614868164
-9.621875762939453	-53.594852447509766
-9.90529727935791	-51.6692008972168
-6.63616943359375	-52.93472671508789
0.4048864543437958	-43.784584045410156
-1.175302505493164	-44.756919860839844
-14.652865409851074	-55.4336051940918
3.7074460983276367	-46.24706268310547
-13.168347358703613	-53.58522033691406
-1.2429277896881104	-49.09077835083008
-0.7812314033508301	-43.178245544433594
-1.9194316864013672	-53.44997787475586
-12.419190406799316	-52.644039154052734
-7.251319408416748	-51.502037048339844
-4.088168621063232	-46.84368133544922
5.527394771575928	-44.48691940307617
-8.513636589050293	-47.800045013427734
-2.660545825958252	-53.35575485229492
1.8624022006988525	-48.60520935058594
1.7223055362701416	-44.11771011352539
-10.803558349609375	-56.302513122558594
-7.820705890655518	-53.699005126953125
-3.406050682067871	-52.80705642700195
-1.4006218910217285	-50.82219696044922
-1.9058279991149902	-52.176414489746094
-3.7003941535949707	-50.13335037231445
2.9111595153808594	-46.488059997558594
-12.732556343078613	-52.14625549316406
-0.13492873311042786	-53.1671028137207
5.34413480758667	-45.7258186340332
1.5674114227294922	-49.86259460449219
1.1771783828735352	-47.6405143737793
4.042994022369385	-48.42746353149414
-11.951312065124512	-53.59490966796875
-3.898207664489746	-44.57530212402344
2.5544486045837402	-44.2880859375
-8.518048286437988	-56.61770248413086
-13.818459510803223	-54.82902908325195
-12.876683235168457	-54.06875228881836
1.6256980895996094	-46.499568939208984
-5.235363483428955	-44.55091857910156
2.1664676666259766	-46.45090866088867
1.4650800228118896	-49.06467819213867
4.760375022888184	-45.5682487487793
0.7016355991363525	-44.21815872192383
-9.349248886108398	-50.91929626464844
-6.033154010772705	-48.56203842163086
4.598158836364746	-45.57722473144531
-5.383265972137451	-48.51912307739258
3.9458351135253906	-47.352447509765625
4.188925743103027	-45.133487701416016
-9.375221252441406	-54.961299896240234
4.598433971405029	-44.802215576171875
4.446990013122559	-48.07936477661133
4.610564231872559	-46.27711486816406
-5.207519054412842	-49.99881362915039
4.51169490814209	-44.996150970458984
-13.961248397827148	-55.89584732055664
-9.091824531555176	-55.67066955566406
-3.610968589782715	-56.833438873291016
6.8205108642578125	-47.35721969604492
-11.188851356506348	-54.38787841796875
-8.789220809936523	-54.89356994628906
3.0734035968780518	-46.338314056396484
-2.6751956939697266	-50.42087936401367
-3.4929051399230957	-46.35441970825195
-10.944214820861816	-56.77485275268555
-13.984676361083984	-54.72683334350586
-8.230196952819824	-48.200042724609375
-11.377432823181152	-50.558353424072266
-13.06142520904541	-51.33552932739258
-4.822901248931885	-52.79043197631836
-5.277311325073242	-44.940547943115234
-9.966107368469238	-55.49326705932617
-4.2729811668396	-51.04773712158203
4.566583633422852	-45.39321517944336
-6.6951422691345215	-53.283329010009766
-3.2318115234375	-52.80063247680664
-0.09429743885993958	-42.784427642822266
-11.233084678649902	-49.83554458618164
-9.947463989257812	-50.081600189208984
2.104802131652832	-45.45769119262695
4.302032947540283	-46.26953125
0.6702823638916016	-53.05205154418945
4.982246398925781	-47.044212341308594
-12.394944190979004	-51.887638092041016
1.8912477493286133	-48.34282684326172
3.527991533279419	-48.850833892822266
-14.057784080505371	-54.86306381225586
5.730116844177246	-45.20089340209961
-1.3175699710845947	-53.32768630981445
-1.7378172874450684	-47.0511360168457
-11.225510597229004	-56.7752685546875
5.411041259765625	-46.843807220458984
2.452363967895508	-47.85070037841797
-7.623480796813965	-51.0760612487793
2.083592176437378	-51.6662483215332
-1.8385009765625	-45.92148208618164
-4.749873161315918	-47.30183792114258
-4.67708683013916	-43.91098403930664
-8.092899322509766	-52.30850601196289
-7.786153316497803	-55.527244567871094
0.10215446352958679	-45.50305938720703
-8.072954177856445	-50.77385330200195
3.9286584854125977	-46.82087326049805
-2.560863971710205	-55.75648880004883
-5.540273189544678	-49.975894927978516
1.8154933452606201	-44.530494689941406
0.55458664894104	-46.22453308105469
5.346522808074951	-44.95793533325195
-3.574798107147217	-55.272647857666016
-4.3338847160339355	-54.23060989379883
3.2172417640686035	-42.968299865722656
5.500692367553711	-46.981178283691406
0.6660265922546387	-49.46648406982422
-13.368556022644043	-54.72478103637695
-11.852263450622559	-53.498592376708984
-11.367526054382324	-52.505062103271484
-5.790253162384033	-56.081703186035156
-3.918419361114502	-45.29662322998047
-2.3907694816589355	-45.175384521484375
-3.857100486755371	-57.13258743286133
-12.271695137023926	-54.92105484008789
6.167534828186035	-46.5947380065918
-11.040692329406738	-54.18491744995117
-13.73497200012207	-54.79375076293945
-10.109953880310059	-55.40579605102539
-10.71303653717041	-55.48906326293945
4.876224040985107	-48.48454666137695
-11.939703941345215	-47.61845397949219
-12.79413890838623	-53.94770431518555
0.2881915271282196	-51.52392578125
-4.539245128631592	-46.63892364501953
6.500741481781006	-46.2376708984375
-14.027266502380371	-55.776641845703125
-3.1624937057495117	-53.22355651855469
2.843132495880127	-46.21949768066406
-12.73043155670166	-55.2288703918457
-12.68241024017334	-55.41753005981445
-14.868109703063965	-56.08723068237305
4.4354071617126465	-43.74675369262695
3.531984329223633	-48.7252311706543
-9.72978687286377	-56.7380485534668
-2.140265464782715	-48.77677917480469
-6.523133754730225	-53.03330993652344
1.9963958263397217	-47.91975784301758
-13.623997688293457	-55.50443649291992
4.256222724914551	-45.18259811401367
-11.537070274353027	-56.222347259521484
2.4871726036071777	-46.431114196777344
-3.0305933952331543	-55.34897232055664
0.2541825473308563	-49.670719146728516
5.772836685180664	-45.61431884765625
-3.95573091506958	-44.95305633544922
-1.6645779609680176	-52.08242416381836
-9.422869682312012	-53.20659255981445
-5.903248310089111	-53.158538818359375
-12.948870658874512	-56.391231536865234
-5.9472808837890625	-43.983802795410156
-0.4934277832508087	-47.3159065246582
-1.2901523113250732	-53.45571517944336
3.906078815460205	-47.13689422607422
6.343875408172607	-46.07425308227539
-6.425508499145508	-52.94859313964844
-14.207358360290527	-54.884464263916016
0.49432989954948425	-52.202781677246094
-1.4083342552185059	-52.658599853515625
4.254865646362305	-45.9732551574707
-3.1686620712280273	-54.686283111572266
0.9517745971679688	-49.000186920166016
1.7614994049072266	-51.69255065917969
6.7962188720703125	-45.312740325927734
-4.467467308044434	-55.16983413696289
6.853543281555176	-45.70094299316406
-5.811544895172119	-56.06076431274414
-5.2644829750061035	-53.466732025146484
-10.156070709228516	-45.835689544677734
-8.77894401550293	-49.839290618896484
-9.395626068115234	-50.05735397338867
-10.652355194091797	-53.916324615478516
0.06270357966423035	-49.702232360839844
-9.674156188964844	-55.20602035522461
-6.979770660400391	-49.881526947021484
3.9909963607788086	-46.340091705322266
1.7339379787445068	-48.67378616333008
2.4045939445495605	-43.49674606323242
-13.711395263671875	-55.87084197998047
3.2161242961883545	-48.265724182128906
0.2748553454875946	-46.99237823486328
-0.3371639549732208	-46.67445373535156
-4.4510345458984375	-57.572723388671875
5.076849460601807	-45.97464370727539
3.8436741828918457	-45.49599838256836
-4.538551330566406	-55.99807357788086
-6.612515926361084	-54.109554290771484
-12.4540433883667	-54.180686950683594
-1.3105058670043945	-52.18160629272461
1.0031676292419434	-47.306697845458984
3.936343193054199	-43.41472244262695
-7.559391975402832	-55.708370208740234
4.456789970397949	-45.02371597290039
4.859724044799805	-45.79792022705078
6.76568078994751	-45.284854888916016
4.759052276611328	-46.24993133544922
-2.091341733932495	-49.89461898803711
-6.820409297943115	-57.81377410888672
-5.453680038452148	-50.3164176940918
-0.05140140652656555	-50.61818313598633
-5.026346683502197	-56.32615661621094
-6.686875343322754	-51.85318374633789
-7.24099063873291	-53.74357223510742
5.502151012420654	-44.70042419433594
-6.890742778778076	-57.425804138183594
5.205979347229004	-47.94301223754883
3.8144025802612305	-49.269325256347656
3.530332088470459	-46.929019927978516
-5.573691368103027	-55.13624954223633
4.945605278015137	-45.434349060058594
2.4409966468811035	-44.17619705200195
-4.552220344543457	-56.10260772705078
-6.668900012969971	-48.02375030517578
-10.696494102478027	-55.63577651977539
-10.407010078430176	-52.52254867553711
1.2833561897277832	-46.60355758666992
-6.011138916015625	-55.5359992980957
0.8237814903259277	-47.78995895385742
5.234256267547607	-45.82416534423828
-9.047589302062988	-47.35944747924805
4.247749328613281	-46.3859748840332
-12.718767166137695	-55.235843658447266
5.431063175201416	-45.73153305053711
-10.836496353149414	-52.841487884521484
-3.3114309310913086	-56.7414436340332
-12.16528606414795	-53.48545837402344
-2.686922073364258	-56.73765563964844
-13.424410820007324	-53.543521881103516
-13.921372413635254	-54.84567642211914
4.239310264587402	-46.688323974609375
4.485703468322754	-46.35737228393555
-13.580466270446777	-55.37748718261719
-9.820841789245605	-46.61650848388672
-10.124415397644043	-56.864200592041016
-4.314865589141846	-46.33890151977539
-4.800411224365234	-53.01396942138672
2.803983211517334	-44.36919403076172
-9.570475578308105	-49.29558563232422
2.978365421295166	-43.98616409301758
3.8151912689208984	-48.90953826904297
-6.431269645690918	-45.64368438720703
0.9027738571166992	-51.78974151611328
0.8677587509155273	-46.38896942138672
-2.514893054962158	-51.044273376464844
-7.391297340393066	-53.84556579589844
5.132747173309326	-45.36817932128906
-0.6819024085998535	-50.8796272277832
0.21047231554985046	-45.724056243896484
-0.8772494792938232	-49.304134368896484
4.440423011779785	-47.24754333496094
2.0117552280426025	-45.2866325378418
-11.98560905456543	-54.71224594116211
-10.522614479064941	-54.763545989990234
1.0947141647338867	-45.862159729003906
2.478123664855957	-49.08041763305664
4.118612766265869	-47.40995407104492
-15.055976867675781	-56.68272399902344
1.4928483963012695	-49.47245788574219
-12.197722434997559	-52.1458740234375
-1.5565886497497559	-45.55930709838867
-2.7059826850891113	-57.711421966552734
-3.829538345336914	-44.24386978149414
-9.14693546295166	-53.675350189208984
-3.1958231925964355	-56.132362365722656
3.882967948913574	-45.823246002197266
4.839569091796875	-44.703346252441406
-14.598409652709961	-55.07952880859375
-13.117392539978027	-54.74869918823242
4.917875289916992	-47.0272331237793
-3.8230175971984863	-56.85783767700195
-11.319466590881348	-46.82647705078125
-8.017154693603516	-45.090518951416016
2.6605024337768555	-44.46951675415039
-11.742156028747559	-50.99326705932617
-1.5430312156677246	-53.679325103759766
4.9117536544799805	-47.303035736083984
-11.857441902160645	-54.33842468261719
-12.921982765197754	-55.025203704833984
-1.5288047790527344	-55.37545394897461
-12.42478084564209	-56.55233383178711
3.1596693992614746	-45.75163269042969
-3.034097194671631	-55.36284255981445
-1.2166454792022705	-43.98862838745117
-13.36441707611084	-53.996334075927734
-11.889342308044434	-56.363826751708984
-0.5192897319793701	-53.14531326293945
3.574284076690674	-45.8190803527832
2.0592687129974365	-51.50893020629883
5.58509635925293	-45.68272399902344
-14.699761390686035	-56.020301818847656
-8.645624160766602	-48.095149993896484
3.814513683319092	-47.602413177490234
-13.744462013244629	-53.93185043334961
-3.9866843223571777	-56.20861053466797
3.0009775161743164	-46.46160125732422
-3.2906546592712402	-54.596168518066406
-10.834063529968262	-55.84615707397461
4.6505842208862305	-45.02296829223633
5.470871448516846	-46.42704391479492
-9.318680763244629	-48.29270553588867
2.749650716781616	-50.15321350097656
-4.775448322296143	-45.162322998046875
6.6864013671875	-45.77404022216797
-1.000655174255371	-45.11338806152344
3.1548519134521484	-46.370052337646484
2.716322898864746	-50.13589859008789
-0.4647064507007599	-48.01791000366211
3.6536149978637695	-45.159297943115234
3.423398494720459	-47.62808609008789
-14.022974967956543	-54.63637924194336
5.257297992706299	-47.002159118652344
2.479583740234375	-46.436798095703125
-12.14594554901123	-56.00754165649414
-7.877199649810791	-48.245880126953125
4.466451168060303	-46.17421340942383
-8.086907386779785	-54.586143493652344
-12.446091651916504	-51.99356460571289
0.35060593485832214	-43.52415466308594
-11.649197578430176	-50.94404602050781
-7.662150859832764	-45.513397216796875
3.7451701164245605	-49.985721588134766
-7.338477611541748	-55.766693115234375
1.1213078498840332	-42.891082763671875
-2.903075695037842	-48.18417739868164
-1.3531336784362793	-53.579063415527344
-4.371126651763916	-56.14336395263672
0.9769368171691895	-49.93275833129883
-7.459272384643555	-50.27681350708008
1.878272294998169	-49.617923736572266
3.726940631866455	-48.89003372192383
-7.973480224609375	-57.28738784790039
-11.812908172607422	-50.5765495300293
-13.077958106994629	-54.173133850097656
-8.580758094787598	-50.50126266479492
-8.116586685180664	-55.2044792175293
-13.679132461547852	-55.342384338378906
-8.488932609558105	-50.978206634521484
-12.571255683898926	-53.2246208190918
2.525888681411743	-46.65367889404297
1.3673129081726074	-46.19010543823242
-10.097694396972656	-53.826995849609375
0.5779674053192139	-45.88871383666992
-0.05593255162239075	-45.889892578125
3.5004305839538574	-44.13637924194336
-1.345339059829712	-54.61630630493164
-12.086419105529785	-56.450016021728516
1.0266633033752441	-51.6646614074707
3.9359827041625977	-45.69215393066406
-6.359999656677246	-57.38155746459961
3.5536868572235107	-45.838619232177734
-12.251245498657227	-55.886234283447266
-6.539070129394531	-48.9255485534668
4.6124677658081055	-45.918819427490234
5.136828422546387	-47.236446380615234
-12.730814933776855	-52.7147331237793
-2.9911866188049316	-48.44669723510742
-1.250291347503662	-44.570587158203125
5.141392707824707	-44.54359817504883
1.3681082725524902	-48.91147232055664
0.030225008726119995	-45.29848098754883
-10.511664390563965	-54.484466552734375
-5.875278949737549	-56.6832160949707
3.031493663787842	-47.05919647216797
-11.815197944641113	-52.78409194946289
-10.980982780456543	-53.97645950317383
0.42432305216789246	-46.135921478271484
6.29788875579834	-45.080299377441406
-11.154732704162598	-53.878936767578125
-5.693390369415283	-56.8331184387207
4.640603542327881	-47.533573150634766
-4.383874416351318	-47.90764236450195
-3.9607410430908203	-56.81736373901367
5.114892959594727	-46.8339729309082
6.415658950805664	-46.09138107299805
-4.564247131347656	-52.62797164916992
-11.229710578918457	-50.38481521606445
-0.19801095128059387	-46.7828254699707
2.4284849166870117	-47.33335494995117
-5.441864967346191	-52.95951461791992
-2.956737518310547	-54.06804275512695
4.468321800231934	-45.87173843383789
2.836601495742798	-45.168819427490234
-0.7243680953979492	-54.37910079956055
2.607189655303955	-49.885467529296875
-3.1003270149230957	-43.27163314819336
-7.16327428817749	-55.38662338256836
-4.7154974937438965	-55.820892333984375
-7.206860542297363	-49.0019645690918
1.6826109886169434	-44.907875061035156
3.7806167602539062	-44.93930435180664
-11.062922477722168	-55.2490119934082
1.8084015846252441	-49.84694290161133
-4.189755916595459	-46.8034553527832
-8.560933113098145	-47.04499816894531
-11.159260749816895	-54.295230865478516
-7.3245954513549805	-47.20798110961914
1.934516429901123	-48.792728424072266
-1.5119400024414062	-54.12043380737305
-11.749985694885254	-46.733333587646484
2.8663408756256104	-47.37546157836914
3.2578625679016113	-46.467891693115234
-8.56086254119873	-54.61770248413086
-8.79699420928955	-54.4857177734375
-0.5601809024810791	-47.91255569458008
-6.595422744750977	-52.25379943847656
6.853354454040527	-46.09720230102539
1.7570934295654297	-50.34468078613281
4.184230804443359	-48.22318649291992
-3.07539701461792	-55.357975006103516
-9.971156120300293	-52.890724182128906
-4.974206924438477	-56.80264663696289
-9.957128524780273	-44.91032028198242
-11.98456859588623	-55.354488372802734
5.097119331359863	-47.85896682739258
0.6382224559783936	-46.151268005371094
-10.876959800720215	-51.96174621582031
-4.527394771575928	-45.75425338745117
4.734565734863281	-48.5736083984375
3.5118846893310547	-44.124691009521484
-4.994998455047607	-49.21458053588867
-11.853236198425293	-54.96915817260742
-14.102904319763184	-56.09645462036133
-4.128513813018799	-47.61969757080078
-13.956096649169922	-54.974483489990234
-0.9136512279510498	-43.4802131652832
-9.532109260559082	-49.92518997192383
-7.0587544441223145	-55.784061431884766
3.740182876586914	-47.96196365356445
-0.158371239900589	-46.030399322509766
-4.566323280334473	-46.21819305419922
-3.4400405883789062	-48.15679931640625
-9.173247337341309	-55.35750961303711
-7.338054656982422	-43.3011474609375
-10.732441902160645	-48.15975570678711
-13.162068367004395	-55.69813919067383
5.609034061431885	-47.77250671386719
5.820518970489502	-46.41201400756836
-1.269418478012085	-51.78614807128906
-5.61035680770874	-55.1620979309082
-10.164644241333008	-45.935787200927734
4.0744709968566895	-45.798851013183594
-0.04670098423957825	-43.22072219848633
5.810669898986816	-46.354522705078125
0.714695930480957	-44.65446090698242
-11.091182708740234	-53.019290924072266
4.333240509033203	-45.333736419677734
-11.615845680236816	-48.89752197265625
-2.4095230102539062	-54.1812629699707
-4.712868690490723	-42.11672592163086
6.484747886657715	-46.82057571411133
2.451404094696045	-48.13037872314453
5.128518104553223	-43.49085235595703
-10.52283000946045	-55.3490104675293
-11.586785316467285	-54.00127029418945
-9.978828430175781	-48.014060974121094
-5.822530746459961	-57.3856315612793
-0.6493403911590576	-42.93937301635742
-14.349905967712402	-55.2469367980957
-7.906328201293945	-53.252418518066406
-8.120719909667969	-51.697608947753906
-13.694499015808105	-54.81378173828125
-4.836071491241455	-57.76652526855469
-8.081049919128418	-48.17766189575195
5.2886834144592285	-45.35320281982422
2.100137948989868	-46.897239685058594
3.6958580017089844	-45.86164474487305
-4.4414520263671875	-56.40567398071289
2.8095641136169434	-49.725189208984375
-6.182801246643066	-46.30744552612305
-6.120419025421143	-53.4157829284668
-0.2236960232257843	-48.34132385253906
-1.580303430557251	-42.38184356689453
5.649527549743652	-46.89320755004883
6.017787933349609	-44.904354095458984
-3.6333417892456055	-47.37080001831055
-7.493991851806641	-48.381553649902344
1.6996088027954102	-43.83169174194336
-1.657310962677002	-45.81809997558594
-2.654470443725586	-44.46257400512695
-4.636638164520264	-47.17267990112305
-10.098827362060547	-54.460044860839844
6.434922695159912	-45.99827575683594
3.759385108947754	-45.9287223815918
7.298171520233154	-45.01816177368164
-13.085089683532715	-52.928199768066406
0.3097665011882782	-49.0433235168457
-5.382288932800293	-51.49726486206055
5.495265960693359	-45.7946891784668
-14.32483196258545	-56.364501953125
-7.846275806427002	-49.38868713378906
0.7730464935302734	-42.48332977294922
-9.449992179870605	-53.34096908569336
5.526371955871582	-44.69850540161133
-6.581913948059082	-45.26646041870117
-3.94478178024292	-46.896820068359375
6.211714267730713	-46.853179931640625
-2.7379794120788574	-55.66343688964844
-12.20433521270752	-55.94114303588867
-0.90030837059021	-45.9969482421875
-11.222332954406738	-48.272457122802734
0.7470033168792725	-47.903785705566406
-0.04682019352912903	-46.739437103271484
5.519784927368164	-44.783447265625
-13.400793075561523	-55.8392333984375
-9.638184547424316	-56.02894973754883
3.5239105224609375	-46.31267166137695
-7.60586404800415	-54.694053649902344
-4.685507297515869	-57.43532943725586
-7.616315841674805	-47.45393371582031
5.906381130218506	-47.79902648925781
-8.162961959838867	-45.76219940185547
-8.445834159851074	-49.668739318847656
4.236758708953857	-44.46646499633789
-5.1728386878967285	-51.91807556152344
-5.347314357757568	-49.03339767456055
-0.6766080856323242	-43.17531204223633
-14.00196361541748	-54.58708572387695
-2.9577560424804688	-47.49515151977539
-12.403148651123047	-54.6583137512207
2.510674476623535	-47.153221130371094
-0.6538968086242676	-44.58053970336914
6.195043563842773	-46.9500846862793
-0.8664069175720215	-53.615413665771484
4.801852703094482	-47.4502067565918
-12.244656562805176	-55.3580436706543
3.387784481048584	-44.976905822753906
1.4561009407043457	-46.223880767822266
-8.739492416381836	-46.33900833129883
-0.9875178337097168	-49.15574264526367
-13.79886245727539	-54.86917495727539
4.236428260803223	-45.226348876953125
6.768835067749023	-45.49340057373047
-11.133673667907715	-46.86397171020508
2.75177264213562	-49.71538162231445
0.035946816205978394	-45.922855377197266
-6.863344192504883	-47.53774642944336
2.014155864715576	-49.782840728759766
-0.20256760716438293	-44.056121826171875
1.82952880859375	-45.44963836669922
-7.275273323059082	-50.94148635864258
-9.569344520568848	-52.68701934814453
5.137584686279297	-45.525028228759766
6.806180953979492	-45.649986267089844
-12.280682563781738	-50.88966751098633
2.02555251121521	-47.84101486206055
-10.607255935668945	-55.240760803222656
-6.673094272613525	-53.60203552246094
2.6120119094848633	-49.77606964111328
-11.971840858459473	-56.41737365722656
-1.439418077468872	-45.76455307006836
-4.551988124847412	-49.87002182006836
-2.3191747665405273	-55.286624908447266
-9.36668872833252	-56.41621780395508
-12.826935768127441	-54.377681732177734
-14.287579536437988	-54.92129135131836
-13.599823951721191	-54.058372497558594
0.7997908592224121	-44.316043853759766
4.282745361328125	-47.7037239074707
-4.9929986000061035	-56.953216552734375
3.9729180335998535	-44.98823547363281
-5.802019119262695	-54.915550231933594
-0.715034008026123	-51.09783172607422
1.6779625415802002	-52.01569747924805
0.017155855894088745	-44.5247688293457
5.028648376464844	-47.710018157958984
1.630223035812378	-44.84331512451172
-3.4164795875549316	-53.27695083618164
-12.089728355407715	-56.63118362426758
-9.055645942687988	-52.44712448120117
-7.986544132232666	-49.8941535949707
6.444142818450928	-46.015777587890625
-2.8094186782836914	-47.83573532104492
-14.51260757446289	-55.611907958984375
4.673469543457031	-46.16574478149414
5.540785789489746	-45.23515319824219
-6.12785530090332	-56.977447509765625
-7.763179302215576	-55.719276428222656
-11.231078147888184	-53.412113189697266
-11.096400260925293	-50.89583969116211
-4.835067272186279	-54.90498733520508
-0.08356860280036926	-47.53050231933594
-5.861886024475098	-44.749549865722656
-7.10394811630249	-47.772953033447266
-9.926056861877441	-54.25129699707031
-11.046187400817871	-45.99607849121094
-3.389545440673828	-49.681827545166016
-5.293573379516602	-47.30477523803711
2.021472454071045	-50.07432174682617
-8.235867500305176	-56.59525680541992
-7.47774076461792	-54.911563873291016
-5.636612415313721	-48.07118606567383
-7.053035736083984	-55.693016052246094
-13.336760520935059	-53.043094635009766
-3.67142391204834	-52.19320297241211
-13.428072929382324	-54.06430435180664
3.7726502418518066	-49.65473937988281
2.2429587841033936	-43.9967155456543
-7.930231094360352	-41.95410919189453
-3.9304723739624023	-53.81698989868164
-12.606093406677246	-55.355831146240234
-6.28848123550415	-51.2017936706543
4.158306121826172	-44.736419677734375
-7.598872184753418	-56.66922378540039
-6.790626049041748	-54.81061935424805
-13.595863342285156	-53.89942932128906
3.6059067249298096	-44.4102897644043
-0.24687674641609192	-53.28737258911133
-10.173819541931152	-48.924373626708984
1.2026124000549316	-50.59779357910156
-13.204469680786133	-55.31167221069336
-3.282327175140381	-53.31684875488281
1.8009634017944336	-51.71828842163086
-13.821429252624512	-55.360870361328125
6.082818984985352	-45.60055923461914
-13.736300468444824	-55.550689697265625
-10.000018119812012	-53.654842376708984
-14.09706974029541	-55.3450927734375
-4.328258037567139	-57.08496856689453
-13.579509735107422	-54.184078216552734
-3.446730136871338	-57.00563430786133
-5.316224575042725	-46.998077392578125
-10.985663414001465	-56.27415084838867
4.614566802978516	-47.253787994384766
-12.28726577758789	-52.85013198852539
-0.25785520672798157	-44.394657135009766
4.188457489013672	-45.77702713012695
-2.118269920349121	-54.9044303894043
1.9706108570098877	-49.18665313720703
-1.4331274032592773	-54.585411071777344
-13.759760856628418	-54.8813591003418
-2.3297953605651855	-46.98227310180664
4.1043524742126465	-50.50691223144531
-1.9115574359893799	-48.77431106567383
3.980123996734619	-46.07368850708008
-2.5245447158813477	-47.48415756225586
-1.840682029724121	-48.14394760131836
-6.169042587280273	-54.9329833984375
-10.550179481506348	-47.91258239746094
-4.592909336090088	-55.1300048828125
-14.613368034362793	-55.227352142333984
-7.926678657531738	-56.036895751953125
-8.024190902709961	-50.927921295166016
6.013815879821777	-47.37421417236328
-4.165279865264893	-51.443824768066406
6.014387607574463	-46.564510345458984
1.829040765762329	-48.01835250854492
-4.815011501312256	-50.76736068725586
-7.4579854011535645	-49.7718620300293
-11.720803260803223	-53.622371673583984
-2.3101344108581543	-49.60257339477539
7.389499664306641	-44.573490142822266
6.494274139404297	-46.44134521484375
6.38144588470459	-45.829044342041016
-5.729738235473633	-49.91551208496094
-2.269336223602295	-43.69483184814453
-1.7638249397277832	-55.1063117980957
-2.816591262817383	-53.52761459350586
5.974564075469971	-46.24129104614258
-3.988957405090332	-54.33676528930664
6.882876873016357	-45.095863342285156
4.464498043060303	-46.48537826538086
2.309526205062866	-43.73649978637695
4.457881927490234	-47.98265075683594
-5.473010063171387	-49.446815490722656
0.06122395396232605	-46.240814208984375
1.7423994541168213	-47.281131744384766
-13.69957447052002	-54.42817687988281
-13.197932243347168	-55.018096923828125
-9.412779808044434	-53.557437896728516
3.446733236312866	-47.931331634521484
-10.475796699523926	-53.10386276245117
0.756983757019043	-47.68478012084961
0.7501864433288574	-52.22609329223633
-10.648432731628418	-53.210540771484375
0.6460638046264648	-45.40800094604492
-3.7857260704040527	-49.20856857299805
-6.984680652618408	-50.39609146118164
-3.8463664054870605	-52.93109893798828
-1.2176809310913086	-48.056339263916016
-1.411804437637329	-46.312034606933594
0.2839636504650116	-47.57855987548828
-4.622027397155762	-48.71803665161133
3.56219220161438	-48.1555061340332
-9.09289264678955	-55.84175109863281
-12.22763729095459	-55.72111892700195
-9.087146759033203	-55.282108306884766
-11.625249862670898	-56.49428176879883
3.206498622894287	-46.704776763916016
-2.6324524879455566	-49.59035873413086
3.6179094314575195	-46.2276611328125
-12.89944076538086	-55.9345588684082
-4.391316890716553	-57.108577728271484
-8.884958267211914	-54.74614715576172
-10.118531227111816	-44.77536392211914
3.4100778102874756	-45.62372970581055
-13.14184856414795	-54.860897064208984
5.030162334442139	-44.83291244506836
-1.8817996978759766	-51.79109573364258
4.142216205596924	-47.05451583862305
1.3215875625610352	-46.39559555053711
-13.189038276672363	-53.12565994262695
0.8982992172241211	-47.19797897338867
-6.7893524169921875	-54.22750473022461
-10.534388542175293	-49.76150131225586
-6.287736415863037	-48.83729553222656
3.4441375732421875	-44.454708099365234
4.395907878875732	-47.16305160522461
-11.058079719543457	-52.192630767822266
-9.560481071472168	-53.14773941040039
-9.224135398864746	-54.609130859375
-5.989269256591797	-54.80012512207031
0.960057258605957	-44.92948532104492
-8.129987716674805	-49.055816650390625
-1.0672497749328613	-42.5645637512207
-14.443354606628418	-56.1168098449707
-7.119358062744141	-56.45340347290039
1.7038326263427734	-43.37283706665039
-13.2771635055542	-52.74567413330078
-12.945741653442383	-54.98873519897461
0.42622968554496765	-48.13926315307617
3.8249711990356445	-46.521148681640625
2.8932888507843018	-45.49229049682617
-9.476783752441406	-56.326698303222656
-0.2725072205066681	-53.803131103515625
-1.2693240642547607	-53.8525390625
3.162700653076172	-49.56718826293945
3.866600513458252	-47.419124603271484
5.925314903259277	-45.88016128540039
-12.478533744812012	-50.958560943603516
4.249571800231934	-46.359188079833984
4.852140426635742	-45.96053695678711
-14.667691230773926	-54.180606842041016
-14.006890296936035	-54.04958724975586
-1.0780692100524902	-45.55111312866211
4.923326015472412	-44.967830657958984
2.580475330352783	-45.09074783325195
-12.972758293151855	-51.586490631103516
-8.123432159423828	-56.70153045654297
-4.067897796630859	-47.40322494506836
5.071948528289795	-48.85688018798828
-4.437068939208984	-50.478755950927734
-11.249184608459473	-48.182861328125
-7.374590873718262	-50.8092155456543
-7.992084980010986	-55.57018280029297
-6.114012241363525	-51.2847900390625
-6.715187072753906	-52.97025680541992
-6.245471477508545	-55.710018157958984
-5.2065958976745605	-48.7469367980957
3.0428810119628906	-46.92927169799805
-9.163039207458496	-54.839454650878906
-1.0401699542999268	-48.43949508666992
-0.2835550606250763	-51.97758865356445
-3.9550304412841797	-56.390342712402344
-0.43424466252326965	-49.04056167602539
0.8141512870788574	-49.502464294433594
-3.7644762992858887	-55.87910461425781
-4.823741912841797	-50.960697174072266
-4.628263473510742	-48.43692398071289
-13.589339256286621	-55.68242645263672
-1.7579755783081055	-53.39646530151367
-11.887656211853027	-54.19142532348633
-6.153993129730225	-55.74396896362305
-3.4906673431396484	-46.51480484008789
6.26975679397583	-45.694332122802734
-4.636317729949951	-49.1622200012207
0.9092288017272949	-50.4731330871582
-11.642186164855957	-55.26040267944336
-5.674221515655518	-51.78025817871094
-2.1388511657714844	-43.12250900268555
-8.081355094909668	-42.78630065917969
-12.364365577697754	-52.06254959106445
-12.666409492492676	-53.4566764831543
-9.167864799499512	-55.983619689941406
-3.430576801300049	-46.59108352661133
-0.2666790783405304	-51.18223190307617
0.23702260851860046	-51.550472259521484
-4.115946292877197	-56.5232048034668
-4.4483323097229	-57.32048034667969
4.3966851234436035	-45.50495529174805
4.105906009674072	-44.07791519165039
4.823881149291992	-45.4130973815918
5.633803367614746	-46.32179641723633
-14.025123596191406	-55.50119400024414
-10.564225196838379	-54.14967346191406
3.0158095359802246	-46.877418518066406
2.8281807899475098	-49.478187561035156
2.3064677715301514	-45.614994049072266
3.8795156478881836	-47.33652114868164
-5.522425651550293	-43.3390998840332
-2.0695815086364746	-52.71586227416992
-6.938935279846191	-49.5808219909668
0.8537602424621582	-48.653099060058594
-4.879663944244385	-51.489715576171875
0.3861643970012665	-50.486698150634766
-1.6904892921447754	-55.04605484008789
6.174232482910156	-47.58663558959961
-1.6280617713928223	-55.717708587646484
-7.805636882781982	-57.2133903503418
-13.544963836669922	-56.005252838134766
-9.412617683410645	-50.15776443481445
-10.702202796936035	-55.203739166259766
-3.4681992530822754	-55.56014633178711
-14.829630851745605	-55.446510314941406
-2.6867620944976807	-42.780879974365234
5.346044063568115	-46.28562927246094
-4.649718761444092	-44.22703552246094
-0.41674569249153137	-45.06623458862305
-7.545094013214111	-54.06998062133789
-13.434666633605957	-54.664451599121094
-8.226101875305176	-49.2699089050293
1.7344903945922852	-45.298282623291016
-12.150555610656738	-54.36569595336914
3.8907384872436523	-46.98025894165039
-11.038704872131348	-50.8182373046875
-9.93907642364502	-52.1025276184082
-11.665621757507324	-56.02864456176758
-1.004375696182251	-52.72958755493164
1.4227561950683594	-50.056339263916016
0.08275601267814636	-52.3052978515625
6.232675552368164	-47.516109466552734
0.1261119544506073	-43.980064392089844
-10.064787864685059	-55.07095718383789
-0.6225512027740479	-52.58717346191406
3.04610013961792	-47.077796936035156
-8.268843650817871	-52.787044525146484
-1.7162761688232422	-51.1312255859375
-4.528987407684326	-42.35182571411133
-11.518326759338379	-51.77387237548828
-1.8268852233886719	-54.630863189697266
0.36084863543510437	-44.718116760253906
-0.5723657608032227	-54.17908477783203
-10.721892356872559	-52.6990852355957
-7.433814525604248	-46.54026794433594
4.410909652709961	-45.2646484375
-2.4907803535461426	-49.01015853881836
0.5136933326721191	-51.64215087890625
-7.9574103355407715	-49.73489761352539
-4.383118629455566	-55.36378860473633
0.6457400321960449	-51.138641357421875
-5.5567169189453125	-50.37202072143555
-6.014449596405029	-54.17169952392578
2.3643863201141357	-46.19599533081055
-9.43070125579834	-48.19358444213867
-14.40402889251709	-56.89429473876953
3.5827584266662598	-45.89377212524414
-12.281928062438965	-55.963436126708984
-0.015673905611038208	-43.95243453979492
-2.81095027923584	-51.89845275878906
-1.4081547260284424	-52.094276428222656
1.9485647678375244	-47.80677795410156
4.59492301940918	-46.60142517089844
-12.097661018371582	-54.933189392089844
2.9893977642059326	-47.36342239379883
3.8236732482910156	-49.665836334228516
-10.695045471191406	-51.427371978759766
-12.547986030578613	-57.083248138427734
-9.427563667297363	-53.07587814331055
-13.098357200622559	-55.069515228271484
-1.682107925415039	-53.37932205200195
-11.889022827148438	-48.78623580932617
0.38709303736686707	-45.893096923828125
-8.568806648254395	-50.73942947387695
-13.3912935256958	-54.8369026184082
-1.6315231323242188	-50.98044967651367
-3.2206196784973145	-45.31744384765625
-11.732041358947754	-53.685035705566406
0.10852000117301941	-45.11284637451172
-10.000115394592285	-54.95783615112305
0.26950761675834656	-46.686641693115234
-4.606346130371094	-56.20338439941406
5.344808101654053	-46.512176513671875
-12.985661506652832	-55.590763092041016
-9.230114936828613	-51.819854736328125
3.8216781616210938	-45.59068298339844
-1.911430835723877	-55.3637809753418
-5.530449867248535	-46.789302825927734
4.909297943115234	-44.89352798461914
0.41544291377067566	-44.7333869934082
-6.1118245124816895	-45.77186584472656
-12.09532642364502	-54.62566375732422
-5.523695468902588	-46.4691047668457
-5.814202785491943	-55.66111373901367
-14.201689720153809	-54.91925048828125
-1.445537805557251	-51.2504768371582
-1.2077162265777588	-53.80064010620117
-2.338204860687256	-51.224952697753906
-7.153442859649658	-51.426151275634766
-10.120835304260254	-53.788204193115234
-6.412181377410889	-44.488006591796875
-13.885924339294434	-55.5377082824707
4.156864166259766	-44.74784469604492
3.1507792472839355	-45.95016098022461
2.2811877727508545	-45.1925163269043
-9.90688419342041	-51.374935150146484
5.7234721183776855	-46.90616989135742
-6.43418550491333	-45.80300521850586
-0.31842711567878723	-47.54262924194336
3.1996498107910156	-48.05269241333008
-11.188691139221191	-45.329917907714844
-6.470621109008789	-57.728240966796875
-3.558746814727783	-49.67937088012695
-12.12208080291748	-54.34260177612305
-10.675151824951172	-51.3528938293457
-4.960674285888672	-56.59974670410156
-1.5964102745056152	-47.331512451171875
-12.158398628234863	-51.5897216796875
-6.088617324829102	-50.41399383544922
-0.5297741889953613	-51.3325080871582
-4.196423530578613	-56.31221008300781
1.4411797523498535	-50.91913986206055
-11.601801872253418	-55.120765686035156
-6.265185356140137	-55.609718322753906
3.192318916320801	-46.596675872802734
2.3180274963378906	-45.33211135864258
1.7208824157714844	-45.45309066772461
-8.365403175354004	-53.21150588989258
-12.762524604797363	-55.896358489990234
-14.1697416305542	-54.70670700073242
0.46108219027519226	-51.915435791015625
-2.6103649139404297	-51.2974967956543
5.039856910705566	-46.495487213134766
-12.44466495513916	-54.978660583496094
4.237066745758057	-46.676353454589844
-12.637370109558105	-55.350746154785156
-5.988121032714844	-47.8408317565918
3.823410987854004	-45.320167541503906
-6.074035167694092	-46.92848587036133
-14.085728645324707	-55.981021881103516
6.204885959625244	-45.77825927734375
-9.552188873291016	-46.77058792114258
-12.64385986328125	-52.12785720825195
-10.58090877532959	-52.83805465698242
0.981508731842041	-52.1989631652832
4.55046272277832	-47.684268951416016
-8.928503036499023	-49.08659744262695
-1.3482952117919922	-43.41842269897461
-12.203656196594238	-55.02031326293945
-12.452067375183105	-50.818931579589844
6.632838249206543	-46.36239242553711
3.364259719848633	-45.67292404174805
5.4368510246276855	-47.47410583496094
-9.130391120910645	-55.53092575073242
5.27084493637085	-45.592681884765625
1.3079438209533691	-45.91524124145508
6.262734413146973	-46.37807846069336
4.65498161315918	-45.36720275878906
-14.20409107208252	-54.84428024291992
-1.2190821170806885	-46.642887115478516
-1.2572236061096191	-55.5064582824707
0.940436840057373	-43.9414176940918
-0.8467857837677002	-51.461849212646484
-1.9683890342712402	-55.594058990478516
4.465353488922119	-48.32773208618164
3.416229248046875	-46.131317138671875
-6.205664157867432	-44.64382553100586
-13.899188995361328	-54.04344177246094
-11.59334659576416	-53.36204147338867
-12.777698516845703	-54.98150634765625
1.4885072708129883	-47.87063217163086
3.942584991455078	-45.68757247924805
5.265984058380127	-46.99693298339844
-7.97697114944458	-54.21385192871094
-1.0874741077423096	-54.09916687011719
2.4180586338043213	-48.63058853149414
5.166950225830078	-46.22050857543945
-12.656813621520996	-57.19562911987305
2.7921712398529053	-46.16990280151367
-10.699254035949707	-53.160221099853516
5.715148448944092	-44.242305755615234
0.30440017580986023	-46.382259368896484
-9.908744812011719	-49.447654724121094
-3.697535514831543	-53.450679779052734
0.5014631748199463	-50.88880157470703
-3.7998099327087402	-56.01444625854492
-7.717687606811523	-47.99217987060547
-2.8692574501037598	-43.59413528442383
4.600922107696533	-46.94148635864258
-10.975747108459473	-56.95180892944336
-12.274205207824707	-56.89887619018555
-8.297330856323242	-52.95127868652344
-1.5698208808898926	-43.205326080322266
-12.227377891540527	-53.80513381958008
3.0766334533691406	-48.887474060058594
-5.969109535217285	-57.44124984741211
-12.33375358581543	-54.2481803894043
-7.99093770980835	-52.17021560668945
1.319688320159912	-52.23451614379883
-3.3102707862854004	-44.611976623535156
0.3033468425273895	-51.267940521240234
6.182231426239014	-45.89265060424805
-1.6316628456115723	-53.334224700927734
-7.926733016967773	-48.72630310058594
3.7162113189697266	-48.457950592041016
4.580844879150391	-46.55377960205078
-12.443208694458008	-53.42461013793945
2.8659157752990723	-45.443729400634766
0.9549322128295898	-46.393619537353516
0.40529510378837585	-49.939273834228516
4.894629955291748	-46.97478103637695
-2.472902297973633	-53.98469543457031
1.1181955337524414	-52.65989685058594
2.645108222961426	-48.06132125854492
-2.5307416915893555	-45.75948715209961
5.495394229888916	-46.783748626708984
-6.246894359588623	-50.2286376953125
-12.83305835723877	-54.90150833129883
-3.763975143432617	-46.81019592285156
-1.912978172302246	-52.83140182495117
3.8124170303344727	-45.74247360229492
-4.453088760375977	-42.857017517089844
5.940192222595215	-46.41276168823242
4.898013591766357	-45.38630294799805
3.3246889114379883	-46.2996940612793
-13.00452995300293	-54.86980438232422
-11.392563819885254	-49.54389953613281
-0.34340527653694153	-44.15114974975586
3.4020261764526367	-46.2073860168457
-0.7638850212097168	-54.01128005981445
-11.774094581604004	-48.228145599365234
-2.4727087020874023	-55.92780303955078
-12.719796180725098	-51.78255081176758
-2.4848570823669434	-55.87102508544922
6.009481906890869	-47.75420379638672
5.295190811157227	-47.19703674316406
4.262726783752441	-45.825965881347656
3.154280424118042	-47.81264114379883
2.91719913482666	-49.49662780761719
-2.65872859954834	-47.003902435302734
0.8715395927429199	-48.00376892089844
5.700585842132568	-46.088497161865234
-3.7742767333984375	-49.472023010253906
0.5856509208679199	-45.800437927246094
1.2813496589660645	-44.68502426147461
2.4639720916748047	-44.861202239990234
-10.508170127868652	-54.37823486328125
-1.4416613578796387	-43.99251937866211
1.0990548133850098	-42.70962905883789
0.43437740206718445	-43.9256591796875
-5.926669597625732	-56.904666900634766
-2.6297364234924316	-55.10179901123047
-6.655369758605957	-52.75829315185547
-7.386459827423096	-47.522029876708984
-10.652661323547363	-55.625823974609375
-8.87022876739502	-46.9288215637207
-5.204960823059082	-55.3085823059082
0.4069330394268036	-47.054683685302734
5.025481700897217	-46.09302520751953
6.122609615325928	-46.547916412353516
-0.22528842091560364	-45.218658447265625
-5.654705047607422	-56.14046096801758
5.970122814178467	-46.33068084716797
-5.943557262420654	-53.08391189575195
0.9100961685180664	-46.150474548339844
0.9431638717651367	-44.332664489746094
-6.15477991104126	-55.95328903198242
-1.9726035594940186	-45.95347213745117
5.67849063873291	-45.75003433227539
0.8507959842681885	-45.0692024230957
-13.44055461883545	-54.62822341918945
6.752619743347168	-44.99991226196289
-3.3503870964050293	-44.76909255981445
-11.224373817443848	-51.565860748291016
1.0679600238800049	-44.05397415161133
-6.771918296813965	-47.54509353637695
5.095247268676758	-47.111934661865234
-1.4873628616333008	-51.9891471862793
-5.2064666748046875	-54.99287414550781
-13.667110443115234	-56.193233489990234
-5.192398548126221	-57.44668960571289
2.7180159091949463	-50.31912612915039
-2.540646553039551	-52.970523834228516
-0.5015614032745361	-48.856082916259766
5.341042518615723	-45.486534118652344
7.042762279510498	-45.72951126098633
4.438229084014893	-45.53797912597656
-12.048580169677734	-53.58370590209961
-5.469176769256592	-55.34428787231445
-8.53300952911377	-46.86042785644531
1.2062082290649414	-47.186641693115234
-8.711981773376465	-47.25453186035156
-7.495388031005859	-48.18183898925781
0.26145192980766296	-45.1445426940918
-12.459423065185547	-53.639427185058594
-10.477860450744629	-50.63677978515625
-2.736334800720215	-53.98752975463867
-6.939423084259033	-54.06039047241211
-3.895933151245117	-51.77668380737305
-3.073470115661621	-52.6418342590332
-4.859662055969238	-53.9583854675293
-4.973507881164551	-44.164459228515625
-2.2491893768310547	-55.97712707519531
5.268437385559082	-47.3758430480957
-3.6156468391418457	-55.36488723754883
-9.897690773010254	-56.882598876953125
-5.905700206756592	-46.03407669067383
-14.553832054138184	-54.8830680847168
5.986494064331055	-46.198116302490234
0.6006364822387695	-44.391780853271484
-2.715343952178955	-42.946617126464844
0.5459952354431152	-46.2937126159668
-9.54218578338623	-55.380802154541016
1.3176488876342773	-47.995113372802734
5.366518497467041	-46.56934356689453
-0.9983258247375488	-54.37713623046875
5.622730255126953	-44.115814208984375
-8.116666793823242	-53.373008728027344
-5.962803840637207	-49.91023254394531
5.46042537689209	-46.185054779052734
-3.6257739067077637	-54.531253814697266
1.8795156478881836	-49.10808181762695
-9.279733657836914	-44.50312423706055
4.200811386108398	-48.87797164916992
-14.24834156036377	-56.331016540527344
-7.282550811767578	-56.460693359375
5.268381118774414	-46.03281021118164
2.00465989112854	-46.387908935546875
2.719348907470703	-47.304264068603516
2.236875057220459	-47.25785446166992
-6.12851095199585	-52.674171447753906
-8.307755470275879	-51.55727767944336
-7.63100004196167	-50.3546028137207
6.148448944091797	-46.05426788330078
-14.307662010192871	-55.450660705566406
3.1202759742736816	-48.2692756652832
2.185751438140869	-44.24037551879883
6.962821006774902	-46.145240783691406
1.4530344009399414	-46.08047866821289
-11.362225532531738	-52.327823638916016
-1.7563490867614746	-54.54762649536133
-14.135966300964355	-55.73906326293945
6.187846660614014	-46.73678970336914
6.130800724029541	-46.60270309448242
-2.4928245544433594	-43.70029067993164
-13.387374877929688	-56.715946197509766
4.088561058044434	-46.917694091796875
-3.0838518142700195	-49.744476318359375
-0.14704230427742004	-53.394927978515625
-10.62164306640625	-54.0261116027832
-12.284400939941406	-51.865604400634766
2.671800136566162	-46.24613571166992
-1.3987126350402832	-47.32590866088867
-3.2168421745300293	-44.730892181396484
6.812314033508301	-46.05069351196289
-4.331414222717285	-42.93387985229492
-0.008010178804397583	-52.631778717041016
-5.7846174240112305	-56.331817626953125
-8.825911521911621	-50.875057220458984
-13.333708763122559	-52.57429122924805
-12.389660835266113	-55.87771224975586
-9.859999656677246	-54.05766677856445
2.3364315032958984	-46.03696823120117
-11.5084867477417	-53.20042037963867
-10.134453773498535	-56.08498764038086
-5.846594333648682	-54.535682678222656
-2.899710178375244	-51.2452278137207
-7.631821632385254	-50.096946716308594
5.71070671081543	-47.091827392578125
1.0361418724060059	-48.48489761352539
-8.197427749633789	-47.39112091064453
-9.416409492492676	-54.42018508911133
-0.7782833576202393	-51.46676254272461
-9.183796882629395	-49.231624603271484
0.710477352142334	-53.312408447265625
-9.18891716003418	-52.87236785888672
-13.689177513122559	-55.4755973815918
1.9970450401306152	-45.91354751586914
-7.04758358001709	-50.361324310302734
-10.91855525970459	-55.84609603881836
-14.14390754699707	-54.986507415771484
-8.514693260192871	-48.27620315551758
-5.211417198181152	-52.60898971557617
-4.180026054382324	-55.53397750854492
-11.817625999450684	-50.93887710571289
-13.736743927001953	-55.05454635620117
4.919341087341309	-47.87173843383789
6.455629348754883	-45.72383117675781
0.19531795382499695	-44.29425811767578
3.0505998134613037	-48.343727111816406
-10.786592483520508	-54.815391540527344
5.060837268829346	-45.251747131347656
0.4431411921977997	-51.5045051574707
4.499195575714111	-44.211936950683594
-3.2050533294677734	-49.11248016357422
-1.7193326950073242	-54.63106918334961
0.7506186962127686	-44.4998893737793
-1.4367682933807373	-44.255523681640625
-13.525228500366211	-55.60249710083008
3.1982192993164062	-47.08937072753906
-1.9901976585388184	-54.71731948852539
-2.881196975708008	-49.569252014160156
-12.11223316192627	-51.53651809692383
-9.80986499786377	-46.33382034301758
-14.41667652130127	-55.949729919433594
-13.694306373596191	-55.578155517578125
2.2436161041259766	-49.03920364379883
5.150214672088623	-48.22468185424805
6.482206344604492	-45.931373596191406
-3.596120834350586	-47.90865707397461
-7.8737473487854	-52.74893569946289
-14.04527759552002	-55.865962982177734
-2.271228313446045	-53.993709564208984
-5.311591148376465	-58.118896484375
-11.39094352722168	-51.83305358886719
-2.57370662689209	-50.94655990600586
-6.56415319442749	-55.50817108154297
2.3342955112457275	-45.59883499145508
-9.457941055297852	-51.58479690551758
-7.628800392150879	-47.86322021484375
-12.31645679473877	-56.06937789916992
3.8693809509277344	-47.166229248046875
-10.179953575134277	-49.979305267333984
0.3271884620189667	-51.95185089111328
-11.541642189025879	-56.19900894165039
-5.2272772789001465	-56.55649185180664
0.5303571224212646	-47.676509857177734
-11.406698226928711	-55.07596969604492
-11.64073371887207	-49.321937561035156
-0.8626365661621094	-44.88203048706055
5.3525872230529785	-46.1136589050293
-0.19684317708015442	-52.53666687011719
-5.2200751304626465	-49.7598991394043
2.9588756561279297	-46.731201171875
-3.563187599182129	-56.390724182128906
-13.892435073852539	-55.946937561035156
4.8087334632873535	-45.82083511352539
-8.219633102416992	-52.12382125854492
-2.707127571105957	-53.725563049316406
-8.988282203674316	-54.035037994384766
3.5322492122650146	-45.75442123413086
3.831130027770996	-45.12565231323242
-13.76851749420166	-55.052799224853516
3.57076358795166	-46.39588165283203
0.8414788246154785	-45.166141510009766
-11.763062477111816	-46.6812858581543
-5.0848517417907715	-53.30398941040039
4.470925331115723	-45.07160186767578
-14.644797325134277	-56.08503341674805
3.779573440551758	-46.494049072265625
-12.072342872619629	-56.30818176269531
-2.835736036300659	-44.03812026977539
-7.535499572753906	-53.684165954589844
-0.8865358829498291	-49.75651931762695
-3.729001522064209	-53.076866149902344
-5.690080642700195	-49.31330490112305
3.076704978942871	-47.61496353149414
-10.43080997467041	-54.915870666503906
-8.303744316101074	-55.41992950439453
-3.4090301990509033	-42.32921600341797
1.2305200099945068	-52.1723747253418
-13.240172386169434	-55.20295715332031
-11.722722053527832	-57.42378234863281
-7.742210865020752	-53.535919189453125
-6.7162322998046875	-49.41671371459961
-4.9709391593933105	-53.26304244995117
