1
17.99079704284668	0.6669290065765381
19.529693603515625	-8.201713562011719
27.860172271728516	10.484099388122559
21.526853561401367	-5.589782238006592
17.543888092041016	-5.425474643707275
20.71811866760254	5.402928829193115
17.00249481201172	0.9434353113174438
24.514074325561523	-5.610278129577637
22.047578811645508	7.017251491546631
24.877241134643555	9.254352569580078
24.814117431640625	8.807440757751465
25.360393524169922	6.509823799133301
22.00482749938965	-6.744869232177734
19.375587463378906	1.3484247922897339
25.069355010986328	2.292881965637207
28.20600128173828	8.398683547973633
21.753589630126953	-5.004637241363525
26.38376235961914	8.97472095489502
22.58448028564453	6.720211505889893
16.829917907714844	-1.9773544073104858
22.81741714477539	-6.5577239990234375
14.239493370056152	-3.3025312423706055
22.949909210205078	-6.556246280670166
17.872541427612305	-5.4533514976501465
22.060256958007812	-2.2692506313323975
16.187644958496094	-6.912773609161377
25.84458351135254	9.440024375915527
24.567049026489258	5.601711750030518
17.37726402282715	1.378496766090393
26.21562957763672	1.3239234685897827
14.400799751281738	-8.489312171936035
24.862171173095703	5.845327854156494
18.088672637939453	-1.200286626815796
19.88995361328125	-7.081998348236084
26.091739654541016	10.015265464782715
14.944052696228027	1.9044889211654663
26.712018966674805	-1.4568272829055786
18.028369903564453	1.7713550329208374
19.17203140258789	-8.324152946472168
19.34499168395996	-7.416886806488037
14.318029403686523	-7.2011003494262695
25.764293670654297	9.172808647155762
24.240734100341797	7.8362650871276855
20.71088981628418	3.3349666595458984
17.79673957824707	-6.786649227142334
23.59372901916504	-0.776413083076477
14.13407039642334	-8.368634223937988
21.37091636657715	-8.115102767944336
24.52385711669922	-1.2273544073104858
16.568504333496094	-3.768228054046631
21.097366333007812	-6.799099922180176
23.222240447998047	-4.02678108215332
28.853580474853516	6.778710842132568
25.197744369506836	-4.543715476989746
20.474449157714844	-6.778651714324951
25.63056182861328	7.8466105461120605
22.125173568725586	6.5532307624816895
22.551055908203125	6.86246919631958
14.369192123413086	-6.267190933227539
18.28839874267578	4.855381488800049
14.046073913574219	-8.130436897277832
15.681360244750977	3.26261568069458
24.172115325927734	3.2721128463745117
25.241634368896484	-3.085148334503174
17.509456634521484	-5.224846839904785
22.169103622436523	5.29819393157959
14.816081047058105	-0.697070837020874
26.44255828857422	2.610680103302002
21.83821678161621	-1.7318696975708008
20.829587936401367	-7.141185283660889
14.557425498962402	-7.543466091156006
14.000102043151855	-8.395545959472656
21.33950424194336	0.9753537178039551
26.857030868530273	9.93742847442627
24.932876586914062	-5.291609764099121
21.639488220214844	-7.230608940124512
24.244197845458984	1.0497807264328003
20.66546630859375	5.55586576461792
26.15319061279297	3.3646082878112793
14.283669471740723	-8.670761108398438
17.813955307006836	-0.4444076120853424
14.53449821472168	-2.675147533416748
20.507816314697266	4.2413554191589355
17.117530822753906	-7.0916852951049805
25.00422477722168	1.5114264488220215
18.983055114746094	-1.3987746238708496
19.20199203491211	-6.579899787902832
19.9095401763916	-7.211190700531006
19.153858184814453	0.2808050811290741
27.325082778930664	8.342484474182129
21.84485626220703	6.381805896759033
21.05943489074707	-6.308474063873291
20.564929962158203	-1.0393890142440796
28.2812557220459	0.09447821974754333
23.890316009521484	-5.938808917999268
22.529071807861328	-7.463006496429443
19.7005558013916	-7.563472270965576
25.097003936767578	-4.665655136108398
21.786338806152344	5.344174385070801
23.130271911621094	7.4293532371521
27.18731689453125	9.61668872833252
24.680442810058594	8.254598617553711
27.758625030517578	2.825068473815918
25.18804359436035	2.2532148361206055
15.54886245727539	-8.595709800720215
25.164386749267578	8.126646995544434
19.32584571838379	-8.15561580657959
15.31715202331543	-8.262251853942871
20.605674743652344	-2.8429460525512695
24.873884201049805	-4.254361629486084
14.863951683044434	2.274320125579834
25.01587677001953	-1.3659917116165161
23.383270263671875	6.033930778503418
18.639894485473633	0.3045057952404022
26.01153564453125	9.678404808044434
28.26249122619629	8.425650596618652
18.823013305664062	-2.657711982727051
26.86767578125	10.113009452819824
19.395889282226562	-4.759390830993652
14.291123390197754	-4.841129779815674
21.17583656311035	3.819739818572998
14.74487590789795	-5.7397027015686035
27.937664031982422	10.649139404296875
22.575439453125	-6.20343542098999
20.125947952270508	-4.156336307525635
20.353254318237305	-9.352774620056152
25.2368221282959	-1.878686547279358
23.768413543701172	7.632887363433838
24.085256576538086	-0.8031152486801147
23.010889053344727	-6.9660563468933105
17.494518280029297	4.927178382873535
26.968412399291992	8.025298118591309
19.160228729248047	0.09012684226036072
19.176401138305664	-5.310983180999756
26.258953094482422	9.216839790344238
24.242700576782227	3.5396299362182617
20.731151580810547	-7.904180526733398
15.765374183654785	3.2263288497924805
19.411584854125977	-8.809921264648438
16.69064712524414	-4.044649600982666
19.99770736694336	-6.501983642578125
26.523109436035156	7.579993724822998
26.67055892944336	10.156004905700684
22.39669418334961	0.29461750388145447
23.57670783996582	6.838955879211426
26.154773712158203	8.70226001739502
14.427098274230957	-3.053553581237793
14.348559379577637	-4.018807411193848
26.25912094116211	2.3611440658569336
16.65390396118164	-8.824292182922363
25.932392120361328	10.22042179107666
22.2081241607666	-4.66646146774292
18.13678741455078	3.712629795074463
21.391948699951172	1.7270228862762451
26.938053131103516	10.233770370483398
26.550960540771484	-0.8167189359664917
18.815338134765625	-8.110844612121582
15.953573226928711	-6.569150447845459
26.008359909057617	9.822827339172363
26.107982635498047	7.627880096435547
25.657855987548828	-2.5406808853149414
14.536823272705078	-7.007430076599121
14.332887649536133	-7.065669059753418
26.710941314697266	5.708070278167725
20.469825744628906	-7.548536777496338
15.278115272521973	-8.272188186645508
24.90157127380371	3.88106107711792
23.28888702392578	6.952084064483643
19.677814483642578	-7.129372596740723
20.50545883178711	2.94136381149292
21.305885314941406	6.117981910705566
22.462146759033203	7.435492038726807
24.94977569580078	-0.2366267740726471
21.734546661376953	-0.5089925527572632
21.477054595947266	6.94067907333374
14.195502281188965	-7.604866981506348
18.61447525024414	4.877690315246582
27.77373504638672	7.866876125335693
21.877601623535156	-6.440185546875
16.933746337890625	-1.1131340265274048
21.204240798950195	-6.703490257263184
20.0975399017334	-8.759655952453613
18.536521911621094	-8.108412742614746
24.773473739624023	-4.348685264587402
25.245378494262695	9.584277153015137
18.83728790283203	-8.167875289916992
19.969013214111328	0.7276592254638672
24.262117385864258	0.5300737619400024
28.429100036621094	2.7734854221343994
14.771167755126953	-7.574604511260986
19.70863151550293	-5.18478536605835
17.201509475708008	-7.372864246368408
25.311006546020508	8.233111381530762
20.796539306640625	-6.56976318359375
15.112298965454102	-8.057528495788574
23.458511352539062	-6.444250106811523
18.11536407470703	-6.967917442321777
22.474294662475586	-7.152987003326416
24.068222045898438	-6.186919689178467
27.659381866455078	-1.913761019706726
18.580434799194336	-3.8615880012512207
28.896202087402344	10.149308204650879
26.437911987304688	9.506204605102539
17.481760025024414	-1.200339674949646
26.13306999206543	-2.371023178100586
13.932886123657227	-7.376801490783691
17.683490753173828	2.1302902698516846
17.06721305847168	-8.110633850097656
23.259078979492188	0.9931225776672363
20.756412506103516	5.206035137176514
23.294252395629883	7.561823844909668
26.820646286010742	-1.6365870237350464
21.33588218688965	-1.0550323724746704
16.079044342041016	-7.389400005340576
27.14155387878418	0.2810839116573334
23.597782135009766	-4.604379177093506
15.475104331970215	-8.103158950805664
20.11134147644043	4.972779750823975
24.010295867919922	-4.855681896209717
22.70734977722168	-7.150548458099365
24.607358932495117	-4.870424747467041
26.930959701538086	-0.23184743523597717
27.75407600402832	8.427298545837402
20.788558959960938	1.265250563621521
18.944669723510742	-0.45741644501686096
15.861295700073242	-8.590510368347168
23.91382598876953	8.307103157043457
25.369014739990234	-1.6104706525802612
23.37591552734375	-3.7576041221618652
20.6577091217041	-7.492793083190918
23.46784782409668	-6.403460502624512
17.920578002929688	2.8243660926818848
15.753515243530273	3.1515419483184814
23.535329818725586	-4.421509265899658
19.17752456665039	1.8750368356704712
20.984357833862305	-4.152763366699219
18.372913360595703	-5.957041263580322
14.50519847869873	-7.450159549713135
25.68794059753418	7.984475612640381
22.575166702270508	-0.32298699021339417
27.831533432006836	6.802981853485107
20.52972412109375	-7.361231803894043
22.405912399291992	6.07644510269165
15.101560592651367	-7.517420291900635
16.204057693481445	-4.017035484313965
26.59198760986328	-2.494837999343872
18.057498931884766	-2.8819832801818848
22.374649047851562	-7.69909143447876
21.417030334472656	-3.5751259326934814
22.001609802246094	7.652987957000732
14.361246109008789	-6.120049476623535
15.047555923461914	-1.1108198165893555
20.045190811157227	-9.046357154846191
14.981131553649902	-4.605332374572754
24.99593734741211	-1.8747035264968872
25.00537872314453	9.361332893371582
23.716720581054688	-4.953624248504639
18.174278259277344	-6.111475944519043
27.119102478027344	9.614802360534668
19.8564395904541	-6.919908046722412
22.2069034576416	-1.440848708152771
18.05615997314453	-3.0783326625823975
14.491427421569824	-3.5431606769561768
27.55780792236328	0.14704617857933044
23.19317626953125	-5.273961544036865
21.311054229736328	-8.242487907409668
21.683027267456055	-3.8880491256713867
28.340234756469727	10.491973876953125
25.60401725769043	9.945306777954102
24.409549713134766	7.703365802764893
14.19699764251709	-7.2590484619140625
21.068470001220703	-1.1642488241195679
21.67270278930664	-8.277583122253418
18.14178466796875	-5.3505377769470215
16.421781539916992	-3.8171021938323975
21.741195678710938	-0.7543705701828003
25.173635482788086	6.5842719078063965
17.672237396240234	1.2222681045532227
13.702728271484375	-6.2813262939453125
26.980955123901367	-1.5916723012924194
14.706772804260254	-8.179208755493164
17.464401245117188	-0.158501535654068
26.424293518066406	7.894787311553955
13.802518844604492	-8.080612182617188
22.893465042114258	5.3835225105285645
21.442848205566406	6.9228434562683105
17.767070770263672	-7.510185718536377
21.41681480407715	-2.051453113555908
20.44254493713379	-8.960835456848145
21.845304489135742	3.021366834640503
25.844974517822266	9.30074405670166
20.435073852539062	-8.215991973876953
26.01642417907715	0.16636475920677185
24.018657684326172	0.7122888565063477
26.446943283081055	4.901759147644043
25.593711853027344	1.1212447881698608
19.529422760009766	-7.1763200759887695
23.530502319335938	-5.042736530303955
20.060617446899414	-7.603811740875244
21.7629451751709	5.301925182342529
18.30278778076172	3.6088452339172363
21.30368423461914	-7.769864559173584
23.55027198791504	2.621328592300415
25.68096160888672	4.540558338165283
14.695484161376953	-7.611184597015381
17.3499813079834	3.4156830310821533
16.172592163085938	-8.097564697265625
18.587604522705078	-7.054332256317139
24.416431427001953	-4.193543910980225
16.91392707824707	-0.08269110321998596
27.477792739868164	1.6578330993652344
13.866079330444336	-5.840973377227783
21.268451690673828	2.6229891777038574
23.931211471557617	-5.242852687835693
20.05122947692871	-8.950033187866211
21.816757202148438	-7.7364959716796875
13.613597869873047	-5.175441741943359
24.87558364868164	8.859322547912598
14.702385902404785	-1.6571580171585083
17.597017288208008	-3.5488076210021973
23.736106872558594	4.1668620109558105
27.50992202758789	9.170463562011719
21.938098907470703	-6.757304668426514
21.782678604125977	6.8780694007873535
21.69483184814453	7.359713554382324
21.897802352905273	6.290546417236328
26.485315322875977	-1.2176614999771118
14.62945556640625	-6.978924751281738
26.43991470336914	4.108234882354736
19.20693588256836	-8.567811012268066
24.743284225463867	8.233200073242188
27.158668518066406	8.026159286499023
24.590225219726562	-4.0741190910339355
26.95873260498047	9.98680305480957
20.934646606445312	0.9126660823822021
21.455198287963867	4.936660289764404
24.646060943603516	8.044929504394531
20.55196762084961	-8.086387634277344
18.35621452331543	-5.442887306213379
13.531553268432617	-5.192277431488037
17.332475662231445	-1.6021791696548462
17.129047393798828	0.18314716219902039
23.550661087036133	-5.772653579711914
22.952735900878906	-4.6254425048828125
15.415361404418945	-8.571029663085938
14.362473487854004	-0.8622591495513916
15.729646682739258	-8.792685508728027
22.711654663085938	6.855947494506836
17.263809204101562	-8.436895370483398
26.121009826660156	9.159425735473633
29.842971801757812	3.929311752319336
18.161556243896484	-6.549549579620361
17.994489669799805	-4.638468265533447
20.958171844482422	6.39665412902832
23.413175582885742	-2.892026901245117
26.946983337402344	10.09592342376709
22.982257843017578	-6.502911567687988
17.93661117553711	1.6555323600769043
24.089622497558594	1.2848747968673706
23.563234329223633	4.231939792633057
26.462871551513672	10.324646949768066
19.634323120117188	-1.0437620878219604
21.531518936157227	5.81492805480957
25.375171661376953	6.78303861618042
13.894070625305176	-8.077911376953125
18.460079193115234	-0.3591436445713043
22.761150360107422	-6.268646717071533
22.81279754638672	3.4886605739593506
17.368303298950195	1.5803630352020264
26.29256248474121	-3.2574462890625
15.275259971618652	-8.086180686950684
19.415300369262695	-8.260533332824707
26.253782272338867	9.653176307678223
22.137645721435547	-6.2282280921936035
14.125500679016113	-8.080443382263184
27.167484283447266	10.254446983337402
27.19902229309082	-1.4016340970993042
27.23480987548828	0.9554280042648315
19.26971435546875	-7.774659633636475
27.578765869140625	-1.8863033056259155
22.3874568939209	6.683520317077637
17.724102020263672	2.424093723297119
16.35926628112793	-8.587494850158691
15.652955055236816	-9.014750480651855
20.936477661132812	-3.3074331283569336
27.161611557006836	9.548830032348633
14.600126266479492	-2.832542896270752
21.353944778442383	-2.154216766357422
28.157583236694336	9.761822700500488
18.485490798950195	2.6420679092407227
21.168060302734375	-4.640503406524658
25.315465927124023	-1.8138941526412964
24.734956741333008	-1.7281445264816284
21.553956985473633	-7.143181324005127
14.675177574157715	-6.687209129333496
14.258846282958984	-6.40155029296875
24.061281204223633	8.890131950378418
23.487512588500977	4.621094703674316
14.107141494750977	-8.688275337219238
14.834273338317871	-2.0635249614715576
15.673017501831055	2.25471830368042
22.897977828979492	3.6978745460510254
27.693504333496094	3.168888807296753
19.893993377685547	-1.1599153280258179
22.141183853149414	-6.460855007171631
23.41286277770996	7.178880214691162
21.883636474609375	2.5770421028137207
27.074562072753906	-0.307490736246109
17.520038604736328	-5.600587368011475
26.252145767211914	-2.62662672996521
14.184891700744629	-7.694002151489258
26.83633041381836	0.7109533548355103
26.123109817504883	3.443488836288452
22.129289627075195	7.329704761505127
24.72670555114746	8.30990219116211
19.44709587097168	4.7532219886779785
18.749267578125	0.7678695917129517
27.669687271118164	-0.9373992681503296
26.78862953186035	3.218933582305908
18.05869483947754	-0.13422957062721252
22.68993377685547	3.2329912185668945
15.725931167602539	-8.788302421569824
20.56822395324707	-3.7501308917999268
16.42472267150879	-8.99575138092041
25.86892318725586	4.386235237121582
14.757530212402344	-7.477952480316162
14.496134757995605	-1.4335511922836304
26.270036697387695	6.79784631729126
26.55401039123535	-2.4567394256591797
22.80887222290039	-5.8779120445251465
26.10184097290039	6.9286651611328125
15.823143005371094	-9.085855484008789
20.494897842407227	-8.26763916015625
21.5368709564209	-7.421045303344727
27.71805191040039	6.966428756713867
21.68844985961914	-7.940874099731445
20.76978302001953	-5.975559711456299
22.721200942993164	5.813814640045166
14.411760330200195	-7.791000843048096
20.320825576782227	-6.3468217849731445
27.067935943603516	10.380139350891113
23.652450561523438	-6.02615213394165
26.872608184814453	7.981813907623291
14.251336097717285	-6.598850727081299
22.781362533569336	-1.9153711795806885
27.437076568603516	-1.4690057039260864
14.122812271118164	-6.90297269821167
22.188993453979492	-6.012216567993164
16.04170036315918	-8.39873218536377
22.792078018188477	-5.013552188873291
23.30816078186035	3.4611144065856934
19.471614837646484	-7.259280204772949
17.2106876373291	1.9846237897872925
21.615407943725586	3.7956230640411377
16.115257263183594	-8.107170104980469
25.134977340698242	5.896430492401123
18.0385684967041	-4.962684154510498
24.643091201782227	6.894179344177246
25.060476303100586	5.032807350158691
14.31785774230957	-5.715369701385498
20.12734603881836	-7.337973594665527
17.752349853515625	-1.5397602319717407
22.84840202331543	7.780938625335693
17.369937896728516	1.1324864625930786
25.775503158569336	7.8045268058776855
27.11817169189453	-2.443086624145508
25.749971389770508	8.2669095993042
15.863382339477539	-8.913695335388184
17.43788719177246	-3.5410804748535156
28.649246215820312	0.34907254576683044
14.042387962341309	-6.303706645965576
22.868938446044922	6.148645877838135
18.154905319213867	3.740901470184326
23.31494903564453	1.087945818901062
14.06854248046875	-6.749034881591797
18.686826705932617	-6.7755045890808105
17.25426483154297	1.3281489610671997
17.420570373535156	3.425617218017578
18.998292922973633	-6.87399435043335
15.590633392333984	-8.470757484436035
25.248682022094727	2.4318888187408447
25.12688446044922	8.065526962280273
13.968596458435059	-8.269585609436035
26.95777130126953	10.282212257385254
15.80757999420166	-7.84556245803833
19.786184310913086	4.923476696014404
25.865718841552734	-0.2716585695743561
22.578367233276367	-4.1704888343811035
19.612438201904297	-6.989675998687744
27.46364402770996	9.562484741210938
25.676265716552734	9.492834091186523
24.859424591064453	-3.681763172149658
19.515146255493164	-3.6212000846862793
20.846908569335938	-8.303404808044434
23.325153350830078	7.052966594696045
24.25855827331543	6.301963806152344
20.661067962646484	-7.797396659851074
23.4464054107666	-5.916254043579102
21.153850555419922	6.383753776550293
24.822052001953125	9.114971160888672
23.506622314453125	-6.472250938415527
13.977255821228027	-7.301723957061768
27.751056671142578	0.873238205909729
21.500865936279297	2.78072452545166
25.83846664428711	8.867670059204102
27.3684139251709	7.973181247711182
21.227827072143555	-6.604609966278076
25.05403709411621	2.6261627674102783
27.42748260498047	9.486407279968262
24.000288009643555	-3.783505439758301
26.84851837158203	10.638664245605469
23.8031005859375	-3.9234352111816406
22.78231430053711	-6.553061485290527
14.847494125366211	-2.5033175945281982
20.97385025024414	-5.741059303283691
17.045665740966797	-5.30673360824585
21.60145378112793	-8.186684608459473
14.806069374084473	-7.283876895904541
25.084091186523438	-4.6192121505737305
14.487558364868164	-7.046995639801025
20.955333709716797	-0.8333183526992798
27.65884780883789	5.134843349456787
16.685087203979492	-4.24749231338501
18.09192657470703	-1.1797183752059937
14.80605697631836	-8.267327308654785
26.80805206298828	5.704823017120361
28.66356658935547	10.766657829284668
23.379884719848633	-6.169240951538086
23.06309700012207	6.509159564971924
17.35727882385254	-2.7974753379821777
15.502226829528809	-9.007911682128906
25.92168617248535	-0.3259979784488678
19.828767776489258	-4.047549724578857
24.967313766479492	-0.5343164205551147
23.548404693603516	-4.8236985206604
27.776979446411133	1.084522008895874
15.15494155883789	-6.93263578414917
19.100040435791016	3.6398415565490723
24.68729591369629	2.2074899673461914
14.965868949890137	0.15356430411338806
21.773536682128906	0.4998950660228729
18.284700393676758	-5.52222204208374
21.61954116821289	3.1541199684143066
21.43878173828125	-1.405077338218689
16.596281051635742	-8.336026191711426
16.39026641845703	-6.298641204833984
21.302526473999023	1.2798187732696533
18.21001625061035	-5.4293975830078125
20.027252197265625	-8.069351196289062
21.75217056274414	-7.201994895935059
26.466209411621094	0.9754968881607056
25.776023864746094	8.872668266296387
21.057832717895508	4.984116077423096
20.976451873779297	-4.811336040496826
26.911359786987305	-1.1330925226211548
19.81103515625	-1.1355891227722168
15.401445388793945	-0.7368220090866089
25.94055938720703	-2.0229527950286865
27.882699966430664	0.5939725637435913
21.579803466796875	6.607954978942871
24.05535888671875	-5.955063343048096
18.66524887084961	5.069512844085693
19.17333984375	-1.2974826097488403
27.176570892333984	-0.5101653337478638
27.2744140625	5.394517421722412
27.47823143005371	-0.5446394681930542
18.084169387817383	-4.730758190155029
15.550139427185059	-9.377463340759277
17.401168823242188	-3.738826274871826
18.886150360107422	-7.183652400970459
22.907258987426758	5.347963333129883
18.17123031616211	2.86965012550354
18.950929641723633	5.824946880340576
22.897506713867188	-5.405407428741455
19.235248565673828	-6.6676506996154785
17.892929077148438	-2.7164134979248047
25.099475860595703	9.412585258483887
20.16765022277832	5.051095008850098
14.182282447814941	-8.779256820678711
18.8084659576416	-2.326932668685913
23.677658081054688	4.809786796569824
17.785442352294922	-2.3054895401000977
19.17375373840332	-6.529221057891846
20.352331161499023	3.417250156402588
26.06540870666504	9.189751625061035
17.93608283996582	4.556206703186035
16.549606323242188	-9.177374839782715
21.409700393676758	-7.437366962432861
25.50339126586914	9.717114448547363
20.574111938476562	5.704746246337891
14.678775787353516	-8.858972549438477
25.18968963623047	3.616548776626587
26.45221710205078	9.335118293762207
13.84887981414795	-7.5049943923950195
15.560189247131348	-9.243528366088867
26.717063903808594	8.273383140563965
17.796106338500977	-6.815039157867432
17.099149703979492	-6.084708213806152
18.61500358581543	-4.754894256591797
22.3165225982666	-3.6858973503112793
27.123371124267578	9.757781028747559
20.095544815063477	-7.328657627105713
14.49405288696289	-3.681601047515869
22.15635108947754	-8.204093933105469
28.35218048095703	10.267532348632812
20.161226272583008	-7.427140712738037
17.839092254638672	-4.257112503051758
23.408126831054688	-5.997768878936768
15.64085578918457	3.323408603668213
14.46839427947998	-7.735175609588623
14.209549903869629	-5.2640862464904785
17.242740631103516	0.9945701360702515
14.616143226623535	-7.253540992736816
21.27672576904297	-8.59604263305664
28.720409393310547	10.193881034851074
23.2164363861084	6.361520290374756
26.776145935058594	-2.3501102924346924
24.21073341369629	-4.278772830963135
13.819915771484375	-8.434560775756836
26.640647888183594	-1.0089668035507202
22.34723472595215	-3.2873921394348145
26.407676696777344	10.03250503540039
18.56240463256836	-7.431830883026123
22.185949325561523	-5.291228771209717
26.705726623535156	-1.5358914136886597
23.54148292541504	1.204768180847168
25.253305435180664	-4.775451183319092
27.893775939941406	9.158802032470703
15.279275894165039	-7.693051815032959
20.130325317382812	-9.012101173400879
18.78071403503418	-7.257147312164307
26.01323699951172	5.130414009094238
23.625314712524414	-0.3822688162326813
19.386838912963867	-1.2058608531951904
25.94861602783203	-0.9529837369918823
25.077472686767578	-1.3937362432479858
23.987096786499023	7.6187825202941895
28.093791961669922	10.038816452026367
28.670570373535156	10.563647270202637
22.740522384643555	-3.15970516204834
20.2724552154541	-7.8413615226745605
24.366939544677734	7.194894313812256
21.142391204833984	0.08604416251182556
24.823074340820312	9.213018417358398
19.36720085144043	-4.562782287597656
18.353111267089844	-6.909148216247559
26.966903686523438	8.340869903564453
27.34821891784668	8.995577812194824
18.039642333984375	2.949186325073242
25.94758415222168	9.159521102905273
25.69371795654297	8.975557327270508
18.989242553710938	4.860353469848633
21.091869354248047	-8.073612213134766
15.958789825439453	-8.858373641967773
19.825870513916016	-7.333446025848389
21.740589141845703	5.319509029388428
25.27761459350586	7.9277567863464355
16.642181396484375	-9.22752857208252
25.260778427124023	-2.9362406730651855
20.331829071044922	-6.589724063873291
19.925382614135742	4.51945686340332
22.312358856201172	6.005013942718506
21.607311248779297	-7.239211082458496
23.773128509521484	7.026717662811279
14.091925621032715	-6.8272905349731445
18.614866256713867	-4.397058486938477
28.11975860595703	10.85848331451416
18.470600128173828	-3.9222025871276855
26.660804748535156	9.921226501464844
24.713592529296875	-4.414344787597656
15.743439674377441	1.9731568098068237
19.481422424316406	3.2491674423217773
20.901464462280273	-0.6105517148971558
19.301061630249023	0.42344269156455994
25.22185707092285	7.3269429206848145
23.022384643554688	6.320351600646973
25.433734893798828	7.427563667297363
24.26748275756836	1.6489481925964355
17.097461700439453	1.4850438833236694
18.3837947845459	1.811026692390442
25.59238052368164	1.800028920173645
22.083175659179688	-7.885119438171387
26.061073303222656	9.447477340698242
23.98225975036621	6.203644752502441
18.4654541015625	2.550577163696289
15.117262840270996	-7.845111846923828
14.333381652832031	-7.007933139801025
22.631057739257812	-7.265260219573975
25.122129440307617	4.956026077270508
17.89016342163086	-0.5914887189865112
26.230995178222656	6.3221282958984375
17.094024658203125	-7.68643045425415
22.353866577148438	5.014165878295898
25.998130798339844	-2.323467493057251
13.677040100097656	-8.41422176361084
25.41987419128418	5.718570232391357
21.652301788330078	6.838491439819336
25.688806533813477	3.614224433898926
21.26345443725586	-8.2147855758667
18.79782485961914	-7.4622063636779785
21.552230834960938	7.28794527053833
15.056144714355469	-4.199188232421875
16.866994857788086	-6.789989471435547
28.17346954345703	7.577517032623291
17.866743087768555	1.774404525756836
27.601909637451172	6.581207752227783
16.458019256591797	-9.578722953796387
16.688457489013672	-0.6243798732757568
21.505155563354492	-0.8107823133468628
23.785839080810547	7.789002895355225
19.88377571105957	-0.9028209447860718
15.556320190429688	-7.494317531585693
27.716392517089844	10.357213020324707
18.18389129638672	2.972095012664795
21.305994033813477	6.191619396209717
20.4201717376709	-8.539202690124512
26.148408889770508	9.752427101135254
14.64988899230957	-3.2923223972320557
27.388456344604492	10.656571388244629
18.01061248779297	-2.3226966857910156
17.22590446472168	-6.71862268447876
22.829694747924805	-5.061583042144775
19.21671485900879	5.367020606994629
22.518619537353516	3.3480124473571777
26.809188842773438	9.269227027893066
21.494373321533203	5.409087181091309
23.239437103271484	-5.915764808654785
16.424299240112305	-6.763792514801025
26.130023956298828	-1.8710874319076538
26.715600967407227	6.886057376861572
20.07353973388672	-3.1782286167144775
26.796878814697266	-2.618114948272705
23.120210647583008	7.6447625160217285
23.529325485229492	-5.424515247344971
25.75390625	-4.316396236419678
20.15547752380371	-7.236030578613281
19.218008041381836	2.2727556228637695
13.940204620361328	-6.276670932769775
18.071002960205078	0.7397136688232422
14.458757400512695	-5.077046871185303
14.458047866821289	-8.661352157592773
20.43549346923828	-7.4752607345581055
24.948511123657227	-0.9101530313491821
26.92849349975586	0.41760358214378357
17.174463272094727	1.8031519651412964
20.68837547302246	-7.655291557312012
19.56587791442871	-4.1588335037231445
26.069347381591797	8.913622856140137
25.79851722717285	5.69307279586792
27.904399871826172	10.754118919372559
20.261751174926758	4.843225955963135
26.551355361938477	-2.758448839187622
21.78481674194336	-6.0942206382751465
20.10116195678711	-6.321070671081543
23.99552345275879	5.13148307800293
20.46836280822754	-7.981199741363525
15.027787208557129	-8.324106216430664
15.51033878326416	2.5721418857574463
20.349620819091797	-7.259857177734375
16.363676071166992	4.065339088439941
15.043027877807617	1.362805962562561
15.022000312805176	-7.739993095397949
22.063106536865234	-2.0222935676574707
26.904006958007812	-1.34410560131073
22.204423904418945	5.966813564300537
22.629016876220703	5.396811008453369
16.348068237304688	-9.119009017944336
24.67730140686035	8.361096382141113
18.754409790039062	-5.726065158843994
17.89409828186035	-5.393203258514404
19.736286163330078	-4.412590503692627
23.897933959960938	-4.956483364105225
26.75358009338379	-1.9699119329452515
20.88638687133789	-0.5188039541244507
22.853086471557617	-3.067145347595215
15.09409236907959	0.4736712872982025
25.695802688598633	0.5293747186660767
27.13146209716797	8.544323921203613
23.211143493652344	8.998428344726562
25.323856353759766	0.7997709512710571
25.18589973449707	8.610201835632324
14.844715118408203	-8.420073509216309
18.55828094482422	-7.664677143096924
20.75033950805664	-4.713710308074951
28.182661056518555	6.378743648529053
28.967077255249023	10.597868919372559
20.42491912841797	-7.901890277862549
27.51974105834961	9.775182723999023
17.945714950561523	-0.7241560220718384
14.702195167541504	-0.6673221588134766
14.75375747680664	-2.6120362281799316
26.481338500976562	9.543122291564941
19.21962547302246	5.349612712860107
22.28798484802246	-1.9643642902374268
20.484222412109375	4.899535655975342
14.646303176879883	-8.286916732788086
23.782119750976562	2.167813777923584
19.898746490478516	5.076941967010498
21.855480194091797	-7.5622382164001465
25.396331787109375	0.9436649084091187
25.708791732788086	-3.6825685501098633
15.066689491271973	-7.766764163970947
22.28635597229004	1.5619086027145386
18.613330841064453	1.4882444143295288
14.344901084899902	-7.476792812347412
27.236297607421875	3.7210376262664795
24.052600860595703	-5.488765716552734
19.11704444885254	0.5689319372177124
26.666175842285156	6.801891326904297
14.978947639465332	-8.554143905639648
15.392542839050293	-8.588824272155762
14.183701515197754	-5.033287525177002
22.51787757873535	-2.9672415256500244
20.58819007873535	2.0979273319244385
18.048770904541016	3.2649574279785156
21.662769317626953	-5.509519577026367
21.833873748779297	6.634762287139893
25.577251434326172	6.008087158203125
20.647655487060547	-2.8236820697784424
13.777824401855469	-5.126811981201172
23.05170440673828	5.292767524719238
21.428163528442383	-7.60429573059082
20.24256706237793	-5.8347697257995605
23.780906677246094	6.331945419311523
23.965900421142578	8.589131355285645
19.919700622558594	5.662786960601807
23.360441207885742	1.9840959310531616
17.860841751098633	-0.3730250895023346
18.074739456176758	4.122405529022217
28.355539321899414	10.773613929748535
16.596254348754883	-1.3091825246810913
21.410266876220703	6.260706424713135
25.977294921875	9.949435234069824
17.919921875	-6.8349151611328125
20.516185760498047	6.006897926330566
19.770437240600586	-8.70870590209961
22.225982666015625	-2.7854690551757812
16.827491760253906	4.711735248565674
13.56788444519043	-4.770663261413574
20.996091842651367	-5.18870210647583
23.531496047973633	-3.338996410369873
22.38055419921875	-6.641327381134033
16.742033004760742	-8.648266792297363
25.209922790527344	9.313483238220215
15.646267890930176	1.7294734716415405
26.439517974853516	-0.7203108072280884
28.173660278320312	10.234458923339844
27.230113983154297	8.68053150177002
15.096051216125488	1.4154146909713745
26.687347412109375	10.33320140838623
22.364940643310547	-5.9229865074157715
14.505450248718262	-8.810612678527832
21.742076873779297	-7.768081188201904
22.087587356567383	-6.781142711639404
17.654048919677734	2.4097275733947754
21.429344177246094	-5.292940139770508
14.3591890335083	-0.9129265546798706
23.75536346435547	4.246018886566162
24.74012565612793	4.963599681854248
23.206819534301758	5.8446364402771
20.25208854675293	-5.664823055267334
24.842620849609375	-3.9878334999084473
20.740283966064453	0.4811902940273285
17.511802673339844	0.9176632165908813
21.68798065185547	6.973556995391846
27.969852447509766	10.936783790588379
22.891374588012695	5.873879909515381
26.727916717529297	-0.5381649732589722
27.59619140625	5.880863666534424
25.8189697265625	9.892354011535645
19.217479705810547	1.2647737264633179
17.632123947143555	3.143859624862671
26.78789520263672	-2.943751811981201
27.1320858001709	-1.3168307542800903
16.544147491455078	-3.7848546504974365
27.829832077026367	0.3457885682582855
17.363271713256836	-1.4679337739944458
18.25465202331543	-5.529688358306885
14.732112884521484	-0.5393973588943481
27.7564754486084	10.874767303466797
21.606626510620117	7.314534664154053
26.496780395507812	8.267305374145508
14.172633171081543	-4.5578932762146
27.056652069091797	10.473779678344727
28.218639373779297	10.286398887634277
24.133459091186523	4.6338372230529785
25.95383644104004	6.913207530975342
19.605043411254883	-7.7275614738464355
18.183969497680664	3.905088424682617
21.293432235717773	-7.769093036651611
21.813899993896484	5.77011251449585
14.876620292663574	-0.06593981385231018
20.368728637695312	2.844958782196045
16.618511199951172	-8.068963050842285
18.856422424316406	-6.192822456359863
20.135848999023438	-8.088841438293457
14.1703519821167	-4.072875499725342
25.523643493652344	-2.24709415435791
21.30139923095703	4.643116474151611
23.39732551574707	5.47063684463501
15.703818321228027	-7.129339218139648
22.97697639465332	-6.75181770324707
23.94273567199707	8.5631742477417
18.123249053955078	1.3648632764816284
21.685091018676758	-1.519114375114441
21.747100830078125	-7.55088472366333
28.181377410888672	1.4617950916290283
23.113994598388672	-0.7248035669326782
18.06529998779297	4.010676860809326
24.92054557800293	8.968056678771973
17.379201889038086	-5.527042388916016
25.465909957885742	-3.5033817291259766
23.962772369384766	3.964951992034912
26.21629524230957	9.664904594421387
27.448177337646484	10.489204406738281
24.344247817993164	6.461196422576904
26.442808151245117	-0.06487312912940979
17.65100860595703	-4.169951438903809
20.74275016784668	-6.381858825683594
21.610105514526367	-7.598422527313232
18.73597526550293	5.355679512023926
27.30879020690918	10.277981758117676
17.790447235107422	2.5929362773895264
23.7406063079834	4.549210548400879
26.212177276611328	-1.0541013479232788
21.116703033447266	-4.612985610961914
26.374876022338867	0.004225105047225952
27.098588943481445	10.12287425994873
21.799299240112305	-7.133690357208252
18.458850860595703	-6.9778571128845215
14.275940895080566	-3.6760683059692383
19.271217346191406	4.80397891998291
24.831579208374023	-1.7039142847061157
27.776275634765625	7.222961902618408
22.668109893798828	-6.8227105140686035
25.515348434448242	6.352893352508545
20.01152229309082	2.9751856327056885
21.57001495361328	6.34195613861084
27.310638427734375	10.649453163146973
18.76418685913086	-6.8158464431762695
25.466711044311523	7.939417362213135
20.717933654785156	3.1666176319122314
17.98633575439453	4.698383808135986
25.712955474853516	7.938601016998291
20.37885093688965	-7.194603443145752
18.685508728027344	-1.0282090902328491
27.427467346191406	0.5564528703689575
27.60228729248047	9.242448806762695
27.025184631347656	9.32610034942627
14.77065372467041	-3.4456887245178223
21.514049530029297	-6.961974143981934
22.526296615600586	-3.903684616088867
21.6190128326416	-2.9261837005615234
20.4623966217041	-3.583880662918091
25.080493927001953	4.414797782897949
15.02184772491455	-9.147719383239746
19.551530838012695	-3.3991103172302246
26.664480209350586	7.776979446411133
15.70996379852295	-4.313250541687012
26.68366813659668	-0.7610064744949341
18.87119483947754	-7.605471611022949
27.241310119628906	8.999163627624512
19.603404998779297	-7.942504405975342
24.694303512573242	-4.938948154449463
17.828123092651367	-5.3677520751953125
21.65997314453125	-6.416670322418213
28.561908721923828	9.963278770446777
26.984926223754883	2.5827436447143555
16.992782592773438	-7.49534797668457
24.423721313476562	-5.088446617126465
18.8078556060791	-7.125616073608398
21.859622955322266	-4.225709915161133
27.621000289916992	10.802264213562012
24.058815002441406	-5.370676517486572
23.919864654541016	-5.146554946899414
16.941652297973633	-5.037351608276367
18.020021438598633	-2.267592668533325
23.71567153930664	2.7508859634399414
22.1878604888916	-6.976508617401123
18.115415573120117	-0.3007947504520416
14.599822998046875	-6.833127498626709
24.957305908203125	5.652288436889648
22.475435256958008	-1.4163092374801636
17.584362030029297	-8.621256828308105
17.928022384643555	-1.5255045890808105
20.177608489990234	-6.04960298538208
27.117372512817383	1.7257111072540283
22.639684677124023	-5.908865928649902
17.99510955810547	-0.8792246580123901
24.188213348388672	2.7714171409606934
24.882034301757812	5.100132465362549
28.575275421142578	1.1442574262619019
20.921337127685547	6.777198314666748
25.885059356689453	6.9018874168396
27.448150634765625	0.9220238924026489
18.702377319335938	-5.832152843475342
23.090368270874023	3.8078315258026123
26.715017318725586	10.365496635437012
17.798343658447266	-8.675495147705078
21.1826229095459	-6.4671807289123535
15.042501449584961	-3.7864325046539307
15.492440223693848	-8.737485885620117
22.247146606445312	5.4514594078063965
18.42484474182129	-6.634604454040527
27.834497451782227	-1.4571892023086548
22.262123107910156	6.219386577606201
25.949506759643555	9.374467849731445
21.6838321685791	-5.014857292175293
13.190077781677246	-8.209314346313477
24.471446990966797	-1.5050996541976929
21.587326049804688	-1.412307858467102
26.466354370117188	8.701620101928711
23.50727081298828	1.9931272268295288
23.01907730102539	7.886999607086182
23.356922149658203	-1.9003751277923584
27.583904266357422	9.884264945983887
18.619670867919922	-6.13828182220459
19.638120651245117	-8.25033187866211
22.8536434173584	-4.7867207527160645
25.14594078063965	9.489033699035645
17.750394821166992	-8.385229110717773
24.994117736816406	7.8451104164123535
24.879005432128906	-3.271578311920166
25.809961318969727	7.803839683532715
14.049959182739258	-7.2887678146362305
17.756412506103516	-7.028060436248779
24.536823272705078	-4.606745719909668
23.635974884033203	4.63041353225708
20.414260864257812	-7.673523426055908
20.25863265991211	-7.968002796173096
24.48845863342285	-3.3905673027038574
19.298559188842773	3.0103750228881836
25.014530181884766	8.607571601867676
27.852176666259766	10.078707695007324
15.372537612915039	-8.319252014160156
19.105234146118164	-3.235746383666992
19.90294075012207	0.7815841436386108
14.887861251831055	-8.7288818359375
21.870046615600586	6.033933639526367
18.045021057128906	-6.0019450187683105
27.240604400634766	9.424745559692383
20.99435043334961	-8.626114845275879
24.553253173828125	7.4619460105896
26.0992374420166	8.704936027526855
20.20418930053711	-4.410585880279541
18.278060913085938	-0.42201223969459534
22.14359474182129	-7.233410358428955
18.763957977294922	1.5751174688339233
21.90726089477539	-4.341834545135498
18.292531967163086	-5.167478561401367
15.277091026306152	0.7166072130203247
16.63884925842285	-8.341009140014648
17.43702507019043	1.4948092699050903
28.87679100036621	2.0121874809265137
18.147377014160156	2.4577414989471436
17.539493560791016	-0.0945376455783844
26.433666229248047	-2.18666934967041
24.310333251953125	-1.9679359197616577
21.48834228515625	-1.763219952583313
19.867101669311523	-8.947029113769531
15.437164306640625	-8.24289321899414
21.943485260009766	-3.757378578186035
14.576163291931152	-8.72180461883545
14.706838607788086	-5.789597034454346
25.940107345581055	9.541373252868652
20.103862762451172	2.460273265838623
17.45528793334961	3.1857924461364746
23.47269058227539	3.372568130493164
26.209274291992188	9.709904670715332
16.320802688598633	-6.790916919708252
20.456741333007812	-0.12159433960914612
25.300308227539062	3.0445027351379395
23.53111457824707	5.04922342300415
20.129337310791016	5.256396770477295
26.9694881439209	9.682574272155762
21.931203842163086	-6.1575212478637695
17.951622009277344	4.640539646148682
20.77776527404785	-7.840906620025635
15.915822982788086	-8.26177978515625
26.19671058654785	-1.587398886680603
17.93297576904297	-7.541045665740967
22.847736358642578	-6.78570556640625
16.59749984741211	-3.5488133430480957
18.141735076904297	-4.69917106628418
14.24880313873291	-6.218614101409912
24.390907287597656	4.6700286865234375
16.640920639038086	4.73774528503418
14.408137321472168	-4.058795928955078
23.942218780517578	-4.405822277069092
28.589441299438477	10.250016212463379
21.67113494873047	-5.824677467346191
26.161230087280273	0.8027757406234741
19.739927291870117	-8.809228897094727
24.326757431030273	7.805872917175293
23.872459411621094	6.359092712402344
20.14373779296875	3.089129686355591
17.8972110748291	0.9640682935714722
24.496456146240234	0.20577749609947205
25.007829666137695	7.543710231781006
19.84311866760254	-8.015586853027344
22.746395111083984	6.231605052947998
18.381134033203125	-7.587859630584717
15.517926216125488	2.475531578063965
20.153850555419922	-8.287049293518066
15.98806095123291	3.803154468536377
23.925922393798828	7.8475260734558105
21.96627426147461	-0.6477657556533813
17.886188507080078	-7.147165775299072
17.886577606201172	4.2704572677612305
22.825897216796875	-5.924727439880371
14.226897239685059	-6.752498149871826
20.667394638061523	3.121829032897949
19.2828369140625	-8.667807579040527
19.7160587310791	1.9928401708602905
18.07565689086914	3.152750015258789
21.53343963623047	6.951443195343018
19.127277374267578	-3.432511568069458
26.224651336669922	8.96633529663086
27.191600799560547	1.9491304159164429
22.493465423583984	5.797973155975342
23.64120864868164	8.347311973571777
27.377843856811523	10.448885917663574
26.13542366027832	-3.98702073097229
19.932659149169922	-5.073061943054199
18.019681930541992	4.137778282165527
18.1123104095459	-4.396084308624268
27.036373138427734	0.13371428847312927
15.656182289123535	-8.647281646728516
15.659010887145996	-8.21933364868164
18.431650161743164	1.5538452863693237
26.832351684570312	9.85869026184082
20.53826904296875	-5.402716636657715
18.10658073425293	4.657662868499756
26.003223419189453	8.309172630310059
22.29502296447754	2.26942777633667
17.548410415649414	-0.40106549859046936
14.529264450073242	-7.69736909866333
17.7882137298584	-4.978517532348633
20.254867553710938	-5.45758581161499
18.526411056518555	-3.749494791030884
20.14080238342285	-8.27821159362793
22.14777946472168	-5.778810501098633
24.30570411682129	5.650450229644775
18.07860565185547	2.448629140853882
14.86980152130127	-5.6361985206604
20.722782135009766	-7.775906085968018
20.081579208374023	4.859653472900391
14.843812942504883	-8.544732093811035
27.5050048828125	9.984904289245605
17.899261474609375	-3.3221917152404785
16.424846649169922	4.134237766265869
23.32545280456543	-5.097886562347412
19.337556838989258	-4.108191967010498
23.934789657592773	8.429429054260254
22.34502601623535	-7.473925590515137
15.346539497375488	1.9765712022781372
24.679582595825195	-3.6620125770568848
24.450252532958984	9.0321044921875
22.816625595092773	-1.9263190031051636
16.305721282958984	-7.1309614181518555
14.84597396850586	-8.403691291809082
23.2484188079834	3.071704387664795
19.89438247680664	3.0711820125579834
27.05446434020996	-1.0706390142440796
21.8531494140625	0.22647127509117126
26.44033432006836	1.9837485551834106
21.431930541992188	-7.787067890167236
24.519065856933594	-3.893643856048584
18.406757354736328	4.895930290222168
17.59880828857422	-2.705956220626831
23.29637908935547	-5.818795680999756
26.673202514648438	-2.597182512283325
14.52225399017334	-7.201324939727783
24.838584899902344	-0.8161767721176147
27.030590057373047	-1.762308955192566
17.07972526550293	-8.440714836120605
26.262283325195312	5.943425178527832
22.9805908203125	6.873764514923096
24.2877140045166	7.399965286254883
25.982662200927734	5.172336578369141
18.364337921142578	-8.018463134765625
20.973609924316406	-4.216203689575195
20.985366821289062	-3.492135524749756
26.46660614013672	9.917193412780762
27.152721405029297	2.125290632247925
19.644582748413086	-5.0388970375061035
15.425376892089844	-5.1649980545043945
25.71908950805664	9.413972854614258
19.64336395263672	-1.1033505201339722
25.369300842285156	5.338756561279297
17.498210906982422	-2.2745048999786377
20.14993667602539	5.204156398773193
18.383102416992188	-3.5133395195007324
16.22271728515625	-7.891767978668213
22.85940170288086	6.766702175140381
16.843448638916016	-2.217663288116455
17.412738800048828	2.532167434692383
26.688861846923828	10.252816200256348
28.340328216552734	0.13233765959739685
24.92783546447754	9.355345726013184
18.646652221679688	-5.824849605560303
19.25348472595215	4.099163055419922
20.066255569458008	-7.462460994720459
27.17315673828125	-1.450478434562683
16.141098022460938	4.186728000640869
19.16828727722168	-7.658387184143066
19.658824920654297	5.660205841064453
24.469804763793945	6.264034271240234
27.3397159576416	-1.6317082643508911
20.29962921142578	-7.526334762573242
26.375083923339844	0.3761669099330902
19.572223663330078	1.8907266855239868
27.334463119506836	0.9204503297805786
19.182273864746094	-8.946306228637695
14.566754341125488	-2.925139904022217
18.90285873413086	-8.950322151184082
21.852149963378906	-1.7394165992736816
21.752920150756836	-7.7920732498168945
18.672178268432617	2.3270316123962402
22.760833740234375	4.433664321899414
14.619107246398926	-6.972445964813232
18.961669921875	3.6931416988372803
24.50126075744629	0.7284929752349854
24.102100372314453	3.557873249053955
18.39362144470215	-7.767885684967041
24.23440170288086	-3.3186874389648438
21.043190002441406	-2.2835607528686523
17.970849990844727	-4.793485164642334
14.15704345703125	-3.6143863201141357
23.565189361572266	5.816720485687256
19.629728317260742	-8.866130828857422
24.837438583374023	7.846157550811768
21.11585235595703	-6.548419952392578
17.878080368041992	0.28253862261772156
28.542858123779297	9.268559455871582
17.82170295715332	-6.155706405639648
15.656929016113281	-5.961815357208252
23.394657135009766	3.4514689445495605
20.93346405029297	6.400598526000977
27.649682998657227	0.44158467650413513
20.047521591186523	-7.797914028167725
23.610919952392578	-3.322816848754883
17.416339874267578	-5.995486736297607
26.429359436035156	10.070778846740723
14.155072212219238	-3.723660707473755
18.185096740722656	3.103761672973633
23.29833221435547	1.0303109884262085
22.09261703491211	7.657333850860596
17.497894287109375	1.176803469657898
24.48221778869629	4.199784755706787
17.077207565307617	-8.571596145629883
23.47612762451172	-4.1910600662231445
20.792278289794922	5.657157897949219
25.897716522216797	9.52872085571289
20.98294448852539	2.742422103881836
27.877059936523438	9.350177764892578
25.779705047607422	-2.3761699199676514
17.525972366333008	-1.972260594367981
19.07959747314453	-4.121878623962402
18.923145294189453	-7.868865013122559
16.900930404663086	4.626313209533691
25.93913459777832	7.454326152801514
28.074752807617188	1.4985989332199097
20.458810806274414	6.223995208740234
20.65778160095215	-8.422781944274902
19.889297485351562	5.944553375244141
20.38627815246582	-7.7531819343566895
14.377429962158203	-8.033768653869629
25.100833892822266	-3.458652973175049
21.361591339111328	-3.9437718391418457
22.459726333618164	7.017178058624268
24.469568252563477	7.350958347320557
15.71022891998291	-8.498640060424805
14.17418384552002	-6.137510299682617
14.559764862060547	-1.1640928983688354
18.81833267211914	-8.416363716125488
28.281906127929688	11.235404968261719
20.429784774780273	-8.523863792419434
21.902437210083008	3.3366003036499023
20.736074447631836	-3.4161882400512695
26.778541564941406	8.778360366821289
25.287857055664062	7.162867069244385
22.547161102294922	-1.9495301246643066
23.409147262573242	6.37202787399292
13.825285911560059	-7.4082746505737305
27.775964736938477	11.210054397583008
25.17961311340332	9.16120433807373
14.982869148254395	-8.759140968322754
21.151432037353516	2.5309743881225586
14.311654090881348	-5.48793888092041
21.27533531188965	-7.20837926864624
17.479167938232422	-3.8674378395080566
17.482925415039062	-8.063575744628906
25.377729415893555	7.2936296463012695
14.37479305267334	-9.02662181854248
18.087745666503906	-6.375344276428223
23.093311309814453	-2.1780428886413574
19.350080490112305	-9.514372825622559
20.19656753540039	-7.865387439727783
23.769601821899414	-4.1336669921875
19.131938934326172	-2.3063149452209473
20.997337341308594	-6.372198581695557
21.52732276916504	2.1657280921936035
24.467775344848633	8.93457317352295
14.40085506439209	-6.120459079742432
17.86493682861328	3.227717399597168
28.086345672607422	8.788590431213379
25.28328514099121	8.91552734375
14.18367862701416	-6.009668350219727
13.922637939453125	-7.323205947875977
25.739974975585938	-2.78300142288208
28.93145179748535	0.5822552442550659
23.401493072509766	8.320653915405273
14.36491584777832	-7.552566051483154
21.238021850585938	-7.964430332183838
21.58892059326172	-0.8333867788314819
22.132219314575195	5.436011791229248
15.519543647766113	-9.049795150756836
20.46006965637207	-4.890636920928955
15.799803733825684	-7.786726474761963
25.03705406188965	-4.197771072387695
27.81206703186035	5.823878765106201
22.96748161315918	-0.29766741394996643
14.720837593078613	-8.718937873840332
24.085769653320312	-5.735899448394775
18.607465744018555	-4.720310211181641
24.824045181274414	6.250291347503662
21.22369384765625	-6.849032878875732
17.47195816040039	0.6853182315826416
23.228763580322266	6.679413795471191
15.08377742767334	-6.405410289764404
14.307026863098145	-9.255451202392578
19.93788719177246	4.543404579162598
22.371198654174805	-4.499309062957764
16.770854949951172	-7.511114120483398
20.731937408447266	-7.816464900970459
27.383625030517578	9.909036636352539
23.284339904785156	4.85165548324585
25.633163452148438	9.591782569885254
25.788532257080078	6.881984233856201
19.247390747070312	-5.866848945617676
25.72695541381836	-1.9043954610824585
26.75689125061035	-0.12782874703407288
25.642404556274414	-4.378812313079834
17.29828453063965	3.0093207359313965
17.675031661987305	2.2264795303344727
20.305362701416016	-8.30811595916748
16.071868896484375	1.7763150930404663
19.866594314575195	-7.092080593109131
22.21965980529785	-7.161428451538086
18.85852813720703	-7.7309417724609375
20.709455490112305	-6.502461910247803
20.061019897460938	-6.348264694213867
19.32868194580078	6.191369533538818
15.468664169311523	-8.86794376373291
28.310556411743164	0.9377986192703247
14.263691902160645	-6.721502780914307
20.288799285888672	-7.7432427406311035
17.270885467529297	1.1481345891952515
27.050765991210938	9.088522911071777
26.92212677001953	8.367334365844727
18.795860290527344	-5.596281051635742
21.98943519592285	-7.90482234954834
24.396949768066406	2.350982189178467
21.789175033569336	6.709819316864014
21.69691276550293	5.026933193206787
14.932199478149414	-1.2960237264633179
27.906024932861328	5.031766891479492
22.426420211791992	-6.2241387367248535
17.91453742980957	5.488431453704834
23.81825065612793	-0.23320117592811584
16.027189254760742	-8.428740501403809
20.882104873657227	-6.774402141571045
22.794641494750977	8.071459770202637
20.174793243408203	-5.63508415222168
20.78337860107422	-8.420246124267578
19.370880126953125	-7.187487602233887
16.18712615966797	3.645158052444458
26.1405029296875	9.775238990783691
24.59716796875	4.3973517417907715
21.77519989013672	6.448360443115234
14.091310501098633	-5.480526924133301
14.221641540527344	-6.497192859649658
15.47744083404541	-9.205078125
27.507686614990234	8.523798942565918
23.422639846801758	-6.255342960357666
25.911922454833984	3.688997507095337
18.963970184326172	0.7078646421432495
18.228925704956055	-2.6137871742248535
20.311552047729492	-6.598861217498779
21.219985961914062	6.580301761627197
15.061661720275879	-8.203083038330078
24.66889762878418	8.947011947631836
23.224925994873047	6.209385395050049
14.864214897155762	-8.834351539611816
22.9306640625	-7.026788711547852
18.945663452148438	-2.7454943656921387
22.368915557861328	7.010326862335205
23.628337860107422	6.921932697296143
27.74822998046875	10.400408744812012
20.257125854492188	-7.463479042053223
19.15883445739746	-8.033449172973633
22.18660545349121	5.372805595397949
22.471725463867188	4.465284824371338
20.674625396728516	-7.396302700042725
17.321331024169922	-2.7855052947998047
19.752960205078125	2.0401177406311035
21.638628005981445	2.144547700881958
14.258688926696777	-7.719273090362549
20.68558120727539	-5.561209201812744
25.15696907043457	-5.074796199798584
21.799781799316406	-6.542422771453857
16.460681915283203	4.569786548614502
19.196657180786133	-2.522484540939331
21.663393020629883	-8.295913696289062
15.315779685974121	3.366760492324829
17.670915603637695	1.9630299806594849
27.83818817138672	10.896431922912598
17.014820098876953	-7.701432228088379
18.707395553588867	-6.63260555267334
27.36478614807129	9.483304023742676
22.447139739990234	-6.777293682098389
24.4893798828125	-0.5232843160629272
27.8184814453125	9.422672271728516
15.371439933776855	-8.638996124267578
21.414928436279297	6.172357082366943
26.60232162475586	1.6569397449493408
16.928512573242188	-8.27721881866455
17.108755111694336	5.191908359527588
23.47099494934082	-2.1445188522338867
25.0014705657959	4.992537975311279
27.420398712158203	2.14542293548584
20.877626419067383	-7.64899206161499
17.857179641723633	-7.590969562530518
14.724285125732422	-6.3038740158081055
23.77926254272461	3.724174976348877
25.620540618896484	-3.0815014839172363
19.2659912109375	-6.497542858123779
15.773594856262207	-8.5795259475708
27.582136154174805	7.967401027679443
21.7305850982666	-6.219178199768066
21.890342712402344	-7.131112575531006
14.527156829833984	-5.677915096282959
17.84816551208496	-8.529377937316895
18.387462615966797	-5.006655216217041
23.66944694519043	-4.4486565589904785
22.754806518554688	0.3665352761745453
15.880438804626465	-8.69294261932373
16.632190704345703	-6.641707897186279
25.727405548095703	2.456125497817993
23.652496337890625	-2.7553629875183105
27.50540542602539	2.0687763690948486
14.754602432250977	-6.8087592124938965
23.368234634399414	-5.705064296722412
26.7164306640625	3.923862934112549
20.446205139160156	-6.682654857635498
21.05078887939453	-7.296436786651611
18.350372314453125	-8.047497749328613
24.900188446044922	7.733404636383057
14.480485916137695	0.1348627507686615
21.643699645996094	-4.187489032745361
14.189818382263184	-0.13313117623329163
23.804439544677734	6.315159320831299
24.263530731201172	7.945864200592041
14.18049430847168	-4.382823467254639
24.8392333984375	-3.8560826778411865
23.667949676513672	-2.7871909141540527
17.63396453857422	0.4384835660457611
19.261253356933594	2.2899413108825684
25.034786224365234	9.265603065490723
20.633703231811523	-8.33566665649414
15.429049491882324	-8.248899459838867
16.45128631591797	-8.552027702331543
25.58231544494629	-4.1895036697387695
27.122451782226562	10.504937171936035
25.722360610961914	-2.5306220054626465
22.218833923339844	7.118896961212158
21.951181411743164	-2.722346305847168
17.309486389160156	2.3279623985290527
15.112732887268066	1.0889841318130493
27.066781997680664	10.442049026489258
28.133155822753906	-0.12745872139930725
20.561010360717773	-5.384669303894043
18.870296478271484	-6.186150074005127
21.11256217956543	-5.123190879821777
19.93904685974121	-7.7787981033325195
21.120431900024414	1.6536537408828735
18.6590576171875	-3.46445369720459
22.586748123168945	-5.607809543609619
19.331222534179688	-2.702860116958618
17.562368392944336	2.8302087783813477
24.64739990234375	6.515876293182373
17.565494537353516	0.11988803744316101
22.258071899414062	-6.497643947601318
27.188589096069336	5.878096103668213
15.79492473602295	2.7029623985290527
22.703014373779297	1.745290994644165
14.608296394348145	-3.628100633621216
20.686357498168945	0.9402692317962646
19.54155158996582	3.382488965988159
25.331632614135742	5.01395845413208
20.22345733642578	6.039927959442139
17.06003761291504	0.8009093999862671
23.617557525634766	7.977570056915283
20.82903289794922	7.535937786102295
16.67428207397461	-8.62593936920166
17.748456954956055	-2.2854011058807373
20.20774269104004	6.5148468017578125
26.990732192993164	-3.092189311981201
24.168365478515625	-4.437054634094238
24.634456634521484	-4.900471210479736
26.8608341217041	-1.7640503644943237
19.8356990814209	-8.687685012817383
21.496231079101562	-5.54847526550293
18.43752670288086	-8.324982643127441
19.376874923706055	-5.994325160980225
14.669102668762207	-3.7578160762786865
14.617828369140625	-5.6308817863464355
25.59158706665039	2.9360172748565674
20.207582473754883	-6.728753089904785
21.190406799316406	-7.562336444854736
26.444244384765625	7.713943004608154
18.24310302734375	3.220306396484375
23.404190063476562	1.675107479095459
24.5408992767334	8.503219604492188
21.15191650390625	4.683938980102539
23.189029693603516	1.016053318977356
21.144224166870117	-8.162734985351562
22.509262084960938	-6.142521858215332
18.358190536499023	-5.696267604827881
27.322673797607422	9.138663291931152
20.357419967651367	-6.2348103523254395
17.456270217895508	0.1499229371547699
27.085586547851562	1.1344362497329712
25.88829803466797	-2.3361120223999023
20.120590209960938	-9.487662315368652
21.572765350341797	-3.571751117706299
15.374384880065918	-9.597891807556152
20.71259307861328	-4.4852142333984375
17.98127555847168	0.5591529607772827
17.166223526000977	-6.308910846710205
20.380624771118164	-2.9641523361206055
24.039684295654297	6.290040016174316
19.89129638671875	2.303870439529419
26.796838760375977	-2.0557351112365723
27.264636993408203	-1.092230200767517
25.618236541748047	8.278815269470215
20.623882293701172	-2.9553420543670654
27.07038116455078	9.72700023651123
21.626537322998047	-7.062679290771484
15.141335487365723	-6.785681247711182
18.559377670288086	-4.602210998535156
20.645370483398438	-5.545253276824951
18.747516632080078	-8.319439888000488
22.235328674316406	-3.930306911468506
25.014209747314453	2.1146132946014404
14.511359214782715	-6.112493991851807
22.083538055419922	7.2289252281188965
27.003568649291992	-2.581028699874878
26.690383911132812	-1.5734771490097046
19.52974510192871	-1.0944923162460327
17.666051864624023	2.578876495361328
22.275249481201172	-7.073266506195068
27.641281127929688	-0.7459157705307007
20.89255142211914	-7.395082950592041
24.696075439453125	-0.66185462474823
25.196319580078125	5.54070520401001
21.449953079223633	-4.961696147918701
14.734188079833984	-0.8672186136245728
23.541839599609375	1.3686676025390625
15.41928482055664	-4.570358753204346
21.531953811645508	3.347052574157715
21.426225662231445	-1.7226799726486206
19.75065040588379	-8.525460243225098
27.45490264892578	0.5310970544815063
22.02480697631836	-5.963260173797607
19.95829963684082	7.126912593841553
19.6761417388916	-8.886541366577148
18.996801376342773	-5.443972587585449
15.114524841308594	-9.044325828552246
23.6295166015625	-4.024168968200684
18.789649963378906	-3.447066307067871
19.10328483581543	4.759706974029541
21.787118911743164	-6.9107770919799805
27.739803314208984	-0.1370657980442047
22.957387924194336	-3.984971046447754
24.88105010986328	4.20739221572876
21.340816497802734	-7.09132194519043
15.479995727539062	-8.46870231628418
25.40680694580078	8.702714920043945
23.76018714904785	0.41816529631614685
29.334136962890625	8.425637245178223
23.10675048828125	-5.5607523918151855
20.545330047607422	1.1187553405761719
23.210403442382812	8.086132049560547
15.196372032165527	-8.855306625366211
18.081932067871094	-0.20191875100135803
24.983810424804688	-4.88494348526001
22.73598861694336	6.405477046966553
27.45895004272461	-0.12774410843849182
25.743040084838867	0.44061216711997986
27.912988662719727	9.05605411529541
21.940574645996094	6.402092456817627
20.41046142578125	-7.455003261566162
14.068575859069824	-7.516249179840088
17.873214721679688	3.4599461555480957
22.50986671447754	-5.784477710723877
25.43568992614746	2.9038562774658203
27.929479598999023	7.610655307769775
28.555553436279297	10.799942970275879
14.186262130737305	-7.6253557205200195
22.267255783081055	6.699282169342041
18.638315200805664	4.839915752410889
18.365840911865234	5.040399074554443
21.757863998413086	-5.608679294586182
26.522247314453125	0.10900983214378357
25.806785583496094	7.8145833015441895
13.841819763183594	-3.555446147918701
27.914365768432617	8.192109107971191
23.46969223022461	4.513359069824219
20.957216262817383	0.4793550670146942
20.960359573364258	-6.630906105041504
19.65424919128418	-8.818069458007812
25.53761863708496	-2.969865322113037
24.164730072021484	5.340641498565674
17.550439834594727	2.007256031036377
24.075777053833008	-5.4722771644592285
26.71923828125	7.178023815155029
17.45502471923828	2.039548397064209
19.223838806152344	-8.250551223754883
17.11345100402832	-6.693945407867432
19.24017333984375	-7.382390975952148
22.538537979125977	-7.165393352508545
28.214799880981445	10.171151161193848
15.73847770690918	-4.586949825286865
15.45042896270752	-4.68029260635376
14.54196834564209	-1.049080491065979
25.923397064208984	-1.9511200189590454
26.087108612060547	2.324516773223877
21.391098022460938	6.441592693328857
23.809322357177734	-5.724145889282227
21.792715072631836	-4.077788352966309
17.848613739013672	-3.7045962810516357
21.92474365234375	5.251041889190674
22.74034309387207	4.510043621063232
27.320085525512695	9.624866485595703
14.359389305114746	-7.932556629180908
24.971927642822266	1.0693862438201904
18.950889587402344	-5.965031147003174
25.8203125	7.794256687164307
22.453195571899414	6.399640083312988
26.41246223449707	7.567745685577393
20.29449462890625	-4.847423076629639
21.659345626831055	1.0989091396331787
17.356569290161133	0.4794115722179413
20.23442268371582	-5.476953983306885
26.955581665039062	9.144935607910156
19.998716354370117	1.4039585590362549
16.612369537353516	-8.780045509338379
27.72130584716797	10.961742401123047
14.30370807647705	-7.008853912353516
26.076866149902344	-3.4906747341156006
22.99696159362793	6.139200687408447
19.860498428344727	-6.218463897705078
25.33652114868164	-1.462659239768982
15.177251815795898	-0.8693755865097046
16.61930274963379	-6.876739501953125
27.301433563232422	10.463780403137207
18.144704818725586	-1.1282202005386353
18.902053833007812	-7.3999857902526855
17.36882209777832	0.7243722677230835
23.66916847229004	-4.032907485961914
27.48911476135254	10.193549156188965
16.576709747314453	4.139436721801758
27.793354034423828	0.7697521448135376
24.815940856933594	1.993944764137268
22.365182876586914	5.539108753204346
21.98931121826172	-4.099678039550781
25.23984718322754	9.56394100189209
15.753471374511719	-8.859333992004395
27.149574279785156	10.299352645874023
17.64038848876953	-5.105649471282959
22.541419982910156	6.241105556488037
18.20722007751465	2.521545886993408
26.983261108398438	10.091920852661133
21.61507797241211	-4.0291547775268555
18.32832145690918	2.249476432800293
27.608436584472656	7.371093273162842
18.82484245300293	-8.340192794799805
17.665307998657227	-0.3943864405155182
17.512826919555664	1.6619665622711182
20.483884811401367	-8.147104263305664
24.501785278320312	4.870486259460449
16.846248626708984	-8.062749862670898
19.9022274017334	4.178074836730957
21.0115909576416	-7.898025989532471
19.158727645874023	3.8061771392822266
22.319496154785156	0.41977056860923767
28.012691497802734	10.71652889251709
21.117769241333008	-3.2109923362731934
20.677709579467773	-7.038482189178467
17.393356323242188	-6.816478252410889
22.569231033325195	-3.0758442878723145
26.84211540222168	4.748951435089111
22.672348022460938	-4.3654961585998535
14.889827728271484	-2.8817555904388428
25.932064056396484	2.605832576751709
17.65373992919922	-7.496292591094971
14.869102478027344	-8.063895225524902
22.455976486206055	5.856670379638672
20.481416702270508	-8.079366683959961
23.23981475830078	4.743035793304443
22.65418815612793	-1.7480593919754028
18.148292541503906	-3.32121205329895
14.409134864807129	-3.710175037384033
22.9163761138916	-3.502875566482544
17.147512435913086	2.68837308883667
16.339336395263672	-8.67859935760498
26.850210189819336	10.195731163024902
20.865211486816406	-7.6984639167785645
16.951221466064453	-8.106598854064941
27.477001190185547	6.4946675300598145
25.148468017578125	-0.08196869492530823
26.28062629699707	8.507640838623047
20.214916229248047	4.677404880523682
21.312044143676758	-4.739639759063721
22.28255271911621	-5.747513771057129
18.741697311401367	-1.9070261716842651
17.97490882873535	-8.23608684539795
24.489578247070312	-4.650897026062012
21.936307907104492	6.447713375091553
25.65117073059082	-3.271578311920166
20.973947525024414	-5.823740482330322
26.903833389282227	-2.4838528633117676
26.93117332458496	5.013360977172852
26.887361526489258	6.691829681396484
14.418075561523438	-9.000725746154785
17.6649169921875	-7.4632134437561035
25.30537986755371	-2.4327378273010254
22.83542823791504	0.3099111020565033
18.552019119262695	-5.472538471221924
24.280168533325195	1.688538670539856
26.47203826904297	10.562705039978027
22.561704635620117	-7.265223979949951
15.469033241271973	2.423799991607666
16.543577194213867	-6.185240745544434
14.194421768188477	-7.55765962600708
25.72369384765625	-0.680965781211853
24.00366973876953	0.6331554651260376
15.044171333312988	-2.5402534008026123
19.611791610717773	-7.239552974700928
21.106307983398438	7.2307891845703125
26.817047119140625	9.604767799377441
15.129332542419434	-1.2767051458358765
14.147315979003906	-5.6539835929870605
26.532045364379883	9.228608131408691
17.5377254486084	-2.695993185043335
27.005573272705078	9.108113288879395
20.53742790222168	-8.480016708374023
25.04270362854004	8.122823715209961
27.145793914794922	9.721799850463867
20.340087890625	-7.147691249847412
16.471912384033203	-8.751153945922852
25.522748947143555	7.764652729034424
14.188555717468262	-6.2414326667785645
24.954240798950195	8.467199325561523
20.793731689453125	4.187618255615234
27.375728607177734	10.321974754333496
15.133345603942871	-1.496462106704712
17.707115173339844	4.057969093322754
13.991578102111816	-6.7706379890441895
14.507201194763184	-6.4438347816467285
21.041345596313477	-3.012455463409424
22.483230590820312	-7.219188213348389
25.703004837036133	1.1597330570220947
20.702720642089844	-8.050209045410156
26.587066650390625	-2.3074426651000977
20.511554718017578	5.364094257354736
19.996706008911133	4.329897880554199
27.59806251525879	0.44358667731285095
24.202159881591797	7.826023578643799
22.628063201904297	0.4328983724117279
23.90181541442871	-3.313145637512207
24.612516403198242	-1.0165272951126099
25.774253845214844	7.480452537536621
16.548250198364258	1.1556650400161743
21.469165802001953	-7.257219314575195
19.544322967529297	-5.92521333694458
14.152356147766113	-8.558032035827637
18.731548309326172	5.659468173980713
17.502483367919922	-4.791284084320068
25.00339698791504	-1.89852774143219
23.004112243652344	7.0589280128479
20.897335052490234	-2.770843505859375
23.375682830810547	7.662283420562744
28.746212005615234	10.61733341217041
24.589237213134766	-4.6719818115234375
27.49313735961914	5.88091516494751
27.704023361206055	-1.3231643438339233
22.264921188354492	-5.323141098022461
27.394847869873047	10.51904010772705
24.725528717041016	6.917573928833008
18.407835006713867	-4.035844802856445
18.45523452758789	6.164835453033447
13.77255916595459	-7.186590671539307
24.296035766601562	-5.03274393081665
25.724666595458984	7.101804256439209
20.66088104248047	-2.743309497833252
20.00334930419922	1.053151249885559
21.09577751159668	-8.329560279846191
29.23863983154297	1.6417564153671265
19.10733985900879	-5.873043537139893
15.189913749694824	-8.81094741821289
19.804811477661133	-5.101866722106934
17.19066047668457	-2.7993006706237793
22.607990264892578	2.362823486328125
26.514013290405273	-2.607893466949463
26.340866088867188	-2.38976788520813
24.046493530273438	-5.043516635894775
20.619853973388672	-3.2999138832092285
23.06985855102539	-2.106398820877075
23.996665954589844	-5.678577899932861
20.68157386779785	-5.407529830932617
24.412742614746094	4.910727024078369
25.068437576293945	-0.09622970223426819
19.52794647216797	-6.395486354827881
24.554677963256836	8.972228050231934
24.09147071838379	7.626184463500977
20.668182373046875	-5.98516321182251
19.683713912963867	-8.16545581817627
26.714414596557617	1.3955539464950562
20.258028030395508	3.8381595611572266
26.09050750732422	5.940167427062988
19.436538696289062	-3.6699798107147217
18.78781509399414	-5.585803508758545
28.1103458404541	2.26283860206604
22.678546905517578	6.2161054611206055
19.481494903564453	4.963247776031494
21.872453689575195	5.313226222991943
27.517908096313477	-0.9542218446731567
19.228363037109375	2.9847450256347656
20.809349060058594	-8.759571075439453
22.838897705078125	7.462785720825195
14.245190620422363	-8.367474555969238
14.281262397766113	-6.343351364135742
19.278987884521484	-9.687920570373535
14.576404571533203	-3.205916404724121
16.330717086791992	-7.4593987464904785
17.519855499267578	3.9714646339416504
25.1175537109375	6.383693218231201
20.188817977905273	-6.143466949462891
18.225658416748047	-6.239475727081299
26.67866325378418	-2.6895699501037598
19.547752380371094	-7.384021282196045
18.708959579467773	-8.658409118652344
21.086214065551758	-0.20457354187965393
25.062335968017578	2.2107675075531006
25.633697509765625	8.552945137023926
27.463279724121094	8.81622314453125
26.270925521850586	10.33642292022705
17.859596252441406	3.697575330734253
24.63465690612793	-0.42288318276405334
27.759231567382812	10.883584022521973
27.93899154663086	5.934074878692627
21.089733123779297	4.756404399871826
15.104928016662598	0.7891398668289185
18.871315002441406	2.3545494079589844
20.487855911254883	-8.429227828979492
26.703020095825195	-2.6923041343688965
14.486506462097168	-6.665963649749756
18.363061904907227	-8.214120864868164
14.487287521362305	-8.458974838256836
16.232402801513672	4.092041969299316
22.677658081054688	8.140049934387207
26.661930084228516	9.117026329040527
25.70461654663086	-2.2352702617645264
21.153255462646484	7.20989465713501
15.740118980407715	-8.579275131225586
27.557144165039062	4.212185382843018
25.847639083862305	3.3382744789123535
15.568010330200195	-7.545690059661865
18.80840492248535	-6.766118049621582
22.17105484008789	1.0610015392303467
27.113536834716797	-2.2815945148468018
23.404590606689453	2.0853567123413086
18.219877243041992	-0.08454790711402893
21.044166564941406	-8.699176788330078
18.016782760620117	3.93251895904541
20.532163619995117	-7.781472682952881
27.542234420776367	0.14778980612754822
22.042654037475586	-7.088675022125244
21.38889503479004	-4.823313236236572
22.157697677612305	5.723618984222412
25.411724090576172	8.767619132995605
23.38316535949707	5.925235271453857
21.88365936279297	-6.738700866699219
24.942779541015625	-0.15872326493263245
20.99802589416504	-7.5970330238342285
18.798006057739258	-8.5517578125
17.866291046142578	1.9824124574661255
26.491912841796875	9.513297080993652
27.282432556152344	1.7292964458465576
26.155061721801758	7.15890645980835
19.898605346679688	-6.81347131729126
20.030681610107422	-0.27717867493629456
28.94878578186035	6.471322536468506
23.998172760009766	-5.100820064544678
26.660980224609375	9.983548164367676
23.009628295898438	-6.6067633628845215
23.262250900268555	-6.854269504547119
17.790157318115234	1.1400872468948364
25.524444580078125	-2.419830322265625
26.893924713134766	10.106457710266113
14.291013717651367	-6.718899250030518
21.83744239807129	-8.183465003967285
20.623931884765625	-7.371177673339844
26.52938461303711	8.690739631652832
14.399175643920898	-8.397092819213867
26.98626708984375	10.002771377563477
25.350967407226562	9.255575180053711
27.061716079711914	7.254173278808594
21.06121063232422	6.561578273773193
21.406673431396484	1.4599649906158447
22.162290573120117	6.7897868156433105
22.256349563598633	1.5346606969833374
20.861465454101562	-8.624987602233887
23.74380874633789	-0.1494831144809723
21.099172592163086	-5.363225936889648
18.752124786376953	-4.725882053375244
25.233266830444336	7.849404811859131
26.923492431640625	10.53233814239502
24.432653427124023	-5.081090927124023
27.093074798583984	0.9173012971878052
17.19921875	2.778562068939209
21.406639099121094	5.94620943069458
21.23158073425293	-1.841054081916809
21.995258331298828	7.09651517868042
14.682769775390625	-0.7055407762527466
26.667221069335938	-2.005420446395874
18.866653442382812	0.010064452886581421
15.315449714660645	-9.184625625610352
17.666643142700195	1.5402487516403198
20.834125518798828	-7.874813079833984
20.36470603942871	-8.193355560302734
21.897258758544922	6.839493274688721
20.57890510559082	-8.328165054321289
27.25547981262207	9.228429794311523
18.132062911987305	-1.001330018043518
18.7348575592041	-2.2706148624420166
23.264862060546875	-5.956664085388184
24.426746368408203	-5.542260646820068
26.912418365478516	7.7904372215271
14.851507186889648	-8.763324737548828
14.006725311279297	-5.564353942871094
21.16592788696289	7.225714206695557
24.922847747802734	9.473702430725098
24.919986724853516	-3.072206974029541
23.26209259033203	5.106862545013428
18.03095245361328	0.5427752733230591
22.840959548950195	-5.056445598602295
27.25322914123535	-1.6163617372512817
26.33688735961914	-4.144082546234131
23.315139770507812	-6.582782745361328
19.503084182739258	5.663229465484619
21.591758728027344	-7.265577793121338
27.736572265625	9.15221118927002
28.27167320251465	1.7050139904022217
27.09172821044922	-0.3971194326877594
17.80426788330078	-5.782236576080322
21.984375	4.042158126831055
26.220033645629883	10.133309364318848
14.971182823181152	-8.241504669189453
26.94987678527832	0.9288973808288574
21.302356719970703	0.7779614925384521
23.288354873657227	7.912241458892822
21.1077880859375	-7.090052127838135
26.281848907470703	6.7181172370910645
18.072786331176758	-1.3455885648727417
14.187533378601074	-3.543365478515625
22.329315185546875	7.419325351715088
21.391315460205078	5.39111852645874
18.329246520996094	-3.9014787673950195
27.366003036499023	-1.6262286901474
19.167261123657227	-5.43107795715332
16.568140029907227	-8.16579532623291
20.26670265197754	4.183772087097168
24.25908088684082	-5.185120582580566
24.184337615966797	7.8185505867004395
21.845294952392578	-5.766551494598389
14.187872886657715	-7.073370456695557
23.700923919677734	8.362813949584961
21.913427352905273	-7.109729290008545
21.470836639404297	-1.4729012250900269
27.044204711914062	7.1910223960876465
16.822025299072266	-8.34276294708252
20.481996536254883	-7.752701282501221
18.829038619995117	-6.129892826080322
24.566131591796875	-5.24404764175415
19.142532348632812	-5.879085063934326
24.289892196655273	5.556051731109619
