1
27.446880340576172	27.244333267211914
13.876899719238281	12.599296569824219
22.7578067779541	22.28107452392578
18.86777114868164	18.164165496826172
19.902042388916016	19.22762107849121
15.369492530822754	14.382987976074219
18.50368881225586	17.807209014892578
13.068629264831543	11.701687812805176
15.256744384765625	14.312506675720215
27.545766830444336	27.360071182250977
16.27667808532715	15.411788940429688
20.435752868652344	19.7635498046875
16.923534393310547	16.134891510009766
19.878503799438477	19.281726837158203
16.31873321533203	15.463582992553711
15.40024185180664	14.350753784179688
27.49193572998047	27.284465789794922
16.306291580200195	15.43332290649414
26.66022491455078	26.40312957763672
14.26081371307373	13.02367115020752
22.763736724853516	22.23583984375
16.004268646240234	15.070664405822754
25.857162475585938	25.521692276000977
14.74559211730957	13.66525936126709
17.44231605529785	16.634485244750977
24.967941284179688	24.628074645996094
26.371910095214844	26.093564987182617
14.789867401123047	13.686470031738281
22.482196807861328	21.96753692626953
19.237388610839844	18.5260009765625
23.52170753479004	23.16305160522461
17.212934494018555	16.45479965209961
25.247581481933594	24.91490364074707
19.886009216308594	19.227312088012695
20.97874641418457	20.348918914794922
13.999532699584961	12.699272155761719
27.075651168823242	26.863849639892578
16.809162139892578	15.84399700164795
26.507047653198242	26.234216690063477
24.432207107543945	24.045108795166016
20.01729393005371	19.402332305908203
18.00262451171875	17.3321533203125
21.072154998779297	20.632265090942383
21.344459533691406	20.727298736572266
17.35597801208496	16.562639236450195
16.202281951904297	15.251471519470215
27.865585327148438	27.683544158935547
25.91375732421875	25.611618041992188
27.66271209716797	27.482257843017578
27.46902084350586	27.270153045654297
17.045391082763672	16.258676528930664
23.015779495239258	22.582963943481445
13.724203109741211	12.452784538269043
16.395631790161133	15.567591667175293
15.61331558227539	14.59858512878418
25.702503204345703	25.451953887939453
15.173174858093262	14.05433177947998
16.46369171142578	15.68677043914795
17.449668884277344	16.755693435668945
26.974872589111328	26.705413818359375
16.204858779907227	15.350456237792969
20.076875686645508	19.490419387817383
14.427316665649414	13.234286308288574
15.15367317199707	14.12000560760498
19.134977340698242	18.448284149169922
21.88848114013672	21.3743896484375
25.744903564453125	25.431598663330078
15.817625045776367	14.9208345413208
19.638858795166016	18.96166229248047
14.203428268432617	13.041996955871582
18.86056137084961	18.157642364501953
23.284523010253906	22.874267578125
26.250335693359375	25.98979377746582
22.337465286254883	21.766725540161133
25.100605010986328	24.773401260375977
24.567344665527344	24.21350860595703
23.884191513061523	23.47881317138672
22.763452529907227	22.354494094848633
13.796977996826172	12.517919540405273
25.285322189331055	24.9530029296875
21.855144500732422	21.319211959838867
20.99297523498535	20.37713623046875
15.499935150146484	14.528108596801758
23.11639404296875	22.65721893310547
18.630311965942383	18.09393310546875
26.37466812133789	26.083946228027344
13.358760833740234	12.058146476745605
21.396711349487305	20.911739349365234
18.72612953186035	18.106002807617188
24.225418090820312	23.7774715423584
18.200992584228516	17.594078063964844
27.049800872802734	26.785337448120117
26.886734008789062	26.627544403076172
26.423137664794922	26.147327423095703
13.05832290649414	11.727690696716309
15.530630111694336	14.515379905700684
17.413619995117188	16.66783332824707
27.086383819580078	26.83149528503418
13.697046279907227	12.396998405456543
15.278937339782715	14.179214477539062
18.029685974121094	17.23154640197754
14.892114639282227	13.798361778259277
20.0246524810791	19.35380744934082
13.968271255493164	12.803318977355957
21.217304229736328	20.600421905517578
20.34154510498047	19.703826904296875
19.890029907226562	19.21847152709961
15.062850952148438	14.036819458007812
25.34389877319336	25.158504486083984
14.666242599487305	13.554413795471191
13.381729125976562	12.055153846740723
14.318062782287598	13.101441383361816
24.99513053894043	24.73236083984375
18.18195343017578	17.43539047241211
17.63079261779785	16.957462310791016
27.021738052368164	26.790592193603516
14.987828254699707	13.878401756286621
22.043235778808594	21.585268020629883
16.903610229492188	16.073938369750977
26.46895980834961	26.19328498840332
22.66560173034668	22.137222290039062
24.762765884399414	24.507343292236328
14.226003646850586	13.004530906677246
24.381267547607422	23.98281478881836
17.782306671142578	16.916053771972656
26.47544288635254	26.175739288330078
26.600242614746094	26.406963348388672
26.107450485229492	25.793289184570312
21.29983139038086	20.67047119140625
23.10934829711914	22.74842071533203
25.582706451416016	25.271486282348633
27.262908935546875	27.06015396118164
14.659368515014648	13.495295524597168
21.82540512084961	21.30109405517578
24.78856086730957	24.427146911621094
25.47317886352539	25.17172622680664
20.365161895751953	19.703065872192383
14.123598098754883	12.886269569396973
22.501441955566406	21.962745666503906
22.27172088623047	21.783138275146484
26.600276947021484	26.34267807006836
26.602617263793945	26.371944427490234
14.986342430114746	13.856335639953613
15.907970428466797	14.96816635131836
27.450088500976562	27.268611907958984
23.8869571685791	23.50989532470703
25.379867553710938	25.041595458984375
25.280637741088867	25.026411056518555
21.865455627441406	21.470767974853516
20.79250717163086	20.265403747558594
20.698505401611328	20.046146392822266
21.014076232910156	20.42425537109375
18.358200073242188	17.66036033630371
17.255403518676758	16.373394012451172
14.936139106750488	13.875917434692383
17.722431182861328	16.96788787841797
16.85776138305664	16.08281707763672
16.66217613220215	15.687479972839355
24.944337844848633	24.585430145263672
15.894976615905762	15.01015567779541
17.17171287536621	16.406597137451172
15.24269962310791	14.220061302185059
24.534400939941406	24.171855926513672
18.164878845214844	17.516258239746094
13.187379837036133	11.852022171020508
27.21600914001465	27.03226089477539
27.38869285583496	27.15180206298828
27.782852172851562	27.59214210510254
24.770872116088867	24.408672332763672
26.5983943939209	26.32339859008789
27.03070831298828	26.85906219482422
15.023001670837402	13.962711334228516
17.247285842895508	16.317522048950195
17.59925079345703	16.879615783691406
14.684097290039062	13.5447416305542
27.081315994262695	26.851043701171875
17.61183738708496	16.857341766357422
15.272223472595215	14.272733688354492
25.893905639648438	25.62451171875
14.79764175415039	13.640889167785645
13.466205596923828	12.169647216796875
16.465938568115234	15.467366218566895
15.198748588562012	14.199014663696289
23.620317459106445	23.161285400390625
15.032870292663574	13.991168022155762
20.739261627197266	20.141536712646484
21.244245529174805	20.791767120361328
18.58289337158203	17.970102310180664
13.47016716003418	12.13437557220459
15.716248512268066	14.755669593811035
16.05554962158203	15.028267860412598
17.56934356689453	16.778549194335938
15.028478622436523	13.905411720275879
12.904581069946289	11.556443214416504
13.579011917114258	12.287528038024902
16.322185516357422	15.413683891296387
23.709537506103516	23.266483306884766
26.880733489990234	26.67364501953125
18.86310577392578	18.214393615722656
15.938167572021484	14.919100761413574
15.82072639465332	14.900594711303711
13.985003471374512	12.728665351867676
18.304874420166016	17.654926300048828
24.34709930419922	23.971555709838867
15.01974105834961	13.967696189880371
21.489822387695312	20.98505401611328
13.265724182128906	11.932757377624512
17.084224700927734	16.34337615966797
25.141658782958984	24.813905715942383
26.025897979736328	25.732200622558594
15.058204650878906	14.01514720916748
16.385663986206055	15.490935325622559
17.465042114257812	16.798248291015625
26.309370040893555	26.02822494506836
26.001008987426758	25.845008850097656
16.528493881225586	15.701126098632812
18.502723693847656	17.83901596069336
27.052318572998047	26.806814193725586
22.170320510864258	21.792415618896484
17.804779052734375	17.133747100830078
15.944321632385254	15.035094261169434
16.036428451538086	15.0921049118042
24.505483627319336	24.096139907836914
27.75448989868164	27.582740783691406
14.995187759399414	13.95935344696045
13.545787811279297	12.223250389099121
26.361642837524414	26.091848373413086
15.51049518585205	14.505592346191406
27.973045349121094	27.774288177490234
15.547379493713379	14.475557327270508
17.333080291748047	16.517879486083984
27.811424255371094	27.644336700439453
24.339160919189453	23.928796768188477
17.812925338745117	17.00030517578125
18.13787078857422	17.30892562866211
16.100828170776367	15.22243595123291
17.34723663330078	16.498516082763672
14.38048267364502	13.249232292175293
23.997425079345703	23.667736053466797
16.507671356201172	15.718825340270996
18.883710861206055	18.157299041748047
17.348289489746094	16.453487396240234
23.557849884033203	23.15538215637207
16.92470359802246	16.14809799194336
21.908824920654297	21.365089416503906
21.349472045898438	20.759784698486328
14.55103588104248	13.31926155090332
24.044034957885742	23.58684539794922
16.853816986083984	16.05019187927246
18.275428771972656	17.597030639648438
26.369720458984375	26.11972999572754
18.048221588134766	17.21858787536621
22.086505889892578	21.577377319335938
26.482887268066406	26.22573471069336
13.777188301086426	12.530213356018066
23.854759216308594	23.400283813476562
27.9674072265625	27.789819717407227
20.565975189208984	20.066926956176758
23.399303436279297	23.051223754882812
25.132314682006836	24.82365608215332
22.510095596313477	21.98564910888672
23.03974723815918	22.517818450927734
27.555831909179688	27.369543075561523
23.76164436340332	23.31024932861328
15.97606086730957	14.937211036682129
27.009334564208984	26.763174057006836
14.185815811157227	13.011185646057129
18.433609008789062	17.805389404296875
16.359619140625	15.431679725646973
18.536518096923828	17.88368034362793
19.952312469482422	19.255496978759766
16.632061004638672	15.907307624816895
14.900054931640625	13.849831581115723
22.369396209716797	21.976430892944336
17.709644317626953	16.846519470214844
15.897395133972168	14.95127010345459
22.76224136352539	22.244197845458984
27.58698844909668	27.394001007080078
16.189123153686523	15.174877166748047
19.265928268432617	18.54937744140625
17.567527770996094	16.918113708496094
21.450180053710938	20.84002685546875
26.734704971313477	26.455638885498047
16.182849884033203	15.279695510864258
27.343395233154297	27.117767333984375
18.326623916625977	17.52872657775879
24.813167572021484	24.45939826965332
14.038808822631836	12.80294132232666
19.709836959838867	19.032514572143555
16.37677574157715	15.514656066894531
19.57784652709961	18.987348556518555
23.187877655029297	22.740068435668945
25.205032348632812	24.843799591064453
15.594185829162598	14.61302661895752
13.807498931884766	12.522976875305176
21.69699478149414	21.13395118713379
15.854787826538086	14.975956916809082
21.35089111328125	20.747825622558594
15.107074737548828	14.003862380981445
24.641494750976562	24.20029067993164
18.803234100341797	18.24834632873535
14.262874603271484	13.052624702453613
15.03946304321289	13.949753761291504
15.250007629394531	14.24344539642334
24.952003479003906	24.62699317932129
23.49718475341797	23.053394317626953
18.625715255737305	17.99694061279297
24.694400787353516	24.31352424621582
21.239219665527344	20.787700653076172
20.959331512451172	20.32379913330078
14.448261260986328	13.320298194885254
14.631003379821777	13.455890655517578
16.20160675048828	15.338027000427246
20.92431640625	20.378921508789062
18.10589599609375	17.31617546081543
27.924673080444336	27.756023406982422
21.961585998535156	21.430559158325195
23.364789962768555	22.874744415283203
27.577136993408203	27.402881622314453
18.297325134277344	17.697755813598633
24.03378677368164	23.592044830322266
25.577058792114258	25.279922485351562
16.094009399414062	15.1599760055542
27.160518646240234	26.971132278442383
22.405410766601562	21.967227935791016
14.944154739379883	13.803327560424805
27.441043853759766	27.200292587280273
19.383928298950195	18.79601287841797
14.144695281982422	12.88135814666748
16.423715591430664	15.411548614501953
18.457332611083984	17.856842041015625
15.934778213500977	14.913405418395996
22.943180084228516	22.679851531982422
15.248244285583496	14.11074447631836
15.121539115905762	13.998026847839355
16.854585647583008	16.02286148071289
13.585540771484375	12.273168563842773
26.3564395904541	26.07659149169922
14.827071189880371	13.717984199523926
14.88241195678711	13.781046867370605
22.608476638793945	22.05992889404297
20.207504272460938	19.66193389892578
19.306379318237305	18.587072372436523
13.840598106384277	12.561339378356934
27.60104751586914	27.41636085510254
25.196704864501953	24.85269546508789
15.661413192749023	14.665099143981934
15.892766952514648	14.955916404724121
17.798500061035156	16.929107666015625
15.649518966674805	14.56651782989502
19.83495330810547	19.146350860595703
15.021247863769531	13.940566062927246
24.04085350036621	23.632436752319336
15.467308044433594	14.434819221496582
15.501371383666992	14.4357328414917
17.823650360107422	17.18857192993164
17.551471710205078	16.88835906982422
24.139755249023438	23.842784881591797
18.147171020507812	17.4412841796875
21.109745025634766	20.496200561523438
17.038942337036133	16.187028884887695
19.046688079833984	18.36917495727539
28.3687686920166	28.193706512451172
24.091754913330078	23.661426544189453
25.173974990844727	24.816743850708008
23.8231201171875	23.430795669555664
18.258380889892578	17.638145446777344
25.083492279052734	24.7677001953125
18.101688385009766	17.46080780029297
21.212966918945312	20.63455581665039
16.804981231689453	15.871926307678223
27.96697425842285	27.829368591308594
17.068758010864258	16.3050594329834
16.591114044189453	15.740718841552734
14.245366096496582	13.016016006469727
24.257766723632812	23.883705139160156
21.338388442993164	20.73871421813965
19.764333724975586	19.056442260742188
15.238789558410645	14.225296020507812
17.068675994873047	16.350309371948242
22.519813537597656	22.079227447509766
15.210380554199219	14.150826454162598
18.332975387573242	17.727296829223633
15.206746101379395	14.245625495910645
23.506717681884766	23.133543014526367
24.698406219482422	24.36240577697754
15.256625175476074	14.151080131530762
23.600303649902344	23.20394515991211
22.294950485229492	21.773975372314453
16.549930572509766	15.676112174987793
19.750850677490234	19.070619583129883
27.967262268066406	27.797758102416992
17.0726318359375	16.331212997436523
17.036964416503906	16.247333526611328
25.50759506225586	25.166988372802734
22.962921142578125	22.426368713378906
23.449071884155273	23.04119873046875
18.04511260986328	17.211933135986328
18.11667251586914	17.35962677001953
27.827003479003906	27.650035858154297
19.006975173950195	18.31810760498047
17.47447967529297	16.740657806396484
24.585620880126953	24.178483963012695
26.674631118774414	26.42264175415039
15.477612495422363	14.493693351745605
15.339068412780762	14.322829246520996
23.395679473876953	22.915771484375
14.500917434692383	13.337907791137695
26.080646514892578	25.77861785888672
26.305789947509766	25.997840881347656
23.519309997558594	23.012481689453125
22.97308349609375	22.48055648803711
15.99101448059082	15.050202369689941
21.64152717590332	21.084583282470703
19.69129753112793	19.127464294433594
18.22224235534668	17.42645263671875
16.968704223632812	16.19868278503418
16.003263473510742	15.000563621520996
15.137750625610352	14.103558540344238
19.309602737426758	18.772354125976562
15.781736373901367	14.794865608215332
24.24655532836914	23.811077117919922
18.826780319213867	18.089746475219727
16.48617172241211	15.680150032043457
24.23951530456543	23.822952270507812
25.615419387817383	25.29557991027832
25.273258209228516	24.933353424072266
15.588373184204102	14.531342506408691
18.332223892211914	17.544052124023438
21.572586059570312	20.962446212768555
13.799595832824707	12.5155668258667
26.380205154418945	26.11122703552246
14.936874389648438	13.874269485473633
24.490694046020508	24.22347640991211
15.072478294372559	13.93442153930664
22.64463233947754	22.148792266845703
25.627660751342773	25.257001876831055
24.022789001464844	23.633495330810547
19.654067993164062	18.99623680114746
25.88903045654297	25.62141990661621
19.14383316040039	18.64712905883789
28.232324600219727	28.04734230041504
25.64104461669922	25.306175231933594
19.514793395996094	18.933971405029297
26.53731918334961	26.29203224182129
20.178403854370117	19.506103515625
14.103071212768555	12.879752159118652
24.591854095458984	24.212753295898438
18.971357345581055	18.26869773864746
24.909814834594727	24.647993087768555
25.008312225341797	24.68988800048828
15.712291717529297	14.801877975463867
19.759153366088867	19.055200576782227
22.16936683654785	21.65797233581543
19.675790786743164	19.037742614746094
16.528276443481445	15.679255485534668
17.095359802246094	16.417987823486328
18.01439666748047	17.242847442626953
18.896610260009766	18.20642852783203
16.262235641479492	15.379475593566895
16.009445190429688	15.097371101379395
14.215851783752441	13.001980781555176
24.083759307861328	23.707931518554688
14.04800033569336	12.805216789245605
15.375028610229492	14.3014554977417
16.491100311279297	15.651789665222168
13.72359561920166	12.417387962341309
27.631141662597656	27.42215347290039
24.493892669677734	24.07740020751953
18.47987174987793	17.688072204589844
20.408803939819336	19.813461303710938
26.131664276123047	25.893808364868164
23.166839599609375	22.70838165283203
13.660980224609375	12.380258560180664
24.444963455200195	24.057865142822266
16.99303436279297	16.201204299926758
22.326465606689453	21.974096298217773
14.7247314453125	13.579712867736816
18.92122459411621	18.218181610107422
23.992626190185547	23.62407112121582
26.253742218017578	26.01455307006836
13.925943374633789	12.666390419006348
23.259763717651367	22.820236206054688
21.185041427612305	20.55732536315918
21.778467178344727	21.362476348876953
17.236005783081055	16.36354637145996
20.14109230041504	19.506214141845703
15.013331413269043	13.954575538635254
26.497528076171875	26.199817657470703
15.33289909362793	14.247122764587402
27.21646499633789	27.029499053955078
13.604047775268555	12.318839073181152
20.93084716796875	20.341733932495117
14.683157920837402	13.653586387634277
23.458572387695312	23.124286651611328
15.195686340332031	14.145277976989746
20.293903350830078	19.802827835083008
18.957143783569336	18.308849334716797
16.417179107666016	15.5639009475708
16.855064392089844	16.071453094482422
27.397361755371094	27.216716766357422
14.104822158813477	12.871042251586914
19.89841651916504	19.378049850463867
25.85010528564453	25.56684684753418
23.307514190673828	22.863943099975586
16.09162712097168	15.070799827575684
23.88758087158203	23.533021926879883
15.84890079498291	14.919215202331543
23.726318359375	23.35875701904297
22.004940032958984	21.408382415771484
13.903768539428711	12.605082511901855
15.489547729492188	14.479925155639648
16.41323471069336	15.577178001403809
25.981285095214844	25.684099197387695
22.94171142578125	22.573497772216797
19.573455810546875	18.938186645507812
13.74404239654541	12.524139404296875
14.09134292602539	12.831175804138184
26.686166763305664	26.477455139160156
22.805782318115234	22.38715362548828
26.48876953125	26.226749420166016
20.877532958984375	20.280967712402344
15.760821342468262	14.80192756652832
17.034822463989258	16.2611026763916
14.431646347045898	13.277626037597656
18.89324951171875	18.28136444091797
22.52223777770996	22.167938232421875
13.893524169921875	12.637974739074707
27.284645080566406	27.069095611572266
18.207847595214844	17.460363388061523
22.406566619873047	21.838306427001953
25.877843856811523	25.527408599853516
27.18276596069336	26.965124130249023
14.04513931274414	12.777728080749512
21.834659576416016	21.426504135131836
17.192089080810547	16.309429168701172
15.233912467956543	14.279879570007324
25.54874038696289	25.247074127197266
16.75714874267578	15.914196968078613
16.34800910949707	15.471983909606934
23.031042098999023	22.69789695739746
23.441326141357422	23.01061248779297
19.082618713378906	18.44365692138672
20.297740936279297	19.620346069335938
14.729708671569824	13.571866035461426
26.08440399169922	25.855083465576172
25.145305633544922	24.778600692749023
25.886966705322266	25.55593490600586
14.847404479980469	13.721153259277344
15.09939956665039	14.100727081298828
26.596420288085938	26.368560791015625
20.094900131225586	19.481918334960938
22.83266830444336	22.339599609375
19.525907516479492	18.803897857666016
13.710469245910645	12.414237022399902
25.324195861816406	24.950685501098633
21.412574768066406	20.9361572265625
16.44896697998047	15.643720626831055
15.317761421203613	14.297924041748047
21.71892547607422	21.21463394165039
27.97747802734375	27.80109214782715
26.432449340820312	26.167518615722656
22.089736938476562	21.793254852294922
20.46929168701172	20.003093719482422
23.27515411376953	22.801528930664062
26.40009307861328	26.117725372314453
14.452875137329102	13.237848281860352
15.817679405212402	14.84451961517334
19.914657592773438	19.34798240661621
23.86379623413086	23.45189094543457
14.527933120727539	13.369940757751465
15.93163013458252	14.978005409240723
26.928266525268555	26.694700241088867
25.033905029296875	24.73924446105957
21.94748306274414	21.620502471923828
19.888469696044922	19.240478515625
24.863428115844727	24.51125717163086
17.250953674316406	16.371395111083984
23.456253051757812	23.197925567626953
14.809504508972168	13.640456199645996
18.830310821533203	18.16603660583496
23.14505386352539	22.669113159179688
25.950172424316406	25.63296127319336
13.382022857666016	12.04637622833252
14.163302421569824	12.952698707580566
26.75402069091797	26.48900604248047
20.069499969482422	19.460948944091797
27.996814727783203	27.829219818115234
14.301762580871582	13.170228004455566
24.39218521118164	24.031558990478516
25.03313636779785	24.741649627685547
14.770294189453125	13.698739051818848
22.39077377319336	21.84885025024414
18.40036392211914	17.632953643798828
20.16461944580078	19.516727447509766
19.321922302246094	18.56957244873047
20.41985321044922	19.76337432861328
15.250415802001953	14.222822189331055
15.650470733642578	14.703251838684082
20.811532974243164	20.254600524902344
23.685382843017578	23.211624145507812
21.909313201904297	21.438434600830078
15.801366806030273	14.861202239990234
14.015599250793457	12.764481544494629
19.533523559570312	18.83924102783203
16.40125846862793	15.382739067077637
26.195497512817383	25.891443252563477
20.960617065429688	20.569244384765625
14.736818313598633	13.612519264221191
17.337921142578125	16.663944244384766
20.575580596923828	20.058074951171875
25.882244110107422	25.557397842407227
26.64252471923828	26.41992950439453
16.1112003326416	15.241028785705566
16.325254440307617	15.341826438903809
26.633092880249023	26.361225128173828
24.854164123535156	24.648603439331055
14.330453872680664	13.115826606750488
18.16783905029297	17.492076873779297
15.850669860839844	14.880270957946777
26.473047256469727	26.190889358520508
15.126916885375977	14.082602500915527
25.392383575439453	25.041358947753906
21.30754852294922	20.693675994873047
21.993122100830078	21.566415786743164
25.652801513671875	25.37582778930664
21.31169891357422	20.809587478637695
22.05352783203125	21.540935516357422
20.278032302856445	19.591381072998047
27.972877502441406	27.79074478149414
13.749141693115234	12.486419677734375
26.901323318481445	26.66128921508789
19.77840232849121	19.0778751373291
15.699651718139648	14.691349983215332
18.52410125732422	17.76814842224121
14.119274139404297	12.884427070617676
14.682867050170898	13.511322975158691
24.20379638671875	23.927005767822266
15.223701477050781	14.123549461364746
24.650684356689453	24.27509307861328
23.916927337646484	23.506332397460938
13.88754653930664	12.613635063171387
14.33117961883545	13.13659381866455
13.662760734558105	12.352511405944824
14.362115859985352	13.136651039123535
19.516868591308594	18.88010597229004
24.69198226928711	24.42326545715332
15.062676429748535	14.030444145202637
18.945859909057617	18.17926788330078
23.094337463378906	22.67343521118164
26.060575485229492	25.818641662597656
26.015365600585938	25.78187370300293
26.87628173828125	26.658832550048828
21.403949737548828	20.769258499145508
19.234468460083008	18.546743392944336
16.920612335205078	16.12335205078125
27.35306167602539	27.171852111816406
24.406904220581055	24.1334285736084
19.003360748291016	18.321186065673828
16.327747344970703	15.58984088897705
17.3958740234375	16.475839614868164
27.386062622070312	27.200374603271484
26.243080139160156	25.99047088623047
26.357877731323242	26.113800048828125
16.098495483398438	15.192824363708496
18.104530334472656	17.394922256469727
15.790254592895508	14.815140724182129
16.659446716308594	15.918145179748535
14.388229370117188	13.187149047851562
23.527772903442383	23.047794342041016
23.168010711669922	22.705883026123047
25.602853775024414	25.337055206298828
21.514408111572266	20.943801879882812
13.308271408081055	11.985748291015625
27.560150146484375	27.344715118408203
13.731035232543945	12.454707145690918
25.417821884155273	25.15342903137207
25.970684051513672	25.650775909423828
16.032899856567383	15.09827995300293
23.01114845275879	22.517215728759766
15.049398422241211	13.93813419342041
16.533889770507812	15.563187599182129
13.749979019165039	12.451870918273926
14.885608673095703	13.75919246673584
13.943751335144043	12.766488075256348
16.572071075439453	15.766264915466309
27.53494644165039	27.363861083984375
21.077924728393555	20.481983184814453
27.330944061279297	27.133914947509766
13.899537086486816	12.634005546569824
15.553589820861816	14.610068321228027
22.145004272460938	21.691633224487305
16.948972702026367	16.08281135559082
25.484586715698242	25.160669326782227
17.673786163330078	16.971824645996094
24.84176254272461	24.454936981201172
25.811904907226562	25.53814697265625
14.389918327331543	13.252943992614746
20.91393280029297	20.294286727905273
18.835643768310547	18.17817497253418
23.140777587890625	22.721996307373047
14.446976661682129	13.311022758483887
18.24782943725586	17.64361000061035
18.319194793701172	17.512767791748047
14.909493446350098	13.805394172668457
27.18912124633789	26.991615295410156
22.775493621826172	22.26473617553711
19.66509437561035	18.951129913330078
27.085678100585938	26.831859588623047
21.86193084716797	21.340599060058594
22.066993713378906	21.506694793701172
23.87754249572754	23.486160278320312
19.797889709472656	19.303993225097656
16.74929428100586	15.952680587768555
26.373619079589844	26.08547592163086
16.233898162841797	15.351799964904785
16.269866943359375	15.39490032196045
23.583984375	23.12272834777832
14.81683349609375	13.687973976135254
24.695310592651367	24.308643341064453
24.456037521362305	24.065752029418945
20.58456802368164	19.946258544921875
15.944598197937012	15.005709648132324
23.333459854125977	22.860366821289062
16.26295280456543	15.334961891174316
17.020843505859375	16.103271484375
22.122150421142578	21.595691680908203
26.082996368408203	25.809288024902344
13.636565208435059	12.334763526916504
19.851200103759766	19.14403533935547
14.206242561340332	12.98008918762207
27.68124771118164	27.497394561767578
16.405704498291016	15.421032905578613
23.56066131591797	23.155029296875
23.160667419433594	22.721986770629883
14.07476806640625	12.85512638092041
20.075246810913086	19.624160766601562
14.021356582641602	12.778498649597168
17.910842895507812	17.069561004638672
15.884685516357422	14.846976280212402
16.683881759643555	15.866814613342285
22.12078857421875	21.611595153808594
14.036263465881348	12.802464485168457
21.431541442871094	21.082805633544922
23.855253219604492	23.422487258911133
15.537635803222656	14.551350593566895
24.64076805114746	24.257080078125
24.743362426757812	24.542163848876953
24.373241424560547	24.040985107421875
25.83403205871582	25.56845474243164
19.425201416015625	18.709304809570312
21.335853576660156	20.909473419189453
17.219139099121094	16.410612106323242
15.772666931152344	14.783947944641113
15.305877685546875	14.214059829711914
23.947525024414062	23.624021530151367
23.13458251953125	22.62430763244629
18.288360595703125	17.497474670410156
25.7753963470459	25.469783782958984
21.925296783447266	21.383712768554688
27.5152530670166	27.31731605529785
17.26864242553711	16.616714477539062
24.909378051757812	24.57305335998535
16.302778244018555	15.375106811523438
26.831218719482422	26.582178115844727
25.870460510253906	25.620323181152344
16.151256561279297	15.160040855407715
22.96276092529297	22.54587173461914
15.589065551757812	14.513379096984863
22.499526977539062	22.124553680419922
13.663795471191406	12.36079216003418
14.595902442932129	13.4750337600708
17.10859489440918	16.213104248046875
18.75120735168457	17.99872589111328
21.439498901367188	21.108489990234375
28.202598571777344	28.032651901245117
27.460596084594727	27.295900344848633
22.706195831298828	22.17556381225586
17.624311447143555	16.73491668701172
15.111854553222656	14.038346290588379
16.327163696289062	15.419890403747559
13.47826862335205	12.149994850158691
23.15125274658203	22.653852462768555
21.692386627197266	21.119102478027344
16.476163864135742	15.682045936584473
21.64820098876953	21.14452362060547
13.744003295898438	12.470630645751953
19.856327056884766	19.366971969604492
17.85580825805664	17.22599983215332
19.080509185791016	18.38672637939453
18.387317657470703	17.66854476928711
26.488096237182617	26.251543045043945
20.993711471557617	20.382413864135742
24.31900405883789	23.918258666992188
25.0477352142334	24.67837905883789
14.152774810791016	12.97341537475586
23.213783264160156	22.93343734741211
20.46773338317871	19.96216583251953
15.418730735778809	14.453919410705566
19.869461059570312	19.30689239501953
24.74746322631836	24.434127807617188
25.484207153320312	25.167715072631836
20.07712173461914	19.455963134765625
14.032817840576172	12.789063453674316
16.362472534179688	15.42800235748291
13.708345413208008	12.414258003234863
26.277971267700195	26.012325286865234
21.68836212158203	21.206212997436523
20.858060836791992	20.21428680419922
23.204687118530273	22.73413848876953
15.083883285522461	13.988519668579102
27.917695999145508	27.741832733154297
24.742534637451172	24.311412811279297
22.73029899597168	22.232547760009766
22.8922119140625	22.364547729492188
14.741107940673828	13.69987678527832
15.824495315551758	14.782132148742676
18.42955207824707	17.6020450592041
18.505176544189453	17.821420669555664
26.427566528320312	26.255064010620117
13.78859806060791	12.493833541870117
19.172576904296875	18.674461364746094
22.578655242919922	22.153839111328125
15.096992492675781	14.028587341308594
20.0731201171875	19.382862091064453
13.310532569885254	12.01353931427002
13.012907981872559	11.678946495056152
20.782926559448242	20.141511917114258
27.954513549804688	27.780630111694336
26.21057891845703	25.98111915588379
15.227609634399414	14.22475528717041
15.295291900634766	14.175063133239746
16.11859703063965	15.077691078186035
20.473085403442383	19.97243881225586
23.785961151123047	23.327430725097656
15.856504440307617	14.885201454162598
21.393064498901367	20.8430118560791
22.297466278076172	21.751996994018555
16.775421142578125	15.978118896484375
15.019845962524414	13.951916694641113
18.43450355529785	17.730026245117188
22.582807540893555	22.086708068847656
17.905887603759766	17.086181640625
22.052026748657227	21.557403564453125
15.134062767028809	14.063090324401855
22.99236297607422	22.624317169189453
17.04079818725586	16.07289695739746
16.74937629699707	15.977991104125977
16.961292266845703	16.2164363861084
13.750591278076172	12.521388053894043
14.489521980285645	13.320210456848145
28.219667434692383	28.057397842407227
22.84820556640625	22.3118896484375
14.107108116149902	12.893242835998535
17.78091812133789	17.057416915893555
22.001482009887695	21.41705322265625
22.89324951171875	22.490463256835938
21.0111026763916	20.495277404785156
13.894085884094238	12.646780967712402
14.945158004760742	13.851263999938965
22.587352752685547	22.21894073486328
14.707315444946289	13.638347625732422
23.688884735107422	23.379770278930664
15.851057052612305	14.891222953796387
17.686738967895508	17.04604721069336
17.766620635986328	17.133108139038086
27.434307098388672	27.202550888061523
24.564167022705078	24.176219940185547
23.14700698852539	22.607818603515625
24.00809097290039	23.71409034729004
17.616605758666992	16.933584213256836
24.18657875061035	23.8529109954834
26.24752426147461	25.9802188873291
25.34781265258789	24.99005889892578
27.123153686523438	26.905540466308594
20.42436981201172	20.001853942871094
26.518104553222656	26.197200775146484
13.6612548828125	12.42062759399414
25.180377960205078	24.8443546295166
24.6688175201416	24.32424545288086
15.558452606201172	14.597135543823242
23.358116149902344	23.04161262512207
15.05716323852539	14.02787971496582
27.781665802001953	27.615432739257812
16.52614402770996	15.524820327758789
25.418596267700195	25.10503578186035
28.203697204589844	28.03792953491211
16.84456443786621	16.083568572998047
19.797666549682617	19.106006622314453
20.060165405273438	19.555578231811523
21.73446273803711	21.2112979888916
27.734798431396484	27.546520233154297
26.112632751464844	25.791784286499023
16.863935470581055	16.134172439575195
21.285202026367188	20.665340423583984
22.88192367553711	22.431171417236328
15.571727752685547	14.527369499206543
15.703636169433594	14.727280616760254
18.00354766845703	17.356826782226562
15.376567840576172	14.326889991760254
18.771976470947266	18.135791778564453
23.90991973876953	23.482357025146484
16.21261215209961	15.222312927246094
14.338371276855469	13.150571823120117
26.034940719604492	25.801647186279297
21.06510353088379	20.46197509765625
21.154403686523438	20.792251586914062
26.612287521362305	26.343120574951172
16.780860900878906	16.004228591918945
22.72478485107422	22.200603485107422
26.34958839416504	26.050825119018555
17.30823516845703	16.59518814086914
14.425227165222168	13.298904418945312
15.467906951904297	14.3994140625
25.503419876098633	25.189228057861328
18.52461051940918	17.92987060546875
18.23970603942871	17.452442169189453
17.595054626464844	16.750041961669922
16.761510848999023	15.871705055236816
24.967880249023438	24.612300872802734
20.93394660949707	20.354827880859375
21.85259246826172	21.325458526611328
22.060834884643555	21.534503936767578
16.480918884277344	15.698857307434082
16.321834564208984	15.417956352233887
23.49413299560547	23.007736206054688
17.73904037475586	16.923057556152344
13.797990798950195	12.521967887878418
23.374860763549805	22.916799545288086
14.453163146972656	13.274024963378906
24.653581619262695	24.28123664855957
27.350107192993164	27.130651473999023
28.152103424072266	27.984661102294922
18.465124130249023	17.939180374145508
13.915283203125	12.656167030334473
20.33068084716797	19.73386573791504
19.06145668029785	18.42704963684082
15.284317016601562	14.301253318786621
15.306802749633789	14.267959594726562
21.940502166748047	21.360013961791992
25.44983673095703	25.113780975341797
26.1319580078125	25.80891227722168
17.936115264892578	17.148561477661133
17.537628173828125	16.790000915527344
19.914295196533203	19.272594451904297
25.625478744506836	25.302982330322266
18.632083892822266	17.867706298828125
16.19780731201172	15.266335487365723
22.813156127929688	22.324947357177734
21.681644439697266	21.146221160888672
14.75825309753418	13.575722694396973
15.286966323852539	14.25909423828125
14.345043182373047	13.130806922912598
16.445724487304688	15.498212814331055
17.82352066040039	16.97939682006836
27.396934509277344	27.160266876220703
25.33478546142578	25.016830444335938
25.996681213378906	25.691360473632812
15.705680847167969	14.786681175231934
25.722084045410156	25.43238067626953
14.093217849731445	12.846296310424805
14.390222549438477	13.161385536193848
23.945140838623047	23.594818115234375
22.81244468688965	22.3480224609375
27.543888092041016	27.332040786743164
24.464069366455078	24.06346893310547
24.5107364654541	24.14845085144043
23.57260513305664	23.242809295654297
22.893993377685547	22.492595672607422
17.705766677856445	16.850791931152344
15.446322441101074	14.380209922790527
24.782028198242188	24.478641510009766
15.748095512390137	14.692010879516602
24.812355041503906	24.511707305908203
18.102087020874023	17.42388153076172
20.07802963256836	19.407011032104492
15.76958179473877	14.783001899719238
22.414413452148438	22.002662658691406
13.901707649230957	12.624484062194824
24.095279693603516	23.661659240722656
16.773853302001953	15.825783729553223
15.488005638122559	14.37753963470459
24.295625686645508	23.956756591796875
27.53390121459961	27.339601516723633
13.785873413085938	12.500082015991211
13.575843811035156	12.272955894470215
22.417957305908203	21.955238342285156
15.297563552856445	14.287339210510254
15.753046989440918	14.799351692199707
13.917062759399414	12.715794563293457
19.045501708984375	18.32094955444336
23.19234848022461	22.76987648010254
16.250022888183594	15.260847091674805
26.172470092773438	25.892730712890625
22.388158798217773	21.97314453125
17.608537673950195	16.95277976989746
13.695878028869629	12.397027969360352
13.568437576293945	12.26906967163086
16.818735122680664	16.064817428588867
14.030651092529297	12.771513938903809
24.977794647216797	24.59354591369629
27.088775634765625	26.900346755981445
20.70161247253418	20.06375503540039
26.274803161621094	25.98793601989746
22.789026260375977	22.261791229248047
21.184524536132812	20.649681091308594
18.212711334228516	17.484941482543945
14.45769214630127	13.413275718688965
16.062646865844727	15.028338432312012
21.73417854309082	21.131607055664062
26.63404083251953	26.377079010009766
14.439355850219727	13.265953063964844
19.775413513183594	19.21549415588379
16.36258316040039	15.36157512664795
14.107882499694824	12.940125465393066
22.1168212890625	21.73480224609375
17.875232696533203	17.018497467041016
22.020797729492188	21.451004028320312
14.354755401611328	13.163131713867188
14.703531265258789	13.560516357421875
15.285313606262207	14.24892520904541
26.22972869873047	25.93224334716797
17.119091033935547	16.25580596923828
25.53496742248535	25.226226806640625
13.00533676147461	11.661975860595703
21.55820655822754	20.939647674560547
14.96424388885498	13.866891860961914
17.881568908691406	17.262142181396484
16.09682846069336	15.184432029724121
23.413434982299805	22.9608154296875
16.354888916015625	15.34654712677002
13.838970184326172	12.55715274810791
16.59408950805664	15.753462791442871
26.543495178222656	26.2729549407959
18.660621643066406	18.025558471679688
14.18374252319336	12.921828269958496
25.57042694091797	25.245685577392578
28.170881271362305	27.99209213256836
19.235740661621094	18.520095825195312
21.64499855041504	21.037052154541016
20.03038787841797	19.50161361694336
18.943967819213867	18.16885757446289
16.238481521606445	15.335558891296387
23.55590057373047	23.140663146972656
15.68399715423584	14.700142860412598
23.281787872314453	22.885028839111328
25.405513763427734	25.114208221435547
15.135650634765625	14.072598457336426
14.163702964782715	12.987308502197266
17.269332885742188	16.534103393554688
15.952033996582031	14.940688133239746
28.42082977294922	28.248884201049805
23.575389862060547	23.128671646118164
21.192913055419922	20.626590728759766
20.74616813659668	20.217269897460938
26.718196868896484	26.44510269165039
21.20647430419922	20.643001556396484
16.918493270874023	16.162479400634766
16.526805877685547	15.710533142089844
19.47283172607422	18.780479431152344
19.771385192871094	19.11443328857422
16.858253479003906	15.989996910095215
23.676292419433594	23.233945846557617
16.095916748046875	15.23287296295166
16.606082916259766	15.76811695098877
15.153817176818848	14.085358619689941
27.162307739257812	26.943758010864258
18.254453659057617	17.661483764648438
27.96731185913086	27.781707763671875
18.881126403808594	18.206262588500977
25.064552307128906	24.68088150024414
17.793291091918945	17.1462459564209
25.842750549316406	25.53453826904297
26.286014556884766	26.060394287109375
22.130523681640625	21.554161071777344
27.672801971435547	27.513368606567383
16.43791961669922	15.493013381958008
18.57619285583496	18.007568359375
18.24231719970703	17.610164642333984
25.572175979614258	25.3254451751709
25.40837287902832	25.097431182861328
18.10890769958496	17.310781478881836
17.448720932006836	16.66733169555664
28.19929313659668	28.008956909179688
16.17487907409668	15.275160789489746
24.711074829101562	24.38991355895996
27.733196258544922	27.544635772705078
12.924162864685059	11.530787467956543
21.2279109954834	20.732372283935547
15.65768814086914	14.774457931518555
14.959524154663086	13.833769798278809
28.10053253173828	27.91832733154297
19.127777099609375	18.386737823486328
20.40076446533203	19.823087692260742
15.942103385925293	14.92227554321289
22.75514793395996	22.21714973449707
25.581581115722656	25.312082290649414
14.414942741394043	13.218340873718262
16.541549682617188	15.586697578430176
13.99421215057373	12.743499755859375
22.33926010131836	21.81961441040039
16.4001522064209	15.423258781433105
20.651294708251953	20.067081451416016
28.428325653076172	28.267547607421875
22.80261993408203	22.301048278808594
26.736907958984375	26.472305297851562
25.277748107910156	24.904905319213867
16.483543395996094	15.618321418762207
17.178794860839844	16.40115737915039
23.469825744628906	23.013381958007812
24.171241760253906	23.869731903076172
23.509965896606445	23.03015899658203
15.822124481201172	14.923460006713867
20.345460891723633	19.676767349243164
18.19156265258789	17.389240264892578
18.444639205932617	17.83875274658203
20.060630798339844	19.47678565979004
16.527027130126953	15.76945972442627
17.788516998291016	17.075023651123047
13.849943161010742	12.600071907043457
25.840709686279297	25.501708984375
14.551233291625977	13.446425437927246
23.604997634887695	23.138301849365234
20.68611717224121	20.105756759643555
21.67652702331543	21.06456756591797
16.72780418395996	15.933367729187012
18.43602752685547	17.78160858154297
13.433259963989258	12.152504920959473
27.580936431884766	27.388879776000977
24.403871536254883	24.027618408203125
16.358972549438477	15.386998176574707
20.29195785522461	19.605148315429688
17.61078453063965	16.943206787109375
15.05228042602539	13.955342292785645
14.64742660522461	13.501286506652832
15.038922309875488	13.969378471374512
14.604869842529297	13.433903694152832
24.88986587524414	24.557519912719727
16.381006240844727	15.424104690551758
18.028715133666992	17.20808219909668
21.851299285888672	21.41901206970215
15.292707443237305	14.228897094726562
24.924652099609375	24.585330963134766
14.844703674316406	13.723956108093262
26.022737503051758	25.723804473876953
13.846187591552734	12.66374683380127
27.615009307861328	27.39510726928711
19.051952362060547	18.415451049804688
23.639022827148438	23.163814544677734
18.937053680419922	18.21336555480957
13.41389274597168	12.078408241271973
17.083375930786133	16.336488723754883
24.064138412475586	23.744903564453125
20.46453285217285	19.828582763671875
15.210304260253906	14.188676834106445
19.883541107177734	19.201847076416016
24.493173599243164	24.104501724243164
26.95014762878418	26.72138786315918
22.137928009033203	21.736377716064453
27.338420867919922	27.14899444580078
19.662343978881836	18.94533348083496
26.440462112426758	26.194591522216797
21.933568954467773	21.46104621887207
14.504899978637695	13.35632038116455
19.497486114501953	18.894268035888672
14.474163055419922	13.26224422454834
17.383411407470703	16.61876106262207
18.856037139892578	18.30377960205078
24.732603073120117	24.377544403076172
16.259309768676758	15.391327857971191
25.883615493774414	25.60138702392578
17.106966018676758	16.194047927856445
16.67023277282715	15.854710578918457
22.308853149414062	21.816486358642578
14.00163459777832	12.74994945526123
16.82291030883789	15.881277084350586
16.526031494140625	15.622611045837402
22.131216049194336	21.55257225036621
23.895339965820312	23.596942901611328
20.088308334350586	19.4451904296875
18.024436950683594	17.183948516845703
19.816791534423828	19.308530807495117
17.590181350708008	16.828365325927734
14.56879711151123	13.386458396911621
20.507038116455078	19.822830200195312
17.24154281616211	16.584564208984375
27.35660171508789	27.160743713378906
26.510784149169922	26.23594856262207
27.981962203979492	27.822429656982422
18.089458465576172	17.416770935058594
19.265663146972656	18.701950073242188
14.089275360107422	12.92728328704834
24.52249526977539	24.17675018310547
27.89276123046875	27.71453094482422
17.103191375732422	16.19499397277832
16.005231857299805	15.020007133483887
16.401748657226562	15.498198509216309
14.059288024902344	12.809046745300293
16.189836502075195	15.200373649597168
16.10643196105957	15.196309089660645
15.13998031616211	14.096843719482422
17.239349365234375	16.48027992248535
18.303787231445312	17.657066345214844
13.999412536621094	12.756052017211914
27.7488956451416	27.573898315429688
16.496414184570312	15.71753215789795
14.944358825683594	13.8168306350708
20.106468200683594	19.581743240356445
25.74488067626953	25.459442138671875
27.432125091552734	27.20131492614746
21.5704345703125	21.080617904663086
19.911048889160156	19.26317024230957
17.32440948486328	16.622575759887695
16.901456832885742	16.106182098388672
27.394569396972656	27.201099395751953
13.259218215942383	11.94173526763916
21.81391716003418	21.264324188232422
17.356979370117188	16.438138961791992
14.439863204956055	13.215170860290527
27.411300659179688	27.153575897216797
18.504436492919922	17.797664642333984
16.49093246459961	15.663674354553223
21.29092025756836	20.665578842163086
20.138505935668945	19.672325134277344
27.5240478515625	27.273212432861328
22.656131744384766	22.26449966430664
17.42980194091797	16.743331909179688
20.73929786682129	20.10936164855957
15.63076400756836	14.613587379455566
18.693937301635742	18.085405349731445
15.09924030303955	14.037507057189941
27.88029670715332	27.71491241455078
13.884528160095215	12.606770515441895
20.589290618896484	20.096092224121094
14.19006633758545	13.04715633392334
21.790023803710938	21.23145294189453
20.21338653564453	19.542285919189453
14.441431045532227	13.221595764160156
23.0163516998291	22.512874603271484
17.171146392822266	16.46528434753418
13.691916465759277	12.418624877929688
16.258970260620117	15.353194236755371
22.34029769897461	21.939208984375
27.750640869140625	27.569156646728516
15.679099082946777	14.723965644836426
22.94569969177246	22.428207397460938
19.542949676513672	18.84847640991211
27.823625564575195	27.626907348632812
19.391616821289062	18.69173240661621
18.600982666015625	17.939815521240234
25.917346954345703	25.65781021118164
25.599689483642578	25.238100051879883
16.048368453979492	15.128058433532715
16.839244842529297	16.04768943786621
27.22884178161621	27.05081558227539
26.59027099609375	26.32509422302246
19.77303695678711	19.179704666137695
19.36797332763672	18.737674713134766
22.460693359375	21.9111328125
23.215068817138672	22.7222900390625
15.445059776306152	14.480740547180176
26.238000869750977	26.00664520263672
22.688152313232422	22.16887092590332
14.071306228637695	12.801650047302246
15.625253677368164	14.553877830505371
23.477474212646484	23.009185791015625
27.640012741088867	27.45362663269043
17.703222274780273	16.97113609313965
16.26630210876465	15.373587608337402
19.20768165588379	18.649110794067383
18.51821517944336	17.85568618774414
21.170320510864258	20.761377334594727
19.061534881591797	18.51566505432129
15.249442100524902	14.123998641967773
18.23550033569336	17.573566436767578
18.0133056640625	17.290279388427734
19.499839782714844	18.808481216430664
26.888809204101562	26.607189178466797
25.162940979003906	24.839214324951172
27.74567413330078	27.52422332763672
27.95104217529297	27.753219604492188
19.27155876159668	18.665935516357422
20.527894973754883	19.880151748657227
16.457584381103516	15.585453987121582
17.751379013061523	16.99399757385254
16.9565372467041	16.174203872680664
18.28481674194336	17.54243278503418
16.058273315429688	15.136819839477539
15.29000473022461	14.274626731872559
19.333080291748047	18.68001937866211
21.33944320678711	20.744596481323242
20.174293518066406	19.641422271728516
23.1096248626709	22.619892120361328
14.958980560302734	13.842616081237793
24.883934020996094	24.503808975219727
18.04168128967285	17.396015167236328
26.317676544189453	26.035228729248047
15.950504302978516	15.049493789672852
18.304119110107422	17.573490142822266
27.314950942993164	27.116287231445312
22.49884796142578	22.015748977661133
23.16280746459961	22.74330711364746
15.257223129272461	14.214680671691895
20.088274002075195	19.473445892333984
15.664107322692871	14.664298057556152
13.948009490966797	12.677273750305176
16.001821517944336	15.109469413757324
19.23605728149414	18.649324417114258
18.70707130432129	18.108070373535156
16.052446365356445	15.080231666564941
16.76013946533203	15.973505020141602
23.73260498046875	23.351770401000977
19.409420013427734	18.800251007080078
27.773326873779297	27.57064437866211
15.291339874267578	14.310051918029785
22.29250717163086	21.74794578552246
17.13360023498535	16.358335494995117
25.422618865966797	25.044578552246094
25.401140213012695	25.054946899414062
22.661197662353516	22.266799926757812
15.727577209472656	14.72676944732666
24.45096206665039	24.1343994140625
22.553699493408203	22.108558654785156
13.563607215881348	12.258532524108887
24.59537696838379	24.262874603271484
19.972578048706055	19.301891326904297
18.382949829101562	17.619794845581055
18.442047119140625	17.716447830200195
23.605443954467773	23.30597686767578
26.32468032836914	26.102706909179688
26.621816635131836	26.365520477294922
26.929651260375977	26.683917999267578
15.38957405090332	14.392788887023926
14.820283889770508	13.706413269042969
15.194945335388184	14.1814546585083
21.38231658935547	20.930583953857422
19.172504425048828	18.495189666748047
18.723365783691406	17.972658157348633
21.459041595458984	20.95805549621582
16.32586097717285	15.332538604736328
27.552635192871094	27.355754852294922
23.35068130493164	22.913352966308594
20.262428283691406	19.853452682495117
19.493711471557617	18.751319885253906
22.08617401123047	21.538414001464844
24.22309112548828	23.897558212280273
19.792505264282227	19.109752655029297
28.460296630859375	28.294090270996094
24.916141510009766	24.562843322753906
14.297645568847656	13.074856758117676
25.561208724975586	25.2227840423584
17.91260528564453	17.196502685546875
24.42193603515625	24.075977325439453
18.422239303588867	17.789894104003906
26.919641494750977	26.724876403808594
26.740835189819336	26.487594604492188
14.06275463104248	12.82170581817627
17.919647216796875	17.123140335083008
19.20482635498047	18.525758743286133
26.770095825195312	26.54092788696289
27.70389747619629	27.507822036743164
15.129977226257324	14.099024772644043
13.72878646850586	12.44259262084961
15.672822952270508	14.59822940826416
20.98733901977539	20.378337860107422
15.578916549682617	14.562520980834961
27.605077743530273	27.387149810791016
23.760128021240234	23.331335067749023
18.825950622558594	18.119028091430664
20.830554962158203	20.27846908569336
18.852523803710938	18.34840202331543
21.252084732055664	20.631099700927734
16.41356086730957	15.590916633605957
14.892117500305176	13.8483304977417
24.67989730834961	24.471752166748047
21.30323600769043	20.675037384033203
14.658309936523438	13.5695161819458
18.494152069091797	17.777292251586914
16.0618953704834	15.150042533874512
20.358421325683594	19.70953369140625
14.036916732788086	12.808369636535645
26.12071990966797	25.85922622680664
17.964290618896484	17.314834594726562
21.889692306518555	21.390350341796875
15.88790225982666	14.89050579071045
20.134449005126953	19.435747146606445
19.03144073486328	18.433237075805664
13.981822967529297	12.738378524780273
17.752723693847656	17.093708038330078
18.52566146850586	17.82088851928711
24.420568466186523	24.033355712890625
27.377483367919922	27.17526626586914
23.190732955932617	22.914873123168945
18.490690231323242	17.738927841186523
14.08626651763916	12.841606140136719
20.994548797607422	20.33507537841797
14.290771484375	13.109511375427246
16.38593292236328	15.516879081726074
13.116935729980469	11.732109069824219
27.640260696411133	27.46957015991211
13.63673210144043	12.375964164733887
26.86327362060547	26.63210678100586
20.76509666442871	20.31858253479004
19.2171688079834	18.553613662719727
20.566328048706055	20.135465621948242
14.418294906616211	13.278931617736816
13.638725280761719	12.355717658996582
25.899568557739258	25.652189254760742
15.978105545043945	15.090180397033691
19.154129028320312	18.500940322875977
28.012054443359375	27.840740203857422
18.53607177734375	17.859600067138672
19.03194808959961	18.414348602294922
16.322343826293945	15.437188148498535
28.52268409729004	28.35919189453125
25.22725486755371	24.892654418945312
20.880786895751953	20.257007598876953
15.109100341796875	14.028620719909668
25.569744110107422	25.261474609375
24.03412628173828	23.59244728088379
15.233146667480469	14.20799446105957
14.699586868286133	13.520440101623535
16.58332061767578	15.744388580322266
23.520801544189453	23.030040740966797
19.754575729370117	19.058115005493164
18.334823608398438	17.542940139770508
18.956642150878906	18.203662872314453
15.36089038848877	14.395794868469238
17.043323516845703	16.2340030670166
19.022502899169922	18.39647674560547
21.195232391357422	20.594844818115234
20.872013092041016	20.243976593017578
27.52790069580078	27.331554412841797
24.0150146484375	23.640121459960938
14.15746021270752	12.943349838256836
21.492809295654297	21.145341873168945
20.22049331665039	19.710678100585938
19.86246681213379	19.362895965576172
23.96566390991211	23.714719772338867
19.306350708007812	18.56804847717285
17.13789939880371	16.38567543029785
16.13117027282715	15.276118278503418
15.131674766540527	14.006586074829102
16.616891860961914	15.845598220825195
13.929332733154297	12.707243919372559
26.05040740966797	25.718339920043945
14.259406089782715	13.074366569519043
26.496679306030273	26.23755645751953
21.53758430480957	20.926172256469727
19.46259307861328	18.811614990234375
21.15449333190918	20.537254333496094
25.351245880126953	24.988658905029297
23.803401947021484	23.421903610229492
14.357481002807617	13.17313289642334
27.627460479736328	27.431018829345703
26.589344024658203	26.367774963378906
16.391923904418945	15.472540855407715
17.6706600189209	16.891300201416016
14.440553665161133	13.268741607666016
17.811172485351562	17.011028289794922
13.616987228393555	12.372230529785156
24.516000747680664	24.151628494262695
28.50213050842285	28.325382232666016
15.787090301513672	14.821293830871582
27.640668869018555	27.46099090576172
18.218059539794922	17.478986740112305
18.368457794189453	17.616653442382812
15.22940444946289	14.2096529006958
25.957658767700195	25.711868286132812
24.64057159423828	24.22724151611328
15.507383346557617	14.52634334564209
26.57984733581543	26.29436683654785
16.37539291381836	15.49632740020752
14.775238037109375	13.676851272583008
15.755175590515137	14.841336250305176
14.548095703125	13.353163719177246
19.996078491210938	19.377948760986328
23.372432708740234	22.92966079711914
15.212690353393555	14.169673919677734
21.228147506713867	20.792587280273438
21.830039978027344	21.364789962768555
24.803749084472656	24.455669403076172
20.695159912109375	20.043594360351562
15.189776420593262	14.155117988586426
18.816009521484375	18.254066467285156
27.66217041015625	27.481840133666992
27.308134078979492	27.085582733154297
15.772119522094727	14.790550231933594
15.293745040893555	14.270318031311035
17.133525848388672	16.412708282470703
13.944388389587402	12.71639347076416
13.919353485107422	12.686821937561035
21.57032012939453	21.06631851196289
20.54851531982422	20.119667053222656
26.65850067138672	26.419239044189453
22.174564361572266	21.75000762939453
19.119365692138672	18.61566162109375
23.742835998535156	23.353267669677734
22.73891830444336	22.218820571899414
22.838926315307617	22.40450668334961
24.076066970825195	23.742229461669922
15.069128036499023	13.975293159484863
24.759042739868164	24.43750762939453
19.420833587646484	18.8511905670166
14.663538932800293	13.51179027557373
13.99029541015625	12.822128295898438
24.67130470275879	24.280040740966797
17.576244354248047	16.79642105102539
15.737123489379883	14.75452709197998
14.74542236328125	13.596177101135254
14.81454849243164	13.769484519958496
23.62674331665039	23.2333984375
15.48807144165039	14.47498607635498
15.71365737915039	14.70528507232666
26.699249267578125	26.457103729248047
28.133056640625	27.948501586914062
24.965198516845703	24.60836410522461
23.657127380371094	23.409025192260742
28.162757873535156	27.989669799804688
19.482181549072266	18.921735763549805
21.039825439453125	20.497499465942383
21.725595474243164	21.151927947998047
16.24173355102539	15.374431610107422
16.290973663330078	15.254334449768066
28.149673461914062	27.983890533447266
15.293590545654297	14.183815956115723
27.67922592163086	27.505355834960938
19.60932159423828	19.14860725402832
15.405729293823242	14.310023307800293
27.250335693359375	27.05074691772461
22.162134170532227	21.623802185058594
16.74858856201172	15.764626502990723
20.85126495361328	20.272186279296875
13.496247291564941	12.192607879638672
17.218671798706055	16.321796417236328
14.91263198852539	13.792572975158691
22.804668426513672	22.32838249206543
17.16921615600586	16.36859130859375
24.380435943603516	23.994155883789062
19.182144165039062	18.438980102539062
22.05511474609375	21.71474838256836
14.977444648742676	13.878674507141113
18.612159729003906	17.974628448486328
21.24484634399414	20.620214462280273
13.820939064025879	12.575326919555664
13.327932357788086	12.016446113586426
17.701194763183594	17.044723510742188
15.598999977111816	14.598467826843262
16.0767822265625	15.185975074768066
21.89812469482422	21.342193603515625
25.74277114868164	25.565847396850586
24.798870086669922	24.434221267700195
15.264954566955566	14.262012481689453
24.772674560546875	24.382946014404297
26.997406005859375	26.776506423950195
26.732040405273438	26.531879425048828
28.58720588684082	28.4041690826416
21.32721519470215	20.840280532836914
22.39128303527832	21.94898223876953
27.573951721191406	27.387693405151367
26.923107147216797	26.72063636779785
24.35107421875	23.986358642578125
20.172531127929688	19.683134078979492
20.01766586303711	19.332447052001953
26.417434692382812	26.15276336669922
26.68209457397461	26.468841552734375
26.56877899169922	26.356870651245117
20.48952865600586	20.012393951416016
19.439693450927734	18.8587646484375
18.748184204101562	18.044700622558594
17.88086700439453	17.148639678955078
18.39476776123047	17.683189392089844
21.145742416381836	20.786338806152344
21.481380462646484	20.946395874023438
15.473388671875	14.47556209564209
21.877212524414062	21.37845230102539
15.41517448425293	14.354312896728516
28.356809616088867	28.182828903198242
14.477170944213867	13.27663803100586
21.284313201904297	20.68082046508789
28.469058990478516	28.299591064453125
22.040637969970703	21.545654296875
15.202831268310547	14.13617992401123
16.444236755371094	15.520011901855469
18.00012969970703	17.18015480041504
24.23565101623535	23.849687576293945
20.791906356811523	20.17426300048828
15.407862663269043	14.314371109008789
18.64376449584961	18.023998260498047
25.6256160736084	25.29807472229004
28.62038230895996	28.449493408203125
22.02281379699707	21.69495391845703
15.10396957397461	14.056242942810059
21.736263275146484	21.15704345703125
15.115126609802246	14.037077903747559
16.229129791259766	15.381165504455566
21.402008056640625	20.783308029174805
24.594572067260742	24.284231185913086
26.87038803100586	26.62232780456543
25.174123764038086	24.829647064208984
16.314485549926758	15.46752643585205
21.34505271911621	20.871463775634766
19.63559341430664	19.056610107421875
23.20485496520996	22.703645706176758
18.252588272094727	17.456796646118164
26.442787170410156	26.218290328979492
22.923439025878906	22.41925811767578
21.886032104492188	21.427507400512695
16.153554916381836	15.215428352355957
14.11285400390625	12.860539436340332
16.70452880859375	15.99305248260498
13.264801025390625	11.931529998779297
14.514345169067383	13.329449653625488
13.703628540039062	12.426258087158203
16.815555572509766	16.0457820892334
27.18980598449707	26.962345123291016
17.443931579589844	16.81157112121582
19.337812423706055	18.68897247314453
16.543811798095703	15.670083045959473
26.016136169433594	25.742141723632812
23.814189910888672	23.36762046813965
17.141529083251953	16.239850997924805
27.483203887939453	27.291038513183594
16.62105369567871	15.793232917785645
16.372108459472656	15.49016284942627
19.16373062133789	18.441627502441406
27.048812866210938	26.799667358398438
22.966487884521484	22.51004409790039
16.531387329101562	15.59734058380127
16.047996520996094	15.129040718078613
14.546867370605469	13.412229537963867
19.66083526611328	18.96435546875
27.176372528076172	26.964191436767578
25.933658599853516	25.615848541259766
14.361135482788086	13.141104698181152
14.140057563781738	12.903042793273926
25.251773834228516	24.90723991394043
22.09433937072754	21.573062896728516
14.6425142288208	13.512410163879395
13.612710952758789	12.32242488861084
22.211776733398438	21.64514923095703
18.170621871948242	17.44623565673828
17.106792449951172	16.363338470458984
24.427074432373047	24.100465774536133
25.394620895385742	25.06576156616211
15.509418487548828	14.509390830993652
25.37335777282715	25.04709815979004
22.470382690429688	21.967382431030273
23.557958602905273	23.1259822845459
23.015296936035156	22.49225616455078
18.941164016723633	18.341960906982422
19.223970413208008	18.478668212890625
14.648847579956055	13.493313789367676
24.01464080810547	23.594993591308594
20.480037689208984	19.84420394897461
16.114517211914062	15.142683029174805
18.398561477661133	17.623306274414062
25.27490997314453	24.970813751220703
27.697311401367188	27.530319213867188
21.978137969970703	21.515748977661133
21.517927169799805	20.907873153686523
24.19693946838379	23.77480697631836
15.52160358428955	14.457182884216309
27.55385398864746	27.364704132080078
16.930919647216797	15.994643211364746
22.85942840576172	22.341150283813477
20.902515411376953	20.299846649169922
16.081369400024414	15.10592269897461
20.04521942138672	19.439002990722656
14.257884979248047	13.04065227508545
16.424680709838867	15.428862571716309
19.81242561340332	19.10763168334961
28.155780792236328	27.965116500854492
22.583377838134766	22.070756912231445
24.376220703125	23.98532485961914
19.41884422302246	18.83995246887207
21.423717498779297	20.879817962646484
14.128111839294434	12.887114524841309
15.203058242797852	14.139103889465332
19.194793701171875	18.70908546447754
18.206083297729492	17.53158187866211
16.40810203552246	15.567315101623535
27.83112335205078	27.64379119873047
14.738670349121094	13.57091999053955
22.815317153930664	22.3553524017334
15.258556365966797	14.250805854797363
19.09667205810547	18.370059967041016
24.894926071166992	24.539016723632812
25.890090942382812	25.56760597229004
18.88008689880371	18.140064239501953
14.491964340209961	13.333072662353516
14.574239730834961	13.42862606048584
14.849199295043945	13.756457328796387
15.8386812210083	14.870696067810059
27.80841827392578	27.615657806396484
27.283313751220703	27.098264694213867
15.028850555419922	13.945448875427246
17.852853775024414	17.268341064453125
25.066173553466797	24.752248764038086
24.945533752441406	24.62967300415039
26.037694931030273	25.768795013427734
13.569332122802734	12.268475532531738
26.390155792236328	26.094974517822266
22.68291473388672	22.120975494384766
22.75568389892578	22.276203155517578
23.360666275024414	22.99267578125
15.2067232131958	14.10796070098877
21.309541702270508	20.807584762573242
13.781900405883789	12.49459171295166
13.955537796020508	12.681485176086426
14.420814514160156	13.217580795288086
28.084251403808594	27.905479431152344
19.68792724609375	19.203847885131836
13.922735214233398	12.641491889953613
17.506587982177734	16.764358520507812
24.764589309692383	24.377967834472656
14.562692642211914	13.356266021728516
19.946834564208984	19.26507568359375
25.80799102783203	25.485782623291016
17.377593994140625	16.68317413330078
17.004125595092773	16.250732421875
20.880699157714844	20.221168518066406
21.091991424560547	20.492570877075195
28.29941177368164	28.129365921020508
16.14784049987793	15.26561450958252
14.295028686523438	13.091480255126953
20.538660049438477	19.897869110107422
17.708621978759766	17.030128479003906
26.81456184387207	26.582992553710938
16.83709716796875	15.949090003967285
24.40891456604004	23.98674774169922
13.992321014404297	12.788535118103027
23.652742385864258	23.401344299316406
16.89545440673828	16.110754013061523
14.962058067321777	13.827062606811523
16.684120178222656	15.91242790222168
27.16790008544922	26.928268432617188
22.286922454833984	21.77694320678711
23.438310623168945	23.047714233398438
18.287363052368164	17.51299285888672
13.881763458251953	12.6214017868042
25.34295082092285	25.032367706298828
27.424644470214844	27.248098373413086
17.28458023071289	16.579734802246094
17.08074188232422	16.184181213378906
20.44256591796875	19.92885398864746
14.455554962158203	13.249846458435059
25.238216400146484	24.940898895263672
24.373353958129883	23.94959259033203
27.006298065185547	26.767101287841797
26.758819580078125	26.518821716308594
15.995246887207031	14.962218284606934
22.6894474029541	22.163349151611328
17.54780387878418	16.637813568115234
13.865832328796387	12.583447456359863
14.854517936706543	13.766424179077148
22.61539077758789	22.078872680664062
28.055465698242188	27.883522033691406
14.190319061279297	12.990381240844727
22.608076095581055	22.095746994018555
26.117725372314453	25.857593536376953
27.911136627197266	27.736642837524414
16.944351196289062	16.15463638305664
14.976574897766113	13.849127769470215
26.141843795776367	25.853252410888672
24.049339294433594	23.608978271484375
17.503713607788086	16.79635238647461
21.685283660888672	21.215782165527344
15.382074356079102	14.371088981628418
26.197738647460938	25.879772186279297
23.994892120361328	23.62194061279297
18.308481216430664	17.580026626586914
16.709300994873047	15.899699211120605
16.760971069335938	15.955021858215332
19.768054962158203	19.10552215576172
19.141027450561523	18.44963836669922
20.558712005615234	19.91597557067871
20.998374938964844	20.443714141845703
22.99566078186035	22.467914581298828
28.33110809326172	28.156700134277344
22.3315486907959	21.752872467041016
27.310270309448242	27.054101943969727
14.982327461242676	13.856949806213379
18.021137237548828	17.237102508544922
21.99172592163086	21.499366760253906
19.26235580444336	18.70977210998535
27.551231384277344	27.35567855834961
18.298803329467773	17.62704086303711
25.810007095336914	25.481624603271484
17.145885467529297	16.233510971069336
27.69062042236328	27.494964599609375
26.31816864013672	26.011768341064453
20.214706420898438	19.66143035888672
23.881959915161133	23.4808349609375
27.678211212158203	27.47747230529785
22.821460723876953	22.297191619873047
25.307682037353516	24.975250244140625
17.066383361816406	16.329824447631836
22.335296630859375	21.759803771972656
21.588451385498047	21.0180606842041
17.438337326049805	16.77634048461914
20.172698974609375	19.673328399658203
21.622394561767578	21.193740844726562
18.44017791748047	17.755233764648438
24.992321014404297	24.643096923828125
15.262934684753418	14.198092460632324
19.788982391357422	19.093833923339844
17.014122009277344	16.090408325195312
17.490556716918945	16.787731170654297
14.221336364746094	13.030917167663574
21.753551483154297	21.188453674316406
16.8028564453125	15.977986335754395
21.741928100585938	21.188377380371094
14.389339447021484	13.224721908569336
24.9101619720459	24.614704132080078
16.06144142150879	15.135354042053223
26.65213394165039	26.451618194580078
18.041080474853516	17.28818702697754
24.154706954956055	23.7581787109375
18.242982864379883	17.528167724609375
27.042911529541016	26.8168888092041
19.511632919311523	19.012693405151367
22.16501235961914	21.749032974243164
14.172998428344727	12.950905799865723
14.892786026000977	13.7415132522583
22.15901756286621	21.752315521240234
24.45292854309082	24.063232421875
17.789020538330078	17.017024993896484
13.534404754638672	12.224489212036133
24.886764526367188	24.555538177490234
19.99566650390625	19.41543197631836
23.867589950561523	23.428327560424805
20.42153549194336	19.760066986083984
24.15216064453125	23.721492767333984
18.260662078857422	17.603883743286133
14.373322486877441	13.168672561645508
24.485031127929688	24.070270538330078
25.010818481445312	24.67801284790039
27.072307586669922	26.86894989013672
22.545751571655273	22.157798767089844
27.07777976989746	26.876567840576172
14.453394889831543	13.28530216217041
27.316484451293945	27.091602325439453
23.32447624206543	22.876131057739258
26.822463989257812	26.570791244506836
20.844314575195312	20.201927185058594
16.332904815673828	15.465043067932129
23.926193237304688	23.613483428955078
16.35376739501953	15.452561378479004
13.285577774047852	11.966822624206543
22.946544647216797	22.543506622314453
17.208845138549805	16.489151000976562
26.339569091796875	26.10334587097168
14.092670440673828	12.87964153289795
16.055707931518555	15.09786605834961
22.81208038330078	22.353675842285156
17.472705841064453	16.76415252685547
28.087799072265625	27.891429901123047
18.46002960205078	17.88079071044922
19.231830596923828	18.503572463989258
26.47903823852539	26.238082885742188
21.394996643066406	20.839599609375
15.89712142944336	14.887803077697754
20.762096405029297	20.089397430419922
24.42392349243164	24.097110748291016
16.245208740234375	15.218449592590332
28.28882598876953	28.106050491333008
24.613534927368164	24.361270904541016
20.378192901611328	19.700244903564453
17.1113224029541	16.397281646728516
16.27709197998047	15.401177406311035
17.98413848876953	17.172813415527344
16.874950408935547	15.982291221618652
25.024702072143555	24.698612213134766
13.942991256713867	12.680645942687988
13.518205642700195	12.20807933807373
22.897846221923828	22.573898315429688
27.483224868774414	27.300477981567383
12.954051971435547	11.597902297973633
19.570785522460938	18.850234985351562
14.323984146118164	13.107508659362793
15.74061107635498	14.773734092712402
20.70608901977539	20.084688186645508
28.20964241027832	28.037935256958008
19.631587982177734	18.892568588256836
27.76290512084961	27.583166122436523
22.028011322021484	21.603412628173828
14.038637161254883	12.83604907989502
14.055274963378906	12.813971519470215
13.468311309814453	12.136953353881836
26.378700256347656	26.15494155883789
18.040878295898438	17.224262237548828
27.93238067626953	27.744949340820312
27.254619598388672	27.023914337158203
22.99408531188965	22.6895751953125
20.055997848510742	19.60263442993164
16.539196014404297	15.718853950500488
25.920684814453125	25.611835479736328
27.013160705566406	26.77021026611328
17.99872589111328	17.19639778137207
16.340076446533203	15.358810424804688
19.409364700317383	18.858840942382812
19.024850845336914	18.290512084960938
19.437175750732422	18.73153305053711
17.51451301574707	16.788272857666016
17.461057662963867	16.594497680664062
22.481542587280273	22.016639709472656
23.527244567871094	23.05941390991211
27.625219345092773	27.447418212890625
13.716938018798828	12.418963432312012
15.738883972167969	14.741826057434082
14.085872650146484	12.880206108093262
28.158008575439453	27.966991424560547
15.343103408813477	14.314936637878418
22.959375381469727	22.509784698486328
15.320194244384766	14.231736183166504
24.325899124145508	23.984851837158203
16.753416061401367	15.967365264892578
24.415813446044922	24.154972076416016
21.0135555267334	20.356212615966797
19.49135971069336	18.882402420043945
21.791461944580078	21.20403289794922
18.208003997802734	17.40491485595703
22.934444427490234	22.44414520263672
13.60741138458252	12.300314903259277
15.961514472961426	14.973190307617188
24.533309936523438	24.256664276123047
27.445781707763672	27.245208740234375
24.24622344970703	23.862783432006836
20.819307327270508	20.425548553466797
26.35000228881836	26.050060272216797
14.682289123535156	13.523734092712402
23.8360652923584	23.3779296875
15.631266593933105	14.665082931518555
20.743499755859375	20.17923355102539
18.688230514526367	17.948558807373047
14.582104682922363	13.430780410766602
24.38530731201172	23.945629119873047
27.889541625976562	27.698389053344727
15.660974502563477	14.565558433532715
16.659757614135742	15.877425193786621
16.33538246154785	15.313071250915527
15.369022369384766	14.391430854797363
15.502910614013672	14.506392478942871
14.068316459655762	12.834444999694824
24.961240768432617	24.587181091308594
14.174354553222656	12.951409339904785
24.240619659423828	23.817119598388672
24.311229705810547	23.94502830505371
16.532304763793945	15.674593925476074
25.20281219482422	24.858749389648438
23.01138687133789	22.536731719970703
14.596485137939453	13.494547843933105
13.70792007446289	12.461441993713379
18.39044189453125	17.589111328125
20.23505973815918	19.604511260986328
25.74833106994629	25.433380126953125
15.034936904907227	13.938841819763184
20.359439849853516	19.676965713500977
27.31283187866211	27.0986328125
23.778776168823242	23.54641342163086
14.977400779724121	13.874239921569824
17.158187866210938	16.291175842285156
25.03467559814453	24.662250518798828
16.54300880432129	15.710625648498535
28.587583541870117	28.43201446533203
14.81229019165039	13.700406074523926
19.874645233154297	19.218734741210938
23.35708999633789	22.9732666015625
14.20460033416748	13.013282775878906
23.39508819580078	22.93653106689453
23.05125617980957	22.66465187072754
20.407752990722656	19.806699752807617
16.802412033081055	15.984196662902832
19.190425872802734	18.455307006835938
18.46113395690918	17.74722671508789
15.372797012329102	14.27506160736084
21.40423583984375	20.85327911376953
14.28191089630127	13.147677421569824
19.899168014526367	19.231914520263672
17.57356071472168	16.78194808959961
19.398645401000977	18.68044662475586
16.053668975830078	15.145098686218262
27.780742645263672	27.60024642944336
21.51645851135254	21.04998016357422
25.200834274291992	24.942367553710938
17.15018653869629	16.2299861907959
21.34697723388672	20.766456604003906
27.399673461914062	27.213539123535156
17.437973022460938	16.61945343017578
28.256690979003906	28.085386276245117
16.67434310913086	15.719269752502441
22.85059356689453	22.361421585083008
20.30166244506836	19.7360782623291
13.493239402770996	12.19840145111084
13.434762954711914	12.132765769958496
24.115480422973633	23.72504997253418
13.248128890991211	11.918110847473145
19.794527053833008	19.103931427001953
27.8320255279541	27.670515060424805
