1
0.23641301691532135	0.0076269954442977905
-2.7253191471099854	-1.780041217803955
-2.461592435836792	-1.6313508749008179
-0.19749775528907776	-0.27061617374420166
-5.01546049118042	-3.1138532161712646
-5.247974872589111	-3.2500295639038086
0.2910813093185425	0.042215004563331604
-3.9570281505584717	-2.478966474533081
-2.6712915897369385	-1.7492231130599976
-0.5289374589920044	-0.48337388038635254
0.30193954706192017	0.04854960739612579
0.4236747920513153	0.1282837837934494
-4.824870586395264	-2.9986572265625
-1.5696622133255005	-1.1189167499542236
-3.373772382736206	-2.146268844604492
-1.6701278686523438	-1.1788095235824585
0.3208688795566559	0.060319170355796814
-6.056291103363037	-3.739314079284668
-2.8275609016418457	-1.838013768196106
-4.801372528076172	-2.9822659492492676
-0.988240122795105	-0.7732422351837158
-5.9697265625	-3.6815929412841797
-4.5119123458862305	-2.811659097671509
-1.3883496522903442	-1.0117840766906738
-1.1136633157730103	-0.8483761548995972
-2.423555374145508	-1.6096142530441284
-6.0449538230896	-3.727250099182129
-3.8790957927703857	-2.4336159229278564
-5.990072250366211	-3.695317268371582
0.30036115646362305	0.04765278100967407
-0.7516341209411621	-0.6267780661582947
-5.9427618980407715	-3.671811580657959
-4.291874408721924	-2.677311897277832
-2.2096691131591797	-1.4891420602798462
-4.612475872039795	-2.871051788330078
-3.84297776222229	-2.4126977920532227
-0.18429183959960938	-0.2598969042301178
0.04212234914302826	-0.11672123521566391
-2.4377896785736084	-1.6178473234176636
-2.840536117553711	-1.8452845811843872
-2.971827268600464	-1.9194602966308594
-5.467757225036621	-3.3820080757141113
-5.141312599182129	-3.1890716552734375
-5.288049697875977	-3.2753100395202637
-3.2108101844787598	-2.0544209480285645
-4.000021934509277	-2.503669500350952
-3.468506097793579	-2.199601173400879
-5.134196758270264	-3.1827392578125
-6.150003910064697	-3.793443441390991
-2.63082218170166	-1.7272021770477295
-4.225503921508789	-2.6349844932556152
-0.5827933549880981	-0.517648458480835
-0.4939216673374176	-0.4614425301551819
-3.9207613468170166	-2.4578845500946045
-3.4346578121185303	-2.181027412414551
0.29011720418930054	0.041234925389289856
-2.785064458847046	-1.8141571283340454
-6.174488544464111	-3.8073887825012207
-0.0374293178319931	-0.16717936098575592
-6.128710746765137	-3.781534194946289
-1.786344051361084	-1.2475770711898804
-5.347590923309326	-3.3108062744140625
-2.8571341037750244	-1.8543963432312012
-5.449794769287109	-3.370011329650879
-3.916900396347046	-2.4556775093078613
-4.856793403625488	-3.0146121978759766
-2.6284704208374023	-1.7253881692886353
-3.6787445545196533	-2.3187050819396973
-0.2683870792388916	-0.3144046366214752
0.2221285104751587	-0.002005442976951599
-0.8094655275344849	-0.6620368957519531
-4.618692398071289	-2.8715415000915527
-2.6783316135406494	-1.7533990144729614
-4.752729415893555	-2.9533798694610596
-5.714211463928223	-3.5294151306152344
-0.21200788021087646	-0.28022050857543945
-5.362750053405762	-3.3191375732421875
-0.8298184871673584	-0.6755261421203613
-5.273386001586914	-3.266343593597412
-6.030377388000488	-3.723626136779785
-5.169107437133789	-3.205861806869507
-6.086090087890625	-3.7543411254882812
-5.441555023193359	-3.369129180908203
-5.956357955932617	-3.6725192070007324
-1.1362675428390503	-0.8614257574081421
-6.053832530975342	-3.736800193786621
-2.1378705501556396	-1.4485279321670532
0.40706753730773926	0.11735598742961884
-5.373872756958008	-3.3295693397521973
-3.2370307445526123	-2.0700292587280273
-1.8374031782150269	-1.2778571844100952
0.3110249638557434	0.05412359535694122
-4.4494524002075195	-2.770280122756958
0.4341731369495392	0.13551612198352814
-1.0785096883773804	-0.8276374340057373
0.2485870122909546	0.014119520783424377
-0.6674822568893433	-0.5716094970703125
0.007349908351898193	-0.13705280423164368
-0.6612401008605957	-0.5689122080802917
-4.345857620239258	-2.7078232765197754
-5.236920356750488	-3.2448325157165527
-6.114689350128174	-3.770724296569824
-6.177569389343262	-3.813565254211426
-5.254220008850098	-3.255864381790161
0.3593670725822449	0.08496452867984772
-4.544736862182617	-2.827996015548706
0.16844195127487183	-0.0369785875082016
-4.60569953918457	-2.8661093711853027
-6.033654689788818	-3.7238965034484863
0.3537609279155731	0.08121559023857117
-0.8507434129714966	-0.6902602910995483
0.19526076316833496	-0.018770724534988403
0.2942768335342407	0.04344560205936432
-5.376158237457275	-3.3282761573791504
-4.131106853485107	-2.5796685218811035
-1.2599083185195923	-0.9357761740684509
-5.326333045959473	-3.296376943588257
-6.223670482635498	-3.839137554168701
0.2210165113210678	-0.0031187087297439575
-5.167326927185059	-3.2035303115844727
-1.3739558458328247	-1.0031781196594238
0.37740492820739746	0.096172034740448
-0.602529764175415	-0.5296973586082458
-5.971942901611328	-3.6870923042297363
-0.43689432740211487	-0.42344504594802856
0.30636486411094666	0.05140642821788788
0.3249826431274414	0.06288240849971771
-4.849732875823975	-3.014312982559204
-4.999083518981934	-3.1022682189941406
-5.898500442504883	-3.640488386154175
-4.329078674316406	-2.6979997158050537
0.2122671902179718	-0.008778825402259827
-5.883815765380859	-3.6384592056274414
-0.6206960678100586	-0.5417734980583191
-5.237322807312012	-3.244582176208496
-0.023130357265472412	-0.1579349935054779
-1.613265872001648	-1.1446970701217651
-4.599825859069824	-2.8606863021850586
-5.913474082946777	-3.6473946571350098
0.20250791311264038	-0.014287501573562622
0.25778424739837646	0.020598575472831726
-6.094847679138184	-3.759273052215576
-2.412335157394409	-1.6034363508224487
-5.750144958496094	-3.55019474029541
-1.9823836088180542	-1.360603928565979
-4.358880996704102	-2.7164993286132812
-3.532140016555786	-2.235609292984009
-1.368817687034607	-1.0003048181533813
-5.241416931152344	-3.249495506286621
-1.8272908926010132	-1.2730180025100708
-5.449610710144043	-3.370069980621338
-5.373012542724609	-3.324183940887451
0.21253006160259247	-0.008043050765991211
-5.944367408752441	-3.6673688888549805
-3.9160497188568115	-2.4567112922668457
-5.323853969573975	-3.2952396869659424
-4.9424614906311035	-3.06938099861145
-5.816155433654785	-3.5872719287872314
-1.2085095643997192	-0.9053671360015869
-2.451669931411743	-1.6260803937911987
-4.560565948486328	-2.839611530303955
-5.394741535186768	-3.3373823165893555
-1.5494681596755981	-1.1068094968795776
-5.535824775695801	-3.4223687648773193
-4.075524806976318	-2.54746675491333
-3.3296334743499756	-2.121056079864502
-0.3080848753452301	-0.3396281599998474
-4.984121799468994	-3.0919699668884277
-6.229158401489258	-3.8369076251983643
-6.00311279296875	-3.7024080753326416
-5.336662769317627	-3.304074764251709
-5.438283920288086	-3.362156391143799
-5.069859504699707	-3.1431145668029785
-5.519393444061279	-3.415060043334961
-4.510632514953613	-2.8084018230438232
0.2875255346298218	0.03956840932369232
-3.285405397415161	-2.096297264099121
-0.0705271065235138	-0.18830731511116028
-4.822883129119873	-2.997048854827881
-0.7415986061096191	-0.6188516616821289
-6.264185905456543	-3.8610098361968994
-5.386385440826416	-3.3347253799438477
-5.202136039733887	-3.222804069519043
-5.17586088180542	-3.208611488342285
-5.347851276397705	-3.309954881668091
-5.96502685546875	-3.678265333175659
-1.4791953563690186	-1.0654489994049072
0.034964948892593384	-0.1203492283821106
-2.9480831623077393	-1.9058033227920532
-5.065603256225586	-3.1423935890197754
-5.982858180999756	-3.6960198879241943
-3.743799924850464	-2.3554110527038574
-5.287664413452148	-3.2748637199401855
-5.266156196594238	-3.2613160610198975
-5.371880054473877	-3.324920177459717
-4.185335159301758	-2.6137590408325195
-0.3678230345249176	-0.38021087646484375
-5.931382179260254	-3.6593985557556152
-5.930342674255371	-3.657768726348877
-5.978833198547363	-3.6886277198791504
-2.7004477977752686	-1.7660826444625854
-3.025174140930176	-1.9497164487838745
-5.281859397888184	-3.271749258041382
-6.055730819702148	-3.7347006797790527
0.20042169094085693	-0.0157574862241745
-5.365993499755859	-3.320619583129883
-5.350493431091309	-3.311523199081421
-1.9851030111312866	-1.3622149229049683
-0.3265852630138397	-0.35258859395980835
-0.2661536633968353	-0.31473326683044434
-0.11656564474105835	-0.21734344959259033
-4.793065547943115	-2.978400707244873
-2.1739704608917236	-1.4686918258666992
-3.9903600215911865	-2.4983747005462646
-1.205966830253601	-0.9035977125167847
-5.276440620422363	-3.2704415321350098
-5.226276397705078	-3.2379889488220215
-5.346088886260986	-3.308237075805664
-1.7872828245162964	-1.2476383447647095
-1.7408987283706665	-1.2203013896942139
0.32651185989379883	0.06421343982219696
-1.362662672996521	-0.9967746734619141
-3.427644968032837	-2.176762342453003
-4.958009243011475	-3.080737352371216
0.22134371101856232	-0.0026249289512634277
0.29274117946624756	0.04289446771144867
-2.6874210834503174	-1.7589675188064575
-4.683012962341309	-2.9105288982391357
-5.298904895782471	-3.280750274658203
-2.5111820697784424	-1.6597490310668945
-1.6986114978790283	-1.1952558755874634
-1.5144808292388916	-1.086130976676941
-2.8703925609588623	-1.8619670867919922
-0.53382408618927	-0.48572206497192383
-4.12367057800293	-2.5752768516540527
-4.594282150268555	-2.8572826385498047
-5.486042022705078	-3.3907251358032227
-1.3127468824386597	-0.9666329622268677
-3.482393980026245	-2.2082161903381348
-4.817581653594971	-2.9914121627807617
-5.837661266326904	-3.603734016418457
-2.6084392070770264	-1.7141176462173462
-0.6203157901763916	-0.541114330291748
-1.9900411367416382	-1.3648921251296997
-0.8712073564529419	-0.700935423374176
-5.163344383239746	-3.2012808322906494
-1.058728575706482	-0.8152859210968018
-5.343101978302002	-3.310666561126709
-2.5568442344665527	-1.685438632965088
-5.213791847229004	-3.231942892074585
-0.6028554439544678	-0.5319477319717407
-2.8094093799591064	-1.8276516199111938
-5.8121514320373535	-3.5912251472473145
-5.348880290985107	-3.311358690261841
-5.4932708740234375	-3.3984720706939697
0.012126773595809937	-0.1353190690279007
0.22553816437721252	7.019937038421631e-05
-3.199995756149292	-2.048640251159668
-1.5943094491958618	-1.1334245204925537
-1.9825242757797241	-1.3606590032577515
0.30969327688217163	0.05293692648410797
0.30559486150741577	0.05138245224952698
-1.459535002708435	-1.0537445545196533
-2.4470629692077637	-1.6233845949172974
0.28543680906295776	0.037966445088386536
-6.122707843780518	-3.773460865020752
-5.186814308166504	-3.214798927307129
-2.9206461906433105	-1.8907581567764282
-5.272158145904541	-3.2659823894500732
-0.8357270956039429	-0.6798717975616455
-5.953515529632568	-3.6767935752868652
-0.39878109097480774	-0.3991546034812927
-1.7629114389419556	-1.2328535318374634
-5.293438911437988	-3.2791545391082764
-2.2605509757995605	-1.5180248022079468
-0.6233115196228027	-0.5436186194419861
-0.29428979754447937	-0.3322550058364868
-5.403385639190674	-3.3445940017700195
-1.6970549821853638	-1.1940302848815918
-5.238945007324219	-3.245741844177246
0.22848749160766602	0.0021109580993652344
-0.4956526458263397	-0.46281933784484863
-5.58018159866333	-3.451751708984375
-3.92270827293396	-2.4590485095977783
-5.247324466705322	-3.25174617767334
-5.068155288696289	-3.1439573764801025
-1.5040699243545532	-1.0802655220031738
-0.38182005286216736	-0.3900028467178345
-2.2305808067321777	-1.5007648468017578
-5.006772994995117	-3.1062445640563965
-5.526721000671387	-3.416435718536377
-5.543846607208252	-3.425475597381592
-5.820169925689697	-3.5947651863098145
0.06466388702392578	-0.10075520724058151
-1.895642638206482	-1.311854362487793
-4.629836082458496	-2.8804543018341064
-4.865977764129639	-3.0215442180633545
-3.1364543437957764	-2.0119826793670654
-5.091197490692139	-3.156371593475342
-4.832164764404297	-3.0013394355773926
-5.886828422546387	-3.6315150260925293
0.3154774010181427	0.057056233286857605
-4.912822723388672	-3.049081563949585
-0.269662469625473	-0.31484395265579224
-1.6057223081588745	-1.140356421470642
-5.297182083129883	-3.280010223388672
-0.5244323015213013	-0.4811703562736511
-3.2671501636505127	-2.085751533508301
0.42142653465270996	0.12672875821590424
-3.1190764904022217	-2.0022406578063965
-3.6902549266815186	-2.326031446456909
-5.990736961364746	-3.6957080364227295
-0.7784801721572876	-0.6436952352523804
-5.012341499328613	-3.1111130714416504
-3.3920834064483643	-2.1567437648773193
0.4178512990474701	0.12411151826381683
-1.8711386919021606	-1.2989822626113892
-5.968523979187012	-3.6863903999328613
-2.5547149181365967	-1.6837663650512695
0.07773120701313019	-0.09346164017915726
-4.13746452331543	-2.583540916442871
-1.3866982460021973	-1.0110819339752197
0.34397000074386597	0.07508565485477448
-1.8288267850875854	-1.2727714776992798
-0.2586352229118347	-0.30994823575019836
-5.382891654968262	-3.3298466205596924
-1.5103241205215454	-1.083757996559143
-5.9885053634643555	-3.695793628692627
0.12854912877082825	-0.060708627104759216
-1.9793435335159302	-1.3588835000991821
-5.152684211730957	-3.1952834129333496
-3.724482297897339	-2.3446879386901855
-5.393437385559082	-3.337890148162842
-5.362239837646484	-3.3193154335021973
-1.8343108892440796	-1.2764592170715332
-0.6124567985534668	-0.5353174805641174
-5.51024055480957	-3.4065074920654297
-3.2781553268432617	-2.092334747314453
-5.132963180541992	-3.182201385498047
-5.400189399719238	-3.342836856842041
0.3833155333995819	0.10101397335529327
-1.4254992008209229	-1.0336872339248657
-3.9613311290740967	-2.4811184406280518
-4.505410194396973	-2.805746555328369
-0.17993393540382385	-0.25823456048965454
-0.39633044600486755	-0.39783865213394165
-5.74339485168457	-3.544715404510498
-5.959027290344238	-3.680741548538208
-4.964759349822998	-3.081212043762207
-5.620085716247559	-3.4773411750793457
-2.574125289916992	-1.6960169076919556
-0.4656749665737152	-0.4436134099960327
0.10044082999229431	-0.07994189113378525
-4.83718204498291	-3.003540277481079
-1.7730956077575684	-1.2389850616455078
-5.770551681518555	-3.5614120960235596
-5.680164337158203	-3.5080556869506836
0.19572430849075317	-0.019459158182144165
0.14962723851203918	-0.0475434735417366
-5.132013320922852	-3.181466579437256
-5.652457237243652	-3.492781162261963
-5.751132965087891	-3.55102801322937
0.2730247676372528	0.03044046461582184
-4.982874870300293	-3.0914993286132812
-6.017521381378174	-3.714834690093994
-0.4839589297771454	-0.4541018605232239
-4.916367530822754	-3.051743745803833
-0.555290699005127	-0.5008885264396667
0.35610899329185486	0.08281363546848297
0.15951846539974213	-0.0407562255859375
-0.8450416326522827	-0.6866565942764282
0.27889353036880493	0.034310728311538696
-0.2704835534095764	-0.3173685669898987
-2.8879382610321045	-1.8730489015579224
-6.201084136962891	-3.827932834625244
-4.880063056945801	-3.030585289001465
-4.313736915588379	-2.6885533332824707
-0.08302944898605347	-0.1952669322490692
-5.227368354797363	-3.2387468814849854
-1.2995368242263794	-0.9589413404464722
-4.5831146240234375	-2.8513407707214355
-5.4131269454956055	-3.3481476306915283
-1.9872812032699585	-1.3635257482528687
-5.455600738525391	-3.3757736682891846
0.29738134145736694	0.045557573437690735
-1.861059546470642	-1.2922946214675903
-1.2097527980804443	-0.905507504940033
-6.105135440826416	-3.7640528678894043
-1.270576000213623	-0.941656231880188
-2.710113763809204	-1.7717320919036865
-2.477355480194092	-1.6408220529556274
0.2105017900466919	-0.009301811456680298
-1.1880335807800293	-0.8921828866004944
-4.914860725402832	-3.0513322353363037
-5.2708659172058105	-3.2641611099243164
0.15206381678581238	-0.04603308439254761
-3.731962203979492	-2.3488986492156982
0.17022010684013367	-0.03438296914100647
-0.8825018405914307	-0.7097335457801819
-0.07650992274284363	-0.19120201468467712
-4.018026351928711	-2.5138282775878906
-5.359779357910156	-3.3171746730804443
-1.2383155822753906	-0.9230271577835083
0.06297477334737778	-0.10176478326320648
-4.567712783813477	-2.8424084186553955
-0.46558454632759094	-0.44369804859161377
-0.9245748519897461	-0.735246479511261
0.20115548372268677	-0.01498323678970337
0.1083672046661377	-0.07350951433181763
0.21182984113693237	-0.007626846432685852
-5.07042121887207	-3.144351005554199
0.24544143676757812	0.012747064232826233
-1.8472334146499634	-1.2846261262893677
-1.8192403316497803	-1.2668607234954834
-5.296440601348877	-3.2803962230682373
-3.4393327236175537	-2.1833839416503906
-5.266149520874023	-3.2636897563934326
-2.0601375102996826	-1.404704213142395
0.23250429332256317	0.004628822207450867
-0.1959473192691803	-0.26925766468048096
0.20722731947898865	-0.011158272624015808
-0.3622454106807709	-0.37446317076683044
-5.455946445465088	-3.375955104827881
-5.06395149230957	-3.1405816078186035
-2.572481393814087	-1.693426251411438
-0.30244866013526917	-0.3364749550819397
-3.1843154430389404	-2.039226770401001
-4.863805770874023	-3.021216630935669
-0.5064705610275269	-0.46967339515686035
-3.3783390522003174	-2.148484230041504
-6.099311828613281	-3.7621495723724365
-1.868202805519104	-1.2971874475479126
-4.03653621673584	-2.524735450744629
-0.27587273716926575	-0.3213754892349243
-4.221518516540527	-2.636786460876465
-0.1876850128173828	-0.26448333263397217
-3.2745206356048584	-2.0902152061462402
-2.152141809463501	-1.456992745399475
-1.538883090019226	-1.1008713245391846
0.17845159769058228	-0.029197387397289276
0.12053730338811874	-0.06601408123970032
-0.5749326944351196	-0.5116581916809082
-5.046689033508301	-3.1309914588928223
-3.4502310752868652	-2.189295530319214
-0.28441938757896423	-0.32623404264450073
-0.24225151538848877	-0.29996341466903687
-1.3083230257034302	-0.9653874635696411
-0.9167798757553101	-0.7304990887641907
-0.17468801140785217	-0.2543447017669678
-2.8486087322235107	-1.850066900253296
-0.006921127438545227	-0.14769421517848969
-1.6449633836746216	-1.1633936166763306
-0.1409904658794403	-0.23375244438648224
-3.0354084968566895	-1.9556269645690918
-0.1928623616695404	-0.26788127422332764
0.3118346035480499	0.054865509271621704
-6.099969863891602	-3.7609596252441406
0.28244251012802124	0.03667272627353668
-2.4093384742736816	-1.6019916534423828
-6.009961128234863	-3.7060892581939697
-3.217750310897827	-2.0584607124328613
-5.272925853729248	-3.266592502593994
-5.3721160888671875	-3.3252673149108887
-5.390852451324463	-3.3358263969421387
-2.2658236026763916	-1.5205875635147095
-2.6220815181732178	-1.7225643396377563
0.20316565036773682	-0.013573110103607178
-2.9330406188964844	-1.8975576162338257
-0.6520226001739502	-0.5625953078269958
-1.8941947221755981	-1.311201572418213
-0.7154101133346558	-0.6023654937744141
-5.170145511627197	-3.204577684402466
0.2689109444618225	0.02818875014781952
0.3133849501609802	0.055860236287117004
-4.142025947570801	-2.5875864028930664
-4.44777774810791	-2.77294659614563
-0.28944218158721924	-0.3284326195716858
0.24586330354213715	0.012876763939857483
-5.9092864990234375	-3.645362377166748
-0.9687720537185669	-0.7609411478042603
0.17374664545059204	-0.03195570409297943
0.1256459653377533	-0.06279464066028595
-5.061548233032227	-3.140805721282959
-5.063409805297852	-3.142275094985962
-2.1960227489471436	-1.4812898635864258
-4.411189079284668	-2.7500503063201904
-0.028697922825813293	-0.1604960560798645
-3.2284812927246094	-2.065403938293457
-4.293642997741699	-2.6769189834594727
-3.2270171642303467	-2.063450574874878
-3.9492604732513428	-2.4742679595947266
-1.1864515542984009	-0.8921366930007935
-2.5316073894500732	-1.6704496145248413
-3.7134265899658203	-2.3383917808532715
-3.885685682296753	-2.437519073486328
-1.1913717985153198	-0.8945597410202026
-2.348799467086792	-1.567496657371521
-2.2262160778045654	-1.498708724975586
-5.369234085083008	-3.3223624229431152
-4.295524597167969	-2.678072214126587
-5.3725361824035645	-3.32486629486084
0.3550507426261902	0.08200639486312866
-3.2821478843688965	-2.0944314002990723
-6.155463218688965	-3.79811954498291
-5.964150428771973	-3.6781253814697266
-1.180328607559204	-0.8879239559173584
-2.074563503265381	-1.4127728939056396
-3.3154609203338623	-2.114673137664795
-1.6453908681869507	-1.163420557975769
-5.323150157928467	-3.295257329940796
-4.788981914520264	-2.9760589599609375
-3.8018505573272705	-2.3897414207458496
-5.308182716369629	-3.286691188812256
-2.795506238937378	-1.8198373317718506
-3.906956434249878	-2.4494760036468506
-4.082502365112305	-2.551603078842163
-6.140475273132324	-3.786766529083252
-2.1134841442108154	-1.4348973035812378
-3.5645830631256104	-2.254887104034424
-5.549943923950195	-3.4367527961730957
0.4441892206668854	0.1425696462392807
-1.730552077293396	-1.213594913482666
-5.788586616516113	-3.574126720428467
-0.1645248532295227	-0.24820353090763092
-5.19670295715332	-3.2209432125091553
-1.5472651720046997	-1.106278896331787
-0.2737949788570404	-0.3193392753601074
0.3570268154144287	0.08364169299602509
-2.5914676189422607	-1.7043715715408325
0.27443069219589233	0.03075490891933441
-5.920675754547119	-3.6550230979919434
-1.585544466972351	-1.1281111240386963
-3.874445676803589	-2.4324004650115967
-6.226541996002197	-3.834887981414795
-5.261991500854492	-3.262012004852295
-6.063178062438965	-3.7413618564605713
-4.320854187011719	-2.6931748390197754
-6.038716793060303	-3.7232370376586914
0.2805311977863312	0.034673288464546204
-5.820872783660889	-3.595132350921631
-6.206094741821289	-3.823608636856079
-4.558544158935547	-2.835706949234009
-1.5761890411376953	-1.1228986978530884
-5.965819835662842	-3.687587022781372
-1.3412810564041138	-0.9835031628608704
-0.32169854640960693	-0.34879279136657715
-1.8831509351730347	-1.3044756650924683
-5.225231170654297	-3.237112045288086
-0.4119984805583954	-0.4065083861351013
-4.547452926635742	-2.830726385116577
-5.207765579223633	-3.2268435955047607
-5.504542350769043	-3.404891014099121
-3.737306833267212	-2.3519840240478516
-6.098357200622559	-3.7603402137756348
-5.369629859924316	-3.3252806663513184
-6.177081108093262	-3.8149912357330322
-2.0706779956817627	-1.4106371402740479
-3.845935583114624	-2.413970947265625
-2.969367027282715	-1.918006420135498
-4.3111982345581055	-2.6894302368164062
0.3876582980155945	0.10289818048477173
0.45942404866218567	0.15180633962154388
-4.478041648864746	-2.78730845451355
-5.394986629486084	-3.3380885124206543
0.17811071872711182	-0.030354127287864685
-5.094974517822266	-3.1600263118743896
-5.218938827514648	-3.2336947917938232
-6.314895153045654	-3.8941357135772705
-5.341053009033203	-3.3068296909332275
-5.4571146965026855	-3.375237464904785
0.16637733578681946	-0.037018127739429474
-0.7858984470367432	-0.648614764213562
-4.001382827758789	-2.504436731338501
-0.6019102334976196	-0.5308173894882202
-3.93257737159729	-2.4638915061950684
-4.371732234954834	-2.7274391651153564
-6.078554153442383	-3.749119520187378
-2.7422115802764893	-1.7897403240203857
0.2891678512096405	0.04039861261844635
-1.7890514135360718	-1.2486612796783447
-3.2098617553710938	-2.0540590286254883
-3.283205270767212	-2.095465898513794
-5.935816764831543	-3.6630682945251465
-1.918784260749817	-1.3247601985931396
-1.766579031944275	-1.2350257635116577
-6.008753776550293	-3.708110809326172
-5.1557512283325195	-3.196134567260742
-5.335200309753418	-3.3031320571899414
0.3380591869354248	0.07147736847400665
0.4521399736404419	0.14771853387355804
-2.372838258743286	-1.5813473463058472
-5.250069618225098	-3.251781940460205
-3.1013386249542236	-1.9926913976669312
-2.8587212562561035	-1.855441927909851
-1.2485623359680176	-0.9299695491790771
0.4114442467689514	0.11897914111614227
-5.830032825469971	-3.6028499603271484
-5.2164411544799805	-3.2327139377593994
-6.107321262359619	-3.771876573562622
-4.824040412902832	-2.9965593814849854
-0.5215928554534912	-0.4796663522720337
-5.805471897125244	-3.5906007289886475
-2.306586980819702	-1.5440984964370728
-5.209244728088379	-3.2269601821899414
-3.019282579421997	-1.9465309381484985
-5.25103759765625	-3.2530336380004883
-5.112820148468018	-3.1690492630004883
-2.3709375858306885	-1.5799311399459839
-3.8862125873565674	-2.4372715950012207
0.07419489324092865	-0.09550357609987259
-1.5569497346878052	-1.1112403869628906
-1.5807710886001587	-1.1252726316452026
-3.6727147102355957	-2.3154242038726807
-2.4938089847564697	-1.649685263633728
-5.7194366455078125	-3.531912326812744
-1.7180097103118896	-1.2066402435302734
-1.8574010133743286	-1.2901771068572998
-1.5706510543823242	-1.1193665266036987
-3.867267370223999	-2.4263477325439453
-6.342203140258789	-3.909421920776367
-0.8565768003463745	-0.6937713623046875
0.25037646293640137	0.015567541122436523
-1.6005905866622925	-1.1370984315872192
-0.779303789138794	-0.6437407732009888
-0.14063996076583862	-0.2326575070619583
-1.6271177530288696	-1.1527540683746338
-2.400254249572754	-1.5965231657028198
-5.64107084274292	-3.4856090545654297
-0.5450371503829956	-0.49394088983535767
-1.6335153579711914	-1.1568232774734497
-2.1580331325531006	-1.4596110582351685
-5.32752799987793	-3.3011045455932617
-4.995431900024414	-3.0998384952545166
0.14969108998775482	-0.047795698046684265
-0.4223625957965851	-0.414079487323761
-5.494737148284912	-3.398374557495117
0.42932477593421936	0.13233639299869537
-2.6441650390625	-1.7342177629470825
0.05073802173137665	-0.10937472432851791
-0.023870021104812622	-0.15934401750564575
-1.5529046058654785	-1.109056830406189
-0.8247323036193848	-0.672831654548645
-0.8699500560760498	-0.7018266916275024
-0.31113821268081665	-0.34261202812194824
-5.309840202331543	-3.2897489070892334
-3.310140371322632	-2.1100242137908936
0.016713649034500122	-0.13331599533557892
-5.366992950439453	-3.3215761184692383
-5.083028793334961	-3.1527862548828125
0.40947556495666504	0.11800222098827362
-3.4870564937591553	-2.209805488586426
-4.244729995727539	-2.648326873779297
-0.015143543481826782	-0.15209832787513733
-6.092256546020508	-3.7559003829956055
-0.0359511524438858	-0.1649063527584076
-1.9681848287582397	-1.3525075912475586
0.22560104727745056	1.3053417205810547e-05
-5.465546607971191	-3.3789782524108887
-5.173182010650635	-3.2077219486236572
-1.4044135808944702	-1.0212324857711792
-1.79170560836792	-1.2507615089416504
-0.4397488534450531	-0.4250618815422058
-2.4207589626312256	-1.6083303689956665
-0.8727684020996094	-0.7034185528755188
-2.803344488143921	-1.8240641355514526
-5.019828796386719	-3.1133956909179688
-5.457503318786621	-3.375150442123413
-2.119861125946045	-1.4384061098098755
-5.170124053955078	-3.2062225341796875
-6.232532024383545	-3.8419060707092285
-5.342568874359131	-3.3064889907836914
-5.245327949523926	-3.2535476684570312
-4.945610046386719	-3.070021390914917
-0.14560431241989136	-0.23633292317390442
-3.0462868213653564	-1.961691975593567
-0.3975431025028229	-0.3987554907798767
-2.4173123836517334	-1.6064075231552124
-6.269818305969238	-3.8632397651672363
-1.364338755607605	-0.9974634647369385
-4.743402481079102	-2.951559066772461
-5.384479522705078	-3.330876588821411
-0.9008554220199585	-0.7197483777999878
-5.421523094177246	-3.3534648418426514
-3.297865152359009	-2.1034531593322754
-1.6750353574752808	-1.181105375289917
0.10578832030296326	-0.07576306164264679
-3.0865890979766846	-1.9840422868728638
0.378740519285202	0.09694512188434601
-5.939996242523193	-3.6630172729492188
0.3259374499320984	0.06343968212604523
-6.243228435516357	-3.8475263118743896
-5.394296646118164	-3.337658405303955
0.20208075642585754	-0.014541462063789368
-1.9514826536178589	-1.3430577516555786
-5.873202323913574	-3.622978687286377
-1.995660662651062	-1.3680304288864136
-5.400678634643555	-3.3422768115997314
-3.945807695388794	-2.472537040710449
-3.20247483253479	-2.0498554706573486
-3.6980140209198	-2.329258441925049
-5.982714653015137	-3.692584991455078
-0.0804593563079834	-0.19419968128204346
-4.939887046813965	-3.0690550804138184
0.3970705270767212	0.10948123037815094
-6.294088840484619	-3.8793745040893555
-1.197013020515442	-0.8980311155319214
0.19782647490501404	-0.016627445816993713
-6.0180463790893555	-3.7124745845794678
-0.8821089267730713	-0.7081414461135864
-5.244446754455566	-3.248836040496826
-5.209098815917969	-3.229057788848877
-3.093886375427246	-1.9886525869369507
-0.5400899648666382	-0.4910169243812561
-5.958932876586914	-3.6773719787597656
-0.8698785305023193	-0.7007598280906677
-0.14371007680892944	-0.23613175749778748
-5.416325092315674	-3.3519515991210938
0.38824641704559326	0.10443885624408722
-1.1185094118118286	-0.8513140678405762
-5.013543128967285	-3.1117849349975586
-4.925313949584961	-3.0576388835906982
-2.668102502822876	-1.747733235359192
-1.3444136381149292	-0.9853366613388062
-5.198580741882324	-3.2217187881469727
-0.6258136034011841	-0.5450233817100525
-1.4922789335250854	-1.0731357336044312
-0.7820236682891846	-0.6443203091621399
-2.059210777282715	-1.4041997194290161
-5.026651382446289	-3.1176352500915527
-2.1460821628570557	-1.4531528949737549
-3.3141367435455322	-2.112546682357788
0.15294292569160461	-0.04600929468870163
-0.5313096046447754	-0.48498785495758057
-5.835973739624023	-3.6008691787719727
0.3197822570800781	0.05985449254512787
0.28412020206451416	0.03741629421710968
-3.5215561389923096	-2.2296342849731445
-1.1607424020767212	-0.8762589693069458
-3.428757905960083	-2.1768784523010254
-5.035571575164795	-3.122694969177246
-4.789844989776611	-2.9752602577209473
-4.80258321762085	-2.9842538833618164
-0.3631623685359955	-0.37718868255615234
-2.1045849323272705	-1.42971670627594
-1.9266270399093628	-1.3290603160858154
0.19449278712272644	-0.019923850893974304
-4.948908805847168	-3.0714142322540283
-2.4628169536590576	-1.6330376863479614
-5.303783416748047	-3.2846274375915527
-0.13402608036994934	-0.22816336154937744
-6.00006628036499	-3.7039918899536133
-5.296158790588379	-3.2805521488189697
-6.2890729904174805	-3.8786911964416504
-1.6159261465072632	-1.1462607383728027
-2.9304914474487305	-1.896153450012207
-4.931031227111816	-3.0622613430023193
0.24413897097110748	0.012070119380950928
-0.20772266387939453	-0.275520384311676
-4.393479347229004	-2.736389636993408
-1.5357965230941772	-1.0988713502883911
-2.2199618816375732	-1.4948532581329346
0.36407920718193054	0.08789698779582977
-0.19301047921180725	-0.26809853315353394
-5.503481864929199	-3.4029054641723633
0.31953150033950806	0.05964365601539612
-1.995270848274231	-1.367868185043335
-5.132883548736572	-3.182652711868286
-1.393936038017273	-1.014892578125
-4.153532981872559	-2.594374656677246
-6.057889938354492	-3.7354984283447266
-1.8066816329956055	-1.2596759796142578
-6.0225510597229	-3.7171082496643066
-5.740454196929932	-3.552011013031006
0.30025890469551086	0.04722432792186737
-2.9466195106506348	-1.905125379562378
-4.100103855133057	-2.561140537261963
-4.029052257537842	-2.520676851272583
-1.9761885404586792	-1.357279896736145
-0.5015535354614258	-0.46672528982162476
-2.106706142425537	-1.430823802947998
0.1102784126996994	-0.07219458371400833
-5.317180156707764	-3.291311740875244
-5.21054744720459	-3.2282750606536865
-6.090458393096924	-3.7598729133605957
-4.798354625701904	-2.982724189758301
0.3328917324542999	0.06827472150325775
-2.0411174297332764	-1.3939507007598877
0.2002674639225006	-0.015904948115348816
-5.180373191833496	-3.21014404296875
0.12684106826782227	-0.06237670034170151
0.21373654901981354	-0.007801339030265808
-0.28154680132865906	-0.32294735312461853
-1.4420819282531738	-1.0436369180679321
-4.989612579345703	-3.0964417457580566
-5.6571855545043945	-3.494283437728882
-5.98581075668335	-3.691476821899414
-0.4379827678203583	-0.42650890350341797
-4.98892068862915	-3.095979690551758
-5.797488212585449	-3.582639217376709
-6.193089008331299	-3.819943428039551
-5.322981834411621	-3.2945337295532227
-4.339443206787109	-2.7066752910614014
-5.409621715545654	-3.345907688140869
-5.2519426345825195	-3.25429368019104
0.35049372911453247	0.0790901929140091
-1.2948209047317505	-0.9563494324684143
-5.377880573272705	-3.328622817993164
0.3173346221446991	0.05793081223964691
-5.772872447967529	-3.5655484199523926
-2.257523536682129	-1.5162893533706665
-0.05707283318042755	-0.17963185906410217
-2.832886219024658	-1.8407236337661743
-4.588115215301514	-2.8560359477996826
0.12695392966270447	-0.0623815581202507
-0.49245503544807434	-0.4594220519065857
-6.363815784454346	-3.9197726249694824
-5.334456443786621	-3.302309989929199
-4.655750274658203	-2.8963606357574463
-5.368805885314941	-3.3217835426330566
-4.970115661621094	-3.083794116973877
-1.3703759908676147	-1.0010604858398438
-4.102683067321777	-2.565807819366455
-3.6871635913848877	-2.324636459350586
-5.437752723693848	-3.3629488945007324
-3.1854984760284424	-2.0402028560638428
-5.694794654846191	-3.5171546936035156
-2.4152235984802246	-1.6053310632705688
-4.219100475311279	-2.633746385574341
-5.43728494644165	-3.3644981384277344
-6.20391845703125	-3.8231563568115234
-4.412996292114258	-2.750465154647827
-5.850407600402832	-3.6108052730560303
-0.13215383887290955	-0.22708217799663544
-4.243132591247559	-2.6490039825439453
-4.638849258422852	-2.8854265213012695
-5.732890605926514	-3.540945529937744
-0.5167845487594604	-0.4740605354309082
-2.06453537940979	-1.4073439836502075
-6.154475688934326	-3.7937793731689453
-0.4116608202457428	-0.4090173840522766
-0.12909963726997375	-0.22551967203617096
0.28951120376586914	0.04059313237667084
-3.695547103881836	-2.3282694816589355
-5.205747604370117	-3.2256064414978027
-5.864637851715088	-3.6201329231262207
-4.064105033874512	-2.540905714035034
-2.1898159980773926	-1.47775399684906
-6.193594455718994	-3.8181989192962646
-0.35912826657295227	-0.3744809031486511
-5.252126693725586	-3.2548062801361084
-5.145623207092285	-3.190105438232422
-0.005430892109870911	-0.14675061404705048
-1.3528693914413452	-0.9910547733306885
-5.29308557510376	-3.2778162956237793
-2.403116464614868	-1.5982807874679565
-6.1037492752075195	-3.764477014541626
-6.1442694664001465	-3.787940502166748
-2.02297043800354	-1.3834477663040161
0.1637968122959137	-0.038159385323524475
-5.535637855529785	-3.4269814491271973
-1.8383783102035522	-1.2781356573104858
-3.518385171890259	-2.2283337116241455
-5.39298152923584	-3.3374147415161133
-6.126868724822998	-3.7753920555114746
-2.1778061389923096	-1.4708079099655151
0.17204032838344574	-0.03371606767177582
0.43857821822166443	0.13851101696491241
-1.2173199653625488	-0.9101353883743286
-5.273124694824219	-3.269435405731201
-2.709275007247925	-1.77080500125885
-2.4366962909698486	-1.6175180673599243
-1.1016117334365845	-0.8420509099960327
-4.728309631347656	-2.9388208389282227
-2.7934930324554443	-1.8182016611099243
-5.307687759399414	-3.2871193885803223
-1.5127824544906616	-1.0852323770523071
-1.8485239744186401	-1.2852500677108765
-4.169106483459473	-2.6013803482055664
-2.703557252883911	-1.7679563760757446
-0.7563779354095459	-0.6298155784606934
-2.0386664867401123	-1.3924535512924194
-4.825746536254883	-2.9986398220062256
0.28569748997688293	0.03838254511356354
-2.1523191928863525	-1.4568896293640137
-5.857046604156494	-3.6141457557678223
-3.682682514190674	-2.3211536407470703
-5.210709571838379	-3.227994203567505
-3.9586875438690186	-2.4797110557556152
-1.9826897382736206	-1.3609402179718018
-1.480431318283081	-1.0661969184875488
-1.375954270362854	-1.004404067993164
-2.147505283355713	-1.4538182020187378
-5.7950239181518555	-3.5768399238586426
-3.3067257404327393	-2.1081700325012207
-1.8913086652755737	-1.3094614744186401
-2.1213958263397217	-1.4391614198684692
-5.161250591278076	-3.198512315750122
-3.8117659091949463	-2.3959813117980957
0.19641202688217163	-0.017729833722114563
-2.6176364421844482	-1.719166874885559
-3.470996618270874	-2.2014036178588867
-2.3326704502105713	-1.558691382408142
-3.7969253063201904	-2.3862087726593018
-0.7961764335632324	-0.6543140411376953
-5.430440902709961	-3.3617169857025146
-1.2967969179153442	-0.95733642578125
0.25669121742248535	0.020118117332458496
-3.187803030014038	-2.041255474090576
-5.484723091125488	-3.3907341957092285
0.2920129895210266	0.0423131138086319
-0.3103996217250824	-0.343095600605011
-3.5791988372802734	-2.2624502182006836
-0.4559035003185272	-0.4370189905166626
-1.3518469333648682	-0.9903571009635925
-3.54768967628479	-2.244475841522217
-3.8517706394195557	-2.418764591217041
-0.4990939199924469	-0.4640153646469116
-0.70697021484375	-0.5974798202514648
-5.187251091003418	-3.2146172523498535
-2.2551581859588623	-1.5143424272537231
-1.7356410026550293	-1.2170672416687012
-4.034816741943359	-2.523545265197754
-0.96873939037323	-0.761298418045044
-4.423781871795654	-2.7568483352661133
-2.254202365875244	-1.5139579772949219
-6.090959072113037	-3.7561275959014893
-4.973849773406982	-3.086501121520996
-5.541062355041504	-3.432218074798584
-0.21459335088729858	-0.28133249282836914
-5.799515724182129	-3.58585262298584
-2.508847236633301	-1.657946228981018
0.31931769847869873	0.05921882390975952
-1.3271726369857788	-0.9752222299575806
-2.0445170402526855	-1.395950436592102
-1.9388655424118042	-1.3362621068954468
-5.871224403381348	-3.621494770050049
-5.235314846038818	-3.2437520027160645
-1.0668610334396362	-0.8202606439590454
-2.7327792644500732	-1.784396767616272
-0.20774400234222412	-0.27691876888275146
-6.193122386932373	-3.81797194480896
-5.413602352142334	-3.3483777046203613
-5.769648551940918	-3.561141014099121
0.29633811116218567	0.04447947442531586
-5.221732139587402	-3.2357001304626465
-5.202174663543701	-3.223825693130493
-6.016416549682617	-3.716256618499756
-2.3872485160827637	-1.5892993211746216
0.2503163516521454	0.01575469970703125
-5.170166015625	-3.2055306434631348
-4.869696617126465	-3.023850917816162
-5.807271957397461	-3.5845463275909424
-5.435614585876465	-3.362006664276123
-5.636312484741211	-3.482090473175049
-3.155708074569702	-2.0231618881225586
-5.345144271850586	-3.308246612548828
-4.660706520080566	-2.8974931240081787
-1.6432973146438599	-1.1623387336730957
-0.5329756736755371	-0.4846920967102051
-5.2222700119018555	-3.2349846363067627
-3.8427178859710693	-2.412662982940674
-2.740030527114868	-1.7882076501846313
-0.2236529290676117	-0.2864273190498352
-4.005974769592285	-2.5071046352386475
-1.883221983909607	-1.3057384490966797
-5.10584020614624	-3.16603684425354
-3.332470178604126	-2.1229124069213867
0.2045244574546814	-0.013602495193481445
-0.36001822352409363	-0.3744211792945862
-4.293041706085205	-2.6780261993408203
-2.1566808223724365	-1.4594119787216187
-2.694122314453125	-1.762607455253601
-4.701994895935059	-2.9229273796081543
-0.8348997831344604	-0.6792017221450806
0.22701120376586914	0.0013156384229660034
-5.32882022857666	-3.2988622188568115
-4.214483261108398	-2.6292924880981445
-1.1087497472763062	-0.8458089232444763
-1.8674393892288208	-1.2957743406295776
-4.113775730133057	-2.569981098175049
-5.739079475402832	-3.5517630577087402
-0.3275160491466522	-0.3539392352104187
-3.883293867111206	-2.4362385272979736
-1.5695730447769165	-1.1187726259231567
-4.251375198364258	-2.652660846710205
-2.720237970352173	-1.7768796682357788
-4.981026649475098	-3.090900182723999
-4.389524459838867	-2.7358083724975586
-6.131167411804199	-3.778080463409424
0.4378473460674286	0.1372109204530716
-5.28848934173584	-3.2748050689697266
-4.950150966644287	-3.0726277828216553
-5.604701995849609	-3.464078664779663
-6.024638652801514	-3.7188379764556885
-0.08828291296958923	-0.19953005015850067
-0.5295519828796387	-0.48401111364364624
-1.5342844724655151	-1.0978856086730957
-4.916040897369385	-3.0515291690826416
-2.9660470485687256	-1.916082739830017
0.156770259141922	-0.0428241565823555
0.2405095249414444	0.009820222854614258
-0.9235801696777344	-0.734268844127655
-5.895052433013916	-3.637516736984253
-5.454959869384766	-3.375213623046875
-1.2449133396148682	-0.9265669584274292
-0.7374681234359741	-0.6164070963859558
0.19519349932670593	-0.019277498126029968
-3.046765089035034	-1.9619556665420532
-2.4456679821014404	-1.6222258806228638
-0.2765890061855316	-0.32176727056503296
-1.3822630643844604	-1.0076864957809448
-0.28298941254615784	-0.3249393105506897
-4.938121318817139	-3.0652928352355957
-6.077724456787109	-3.746795177459717
-4.04348087310791	-2.5286507606506348
-4.313958168029785	-2.6903951168060303
-1.8615721464157104	-1.292560338973999
-0.23477190732955933	-0.29274168610572815
0.3379054367542267	0.07098402082920074
-5.360816955566406	-3.31777286529541
0.037642329931259155	-0.11807247996330261
-3.21917462348938	-2.0585427284240723
-0.9793471097946167	-0.7677500247955322
-1.0029455423355103	-0.78202885389328
-5.395809650421143	-3.3384623527526855
0.05846375226974487	-0.10534429550170898
-0.07238933444023132	-0.19000867009162903
-5.29052734375	-3.2762813568115234
-3.198096990585327	-2.0468223094940186
0.0810074508190155	-0.09105192124843597
-5.31594181060791	-3.2912039756774902
0.23729127645492554	0.007896721363067627
-5.342156410217285	-3.306027412414551
-5.13466739654541	-3.183560848236084
-1.2162717580795288	-0.909899115562439
-0.9890395402908325	-0.7735407948493958
-0.026071056723594666	-0.1598697453737259
-5.1215057373046875	-3.174896240234375
0.09457696974277496	-0.0826997384428978
-3.2816474437713623	-2.093871593475342
-6.259688854217529	-3.8560004234313965
-0.4351520836353302	-0.4221099019050598
-1.8538779020309448	-1.2877106666564941
-3.3249006271362305	-2.118419885635376
-0.09655028581619263	-0.20505377650260925
-2.2852866649627686	-1.5317304134368896
0.3245511054992676	0.06261233985424042
-0.3353738486766815	-0.3587567210197449
-2.0186479091644287	-1.3808770179748535
-0.07466799020767212	-0.1903584748506546
-4.938171863555908	-3.065664052963257
-5.363534927368164	-3.319772243499756
-5.30583381652832	-3.2866923809051514
-5.494434356689453	-3.4001989364624023
0.386037141084671	0.10252474248409271
-0.0633382648229599	-0.18315890431404114
-5.253403663635254	-3.2538771629333496
-5.201396942138672	-3.2245686054229736
-6.156301021575928	-3.7964417934417725
0.05123889446258545	-0.1092446818947792
-5.008172988891602	-3.1073594093322754
-3.547734022140503	-2.245573043823242
-1.6897820234298706	-1.1903704404830933
0.3686777353286743	0.09060107171535492
-5.193044185638428	-3.21657133102417
-5.211974620819092	-3.2309672832489014
-5.525278091430664	-3.4184799194335938
-5.700684070587158	-3.5234198570251465
-0.3938540518283844	-0.39728784561157227
-5.094037055969238	-3.1581027507781982
-2.3478283882141113	-1.5667133331298828
-0.762843132019043	-0.6329246163368225
-1.8061505556106567	-1.259612798690796
-4.204763889312744	-2.623382568359375
-2.1257030963897705	-1.4423125982284546
-1.3305412530899048	-0.9778028726577759
-2.6357223987579346	-1.7309867143630981
-3.88739275932312	-2.438979387283325
-1.2621265649795532	-0.9367623329162598
-5.852387428283691	-3.612372875213623
-5.143392562866211	-3.1887214183807373
-5.418148040771484	-3.3514912128448486
-1.70352041721344	-1.1981550455093384
-0.24619576334953308	-0.30217254161834717
-6.2640299797058105	-3.861436367034912
-4.75238037109375	-2.9524927139282227
-4.984009265899658	-3.0919106006622314
-0.14460721611976624	-0.23489713668823242
0.3323594331741333	0.06760190427303314
-4.912342548370361	-3.051259994506836
-5.353689193725586	-3.3137526512145996
-2.441448926925659	-1.619837760925293
-2.9543063640594482	-1.9092646837234497
-0.5604263544082642	-0.5032487511634827
-4.979733467102051	-3.0901474952697754
-0.8777590990066528	-0.7065069079399109
-1.502177357673645	-1.0790278911590576
-2.215632677078247	-1.4924356937408447
-0.23854613304138184	-0.29624032974243164
-4.917724132537842	-3.052631378173828
-2.251882553100586	-1.513070821762085
0.1680247187614441	-0.03677327185869217
-0.7750118970870972	-0.6406707167625427
-6.119353294372559	-3.774390697479248
-0.8194155693054199	-0.6699024438858032
-0.7595443725585938	-0.630885660648346
0.15131571888923645	-0.046582065522670746
-5.180113792419434	-3.210766315460205
-1.4431432485580444	-1.0439989566802979
-4.2780866622924805	-2.668618679046631
-1.8248660564422607	-1.2704861164093018
0.26248592138290405	0.023627355694770813
-1.4373008012771606	-1.0404471158981323
-4.971897125244141	-3.0873684883117676
-2.9560930728912354	-1.9100781679153442
-1.3695379495620728	-1.0002645254135132
-2.0879766941070557	-1.420420527458191
-1.9117428064346313	-1.320916771888733
-2.632293701171875	-1.7277536392211914
-6.033725738525391	-3.720026969909668
-3.63676381111145	-2.294727325439453
-5.415918350219727	-3.3499832153320312
0.11225258558988571	-0.07111738622188568
-3.7914650440216064	-2.383324384689331
-5.2577290534973145	-3.2603559494018555
-5.325800895690918	-3.296145439147949
-4.563615322113037	-2.8399953842163086
-3.977747678756714	-2.4904749393463135
-4.954311370849609	-3.0743188858032227
-3.257075786590576	-2.080000400543213
-5.126701354980469	-3.1797983646392822
-1.5039578676223755	-1.080098032951355
0.22229045629501343	-0.002185642719268799
-0.40700384974479675	-0.40545374155044556
-5.390662670135498	-3.336596727371216
-5.404629707336426	-3.343205451965332
-5.345525741577148	-3.308579444885254
-4.1920390129089355	-2.6173319816589355
-2.664987802505493	-1.7462209463119507
-5.930847644805908	-3.658214569091797
0.13695549964904785	-0.0559421181678772
-6.285491943359375	-3.8737869262695312
-5.416713714599609	-3.35113525390625
-4.2639288902282715	-2.6621909141540527
-6.008419990539551	-3.7044858932495117
-4.752534866333008	-2.9527244567871094
-5.848939895629883	-3.613790512084961
0.048765018582344055	-0.11188302934169769
-5.345195770263672	-3.3087692260742188
-3.456882953643799	-2.1932857036590576
-1.5162558555603027	-1.0871117115020752
-6.093231678009033	-3.7583506107330322
-3.3846962451934814	-2.1525015830993652
-3.082200288772583	-1.9817553758621216
-3.6121819019317627	-2.280700445175171
-5.3579206466674805	-3.317246437072754
-6.283525466918945	-3.8734235763549805
-4.59126091003418	-2.858247995376587
0.296021044254303	0.044815823435783386
-5.568258285522461	-3.442542552947998
-0.6543176174163818	-0.5641536712646484
-3.213282585144043	-2.0569708347320557
-1.2039135694503784	-0.9019540548324585
-0.721703052520752	-0.606784462928772
-1.9952722787857056	-1.3681800365447998
0.04384410381317139	-0.11516794562339783
-6.010525703430176	-3.7057278156280518
-2.9855496883392334	-1.9271520376205444
-2.6894500255584717	-1.7598841190338135
-5.350199222564697	-3.311741828918457
-0.360519140958786	-0.37459003925323486
-4.034616470336914	-2.524509906768799
-5.5260419845581055	-3.419341564178467
-0.7209196090698242	-0.6053234934806824
-5.095869064331055	-3.1598782539367676
-5.303509712219238	-3.285977840423584
-0.7555215358734131	-0.6281862258911133
-5.1646809577941895	-3.2008724212646484
-3.7684261798858643	-2.369575023651123
-1.4096194505691528	-1.0242152214050293
-1.7845474481582642	-1.2460049390792847
0.37034133076667786	0.09153245389461517
-2.4081687927246094	-1.6015329360961914
-5.297497749328613	-3.2825045585632324
-5.8778886795043945	-3.631129264831543
-2.4979403018951416	-1.6528953313827515
-1.3084511756896973	-0.9642671942710876
-5.057689666748047	-3.1368494033813477
-0.6683163642883301	-0.5725919008255005
-1.3338507413864136	-0.9793107509613037
-5.887833118438721	-3.6334657669067383
-4.387406826019287	-2.7333264350891113
-0.25469520688056946	-0.3064836263656616
-0.23308426141738892	-0.2915721833705902
-5.312324523925781	-3.288778305053711
-2.0161750316619873	-1.3807361125946045
0.1862553507089615	-0.024874061346054077
-6.17781925201416	-3.8142268657684326
-0.009344637393951416	-0.14863713085651398
-5.534727096557617	-3.423877716064453
-1.9688791036605835	-1.3534740209579468
-1.4254182577133179	-1.033563494682312
-0.17503300309181213	-0.2554592490196228
-5.261012077331543	-3.2591569423675537
-5.53196382522583	-3.4196226596832275
-5.919219493865967	-3.6521928310394287
-1.6318143606185913	-1.155842661857605
-3.7282907962799072	-2.3463358879089355
-5.574301242828369	-3.446572780609131
-3.512108564376831	-2.2242085933685303
-0.41240397095680237	-0.4079940915107727
-5.187687873840332	-3.2146410942077637
-5.243202209472656	-3.247985363006592
-0.33921727538108826	-0.3614147901535034
0.2537984251976013	0.01829548180103302
-5.297712802886963	-3.2820491790771484
-1.1738401651382446	-0.8847540020942688
-0.0321463942527771	-0.16378098726272583
-4.291938304901123	-2.679008722305298
-4.378767490386963	-2.7293753623962402
-1.2148218154907227	-0.9088433980941772
-5.0683674812316895	-3.1428585052490234
-4.440881252288818	-2.7658820152282715
0.12346775084733963	-0.06420581042766571
-6.102724075317383	-3.762277364730835
-5.3518853187561035	-3.310796022415161
-4.122387886047363	-2.5753655433654785
-5.393823623657227	-3.340069055557251
-0.5536614656448364	-0.4993225932121277
0.32681697607040405	0.06408010423183441
0.5039130449295044	0.1869109719991684
-0.27639898657798767	-0.32145100831985474
-0.4320993721485138	-0.4193708300590515
0.15265342593193054	-0.04600276052951813
-3.780421495437622	-2.376588821411133
-2.8606927394866943	-1.8567535877227783
-1.302266240119934	-0.9606296420097351
-6.172183513641357	-3.8030409812927246
0.1506996601819992	-0.046786919236183167
-3.031511068344116	-1.9531561136245728
-2.5281407833099365	-1.6687926054000854
-4.95734167098999	-3.0760364532470703
-5.621786594390869	-3.4759390354156494
-4.938258171081543	-3.0655674934387207
0.34408998489379883	0.0752052515745163
-5.194530487060547	-3.218498468399048
0.19863080978393555	-0.01695217192173004
-0.2392207682132721	-0.29697442054748535
-3.8016140460968018	-2.3890702724456787
-0.22782957553863525	-0.28903928399086
0.012225449085235596	-0.13552483916282654
0.29015594720840454	0.041040271520614624
-2.7409660816192627	-1.7888330221176147
-6.209881782531738	-3.8263332843780518
-6.038894176483154	-3.7217164039611816
-0.3863106071949005	-0.3911473751068115
-4.431950092315674	-2.7597014904022217
-2.9809346199035645	-1.9245264530181885
-5.182032585144043	-3.2119033336639404
-5.219189643859863	-3.232484817504883
-5.4138288497924805	-3.3505191802978516
0.24456718564033508	0.012332841753959656
0.32997602224349976	0.06636172533035278
-3.9597623348236084	-2.4802398681640625
-0.45319655537605286	-0.43543827533721924
-5.788125514984131	-3.5789408683776855
0.03406527638435364	-0.12032363563776016
-4.103448867797852	-2.5634994506835938
-2.0802366733551025	-1.4158459901809692
-5.168906211853027	-3.2046027183532715
-2.677963972091675	-1.753482460975647
-3.6605029106140137	-2.307971954345703
-2.1385457515716553	-1.4486865997314453
-5.201376914978027	-3.222142219543457
0.2317248284816742	0.004219621419906616
-2.0585269927978516	-1.4040536880493164
-5.5819501876831055	-3.448129177093506
-0.4065881073474884	-0.40424466133117676
-0.1014082133769989	-0.2078888714313507
-4.586030960083008	-2.8525824546813965
0.31044185161590576	0.054311856627464294
0.09652914106845856	-0.08108638226985931
-5.374835968017578	-3.325934886932373
-6.197057723999023	-3.8170390129089355
-5.242206573486328	-3.2498271465301514
0.06245775520801544	-0.10233400762081146
-1.6417232751846313	-1.1614124774932861
-3.2029125690460205	-2.049781560897827
-4.783928871154785	-2.9728662967681885
-5.328450679779053	-3.298424482345581
-4.459654808044434	-2.7783257961273193
-3.944610834121704	-2.4713196754455566
-5.495729446411133	-3.399693012237549
-0.5207457542419434	-0.4780172109603882
-6.14362096786499	-3.7921407222747803
-4.410074710845947	-2.7465052604675293
-2.3141329288482666	-1.5478967428207397
-2.953758955001831	-1.9093798398971558
-5.39730167388916	-3.340916156768799
-0.26745375990867615	-0.3149772882461548
-2.1493875980377197	-1.4549767971038818
-5.232267379760742	-3.241647481918335
-5.06056022644043	-3.140559196472168
-5.980227470397949	-3.689141035079956
0.2148161232471466	-0.0065695494413375854
-2.9956579208374023	-1.9330424070358276
-0.5616054534912109	-0.5026726722717285
-4.518432140350342	-2.812783718109131
-5.950774669647217	-3.6713900566101074
-4.531308650970459	-2.8191356658935547
-5.4529924392700195	-3.371708869934082
-5.769320487976074	-3.569559097290039
-0.09460875391960144	-0.20431393384933472
-6.100030899047852	-3.767949342727661
-5.176898956298828	-3.2074034214019775
-3.892184019088745	-2.4413199424743652
-3.4033496379852295	-2.1633403301239014
-2.9806101322174072	-1.9243565797805786
-1.9358948469161987	-1.3345121145248413
-3.528550863265991	-2.23374080657959
0.06514791399240494	-0.10104692727327347
0.2339332103729248	0.005681619048118591
-3.9750144481658936	-2.48915958404541
-5.682154178619385	-3.5107600688934326
-3.744385004043579	-2.356255054473877
-2.0421018600463867	-1.3946707248687744
-5.192159652709961	-3.2208306789398193
-5.048776626586914	-3.1311161518096924
-0.14472678303718567	-0.237687349319458
-1.0786529779434204	-0.827340304851532
-5.317678451538086	-3.2923972606658936
-5.119743347167969	-3.1740288734436035
-2.225580930709839	-1.4981929063796997
-3.139341115951538	-2.0137133598327637
-2.6371161937713623	-1.7303707599639893
-1.2830973863601685	-0.9491164684295654
-3.7059261798858643	-2.334455966949463
-1.0488536357879639	-0.8094077706336975
0.29229211807250977	0.042438432574272156
-0.055450439453125	-0.17897918820381165
-5.058560848236084	-3.1383564472198486
-5.406065940856934	-3.344968795776367
0.21806278824806213	-0.004517540335655212
-0.1409635841846466	-0.23368698358535767
-0.03581354022026062	-0.16659411787986755
-0.16144979000091553	-0.24716350436210632
-3.186088800430298	-2.0415236949920654
-5.810499668121338	-3.5870869159698486
-2.8602495193481445	-1.8561962842941284
-2.31665301322937	-1.5493077039718628
-5.409440040588379	-3.3519015312194824
-2.597247362136841	-1.7076040506362915
-0.5269639492034912	-0.48069387674331665
-2.870344877243042	-1.8619356155395508
-5.987952709197998	-3.695066452026367
-0.03244875371456146	-0.16336876153945923
-1.4996662139892578	-1.077674150466919
0.19371956586837769	-0.02016957849264145
-5.058527946472168	-3.1369171142578125
-0.3165152966976166	-0.346386194229126
-3.652254819869995	-2.303786277770996
-5.355341911315918	-3.3153324127197266
-2.9668128490448	-1.91683828830719
-0.48898717761039734	-0.4561896324157715
-4.7885422706604	-2.9743001461029053
-4.837218284606934	-3.0045292377471924
0.29628825187683105	0.04560375213623047
0.19856372475624084	-0.01646202802658081
-5.232189178466797	-3.2422046661376953
-0.05960780382156372	-0.18158909678459167
-1.425289273262024	-1.0336188077926636
-0.0836518406867981	-0.19556713104248047
-0.6765996217727661	-0.5777443051338196
-2.8030107021331787	-1.8239377737045288
0.19364498555660248	-0.019989974796772003
-4.898975849151611	-3.0422229766845703
-4.52201509475708	-2.8151965141296387
-2.919482946395874	-1.889853835105896
-1.3322868347167969	-0.9787184000015259
-6.015162467956543	-3.710509777069092
0.3032897412776947	0.04902283847332001
-5.184290885925293	-3.2124602794647217
0.29931193590164185	0.04728417098522186
-1.2898833751678467	-0.952900767326355
-2.385024309158325	-1.5881249904632568
-0.6075013875961304	-0.5342762470245361
-0.10564136505126953	-0.21177689731121063
-2.5804364681243896	-1.698156714439392
-0.23523861169815063	-0.2942577600479126
-1.4991105794906616	-1.077082872390747
-6.024711608886719	-3.720890998840332
-4.634308815002441	-2.882559299468994
-0.4127857983112335	-0.40732645988464355
-5.032628059387207	-3.1218271255493164
-1.779907464981079	-1.2440143823623657
-1.88943612575531	-1.3085371255874634
-2.523630142211914	-1.6663926839828491
-5.1643147468566895	-3.2003304958343506
-1.8270922899246216	-1.2713853120803833
0.2859937846660614	0.03832152485847473
0.24709390103816986	0.013784319162368774
-5.674103736877441	-3.5087194442749023
-0.06591105461120605	-0.1850169152021408
-2.7613487243652344	-1.8003367185592651
-5.3227057456970215	-3.294952869415283
-0.5475389957427979	-0.49493348598480225
-4.847724914550781	-3.0096421241760254
-4.663729667663574	-2.900819778442383
-2.2722890377044678	-1.5251036882400513
-3.632138252258301	-2.2924187183380127
0.33512741327285767	0.06969775259494781
-1.5843309164047241	-1.1274285316467285
-4.906846046447754	-3.0488948822021484
-5.3710455894470215	-3.3232369422912598
-4.993557929992676	-3.098991870880127
-6.048535346984863	-3.732666015625
-5.563632488250732	-3.44087553024292
-1.7281888723373413	-1.2124630212783813
-3.3593788146972656	-2.1392018795013428
-5.242730140686035	-3.2474493980407715
-4.195810794830322	-2.622075080871582
-0.007844880223274231	-0.14764657616615295
-5.298725128173828	-3.2807602882385254
-1.7722610235214233	-1.2383371591567993
-1.983359694480896	-1.361366629600525
-4.889827251434326	-3.0363011360168457
-4.874931335449219	-3.027493953704834
-5.481069564819336	-3.390223264694214
-4.3638529777526855	-2.720022201538086
-5.27902889251709	-3.2694997787475586
-0.052686840295791626	-0.17646151781082153
0.2795722484588623	0.03414095938205719
-5.242859840393066	-3.2482008934020996
-5.506997108459473	-3.405590057373047
-1.5846762657165527	-1.128832221031189
-5.036921501159668	-3.1235830783843994
0.2784806787967682	0.034146979451179504
0.34327608346939087	0.07508087158203125
-4.7081193923950195	-2.9266672134399414
-0.21238824725151062	-0.2809668779373169
-5.062767028808594	-3.139293670654297
-4.896086692810059	-3.0388011932373047
-1.824690341949463	-1.2715561389923096
-2.3826072216033936	-1.5869523286819458
-0.2756373882293701	-0.32051652669906616
-5.086047172546387	-3.155459403991699
-0.6832693815231323	-0.5820156335830688
-4.877870559692383	-3.030198097229004
-2.811204433441162	-1.8296319246292114
-3.246624231338501	-2.0741426944732666
-2.071537733078003	-1.4107919931411743
-0.40363821387290955	-0.4040036201477051
-5.924076557159424	-3.653211832046509
-1.0807982683181763	-0.8287872672080994
0.05187992751598358	-0.1089215874671936
-1.323995590209961	-0.9735895395278931
-0.07351410388946533	-0.18931402266025543
-2.0230791568756104	-1.383702039718628
-4.889904975891113	-3.0375146865844727
-0.0485948771238327	-0.1746726930141449
-0.7139319181442261	-0.6016918420791626
-2.2368178367614746	-1.5044296979904175
-1.9025012254714966	-1.3155134916305542
0.36261820793151855	0.08627724647521973
-4.616730213165283	-2.871669292449951
-2.28342604637146	-1.5305657386779785
-6.114115238189697	-3.774799346923828
-5.324239730834961	-3.2966361045837402
-1.791351318359375	-1.2496839761734009
-4.918755531311035	-3.0533995628356934
-1.9270881414413452	-1.329734206199646
-4.23436164855957	-2.640763998031616
-0.07403808832168579	-0.19212917983531952
-1.8178517818450928	-1.266095757484436
-6.2566986083984375	-3.8596415519714355
-5.962190628051758	-3.6807303428649902
0.36153972148895264	0.08621947467327118
-5.399566650390625	-3.3410542011260986
-1.1279605627059937	-0.8564634919166565
-5.2034502029418945	-3.226628065109253
-0.6873996257781982	-0.585384726524353
-4.978888988494873	-3.089674234390259
0.002891227602958679	-0.14176726341247559
-3.3040781021118164	-2.1071369647979736
0.3702884912490845	0.09172962605953217
-4.362445831298828	-2.7211661338806152
0.03299516439437866	-0.12121239304542542
-0.4788358509540558	-0.45284777879714966
0.3729736804962158	0.09399834275245667
-2.4470465183258057	-1.6242560148239136
-3.1234452724456787	-2.004746437072754
-5.214386940002441	-3.2312116622924805
0.2964329123497009	0.04492972791194916
-6.211230754852295	-3.8281378746032715
0.06476443260908127	-0.10095560550689697
-5.243910789489746	-3.24784517288208
-2.356835126876831	-1.5724143981933594
-5.835665225982666	-3.600114345550537
-5.10331916809082	-3.1642377376556396
-6.209986209869385	-3.8335094451904297
-0.3187705874443054	-0.3473283052444458
-4.94805383682251	-3.071791172027588
-6.136702537536621	-3.786393165588379
-5.3223724365234375	-3.2998404502868652
-1.953882098197937	-1.3449183702468872
-2.6651723384857178	-1.7462612390518188
-4.190375328063965	-2.615957498550415
-3.9282848834991455	-2.4621129035949707
-5.595602989196777	-3.459815502166748
-5.368747234344482	-3.322415828704834
-4.782937049865723	-2.9706945419311523
0.34669923782348633	0.07677364349365234
-1.5673996210098267	-1.117623209953308
-0.14613348245620728	-0.23643259704113007
-5.917051792144775	-3.651348114013672
-5.169272422790527	-3.2051119804382324
-5.534414291381836	-3.4228272438049316
-0.2889585793018341	-0.3302352726459503
-5.02630615234375	-3.117398738861084
-5.321710586547852	-3.294189929962158
-0.003845497965812683	-0.14579221606254578
0.3925633430480957	0.1064421683549881
-0.028009817004203796	-0.16117776930332184
-4.923608779907227	-3.0566458702087402
-0.5042808055877686	-0.4680336117744446
-5.704026222229004	-3.5308737754821777
-4.488003730773926	-2.7944440841674805
-5.0815019607543945	-3.151008367538452
-0.7242588996887207	-0.6078521013259888
-1.3181496858596802	-0.9698300361633301
-5.88976526260376	-3.6354784965515137
-0.13445362448692322	-0.2296132743358612
-5.403280258178711	-3.3427696228027344
-6.1613898277282715	-3.8054938316345215
-3.9243457317352295	-2.4600069522857666
-5.8858489990234375	-3.6330389976501465
-1.2886401414871216	-0.9526505470275879
-1.4706138372421265	-1.0604687929153442
-0.4350421130657196	-0.42149245738983154
-5.530544757843018	-3.4197616577148438
0.18604473769664764	-0.024718962609767914
-1.551031231880188	-1.1082271337509155
0.19105970859527588	-0.021936893463134766
-4.892695903778076	-3.038445472717285
-5.403735160827637	-3.346780300140381
-0.14049848914146423	-0.2340439409017563
-0.3018191158771515	-0.33715224266052246
-4.633937835693359	-2.8829312324523926
-5.263233661651611	-3.2602174282073975
-6.181232452392578	-3.808769702911377
0.25978589057922363	0.021709412336349487
-4.268664836883545	-2.665400266647339
-1.9098612070083618	-1.3198879957199097
-5.18992805480957	-3.2174932956695557
-3.371257781982422	-2.145066261291504
0.2319658249616623	0.004120051860809326
-4.281244277954102	-2.6688971519470215
-2.3829329013824463	-1.5879484415054321
-1.3782060146331787	-1.0055526494979858
-4.211145401000977	-2.627014398574829
-1.801578402519226	-1.2561944723129272
-2.1078176498413086	-1.431208848953247
0.31801939010620117	0.05899573862552643
-5.544501304626465	-3.4284584522247314
-1.607742428779602	-1.1413869857788086
-4.514595985412598	-2.8093724250793457
0.23047640919685364	0.0035981684923171997
-3.6490800380706787	-2.301598072052002
-4.938225269317627	-3.066042184829712
-3.6621105670928955	-2.308730363845825
-5.280520439147949	-3.271631956100464
-5.926698684692383	-3.6580917835235596
-0.7502361536026001	-0.6237130761146545
-1.3166722059249878	-0.9689623117446899
-3.325885057449341	-2.1192893981933594
0.08715547621250153	-0.08768387883901596
-3.0452706813812256	-1.9611881971359253
-5.194807529449463	-3.219048023223877
-1.3589106798171997	-0.9943537712097168
-4.980897426605225	-3.0912928581237793
-5.395875930786133	-3.3431153297424316
-4.242565155029297	-2.6458468437194824
-2.5967109203338623	-1.7073136568069458
-1.2351691722869873	-0.92075514793396
-4.968586444854736	-3.0833828449249268
-5.47905158996582	-3.3928351402282715
0.22233998775482178	-0.0015750080347061157
-0.9980127811431885	-0.7791149020195007
-0.17479726672172546	-0.25401878356933594
-3.2345058917999268	-2.067586898803711
-6.04749870300293	-3.7283706665039062
-5.138840675354004	-3.186598062515259
-1.566613793373108	-1.1171801090240479
-1.1698018312454224	-0.8822853565216064
-2.07007098197937	-1.4103951454162598
-4.931334972381592	-3.0600953102111816
-4.904123783111572	-3.0444536209106445
-2.1752078533172607	-1.46946382522583
0.31813159584999084	0.05859385430812836
-0.32978126406669617	-0.3538718819618225
-0.2334209382534027	-0.29434847831726074
0.24097052216529846	0.00989939272403717
0.2801307439804077	0.03469443321228027
-1.6716581583023071	-1.1794674396514893
-6.048604965209961	-3.730931282043457
-1.6484876871109009	-1.1652435064315796
-1.636147379875183	-1.1579310894012451
0.3286578357219696	0.06497254967689514
0.3810766935348511	0.0977066159248352
-5.933637619018555	-3.659454345703125
-5.976883888244629	-3.6852169036865234
-3.3600761890411377	-2.138164520263672
-5.999217987060547	-3.7019009590148926
-2.055832624435425	-1.4022841453552246
-4.332814693450928	-2.700011730194092
-5.339885234832764	-3.3058218955993652
-6.215100288391113	-3.833765983581543
-0.39125922322273254	-0.39318060874938965
-6.199398994445801	-3.8208866119384766
-5.845269203186035	-3.6062912940979004
-5.142009258270264	-3.1865744590759277
-0.45519015192985535	-0.43628615140914917
-5.6337080001831055	-3.482328414916992
-1.5467631816864014	-1.1053340435028076
-1.8596876859664917	-1.2920223474502563
-4.733465194702148	-2.9416637420654297
-5.453278541564941	-3.3753905296325684
-0.5299994945526123	-0.4832277297973633
-4.641846656799316	-2.8895955085754395
-0.2296731173992157	-0.2909626364707947
-3.4173498153686523	-2.1712708473205566
-6.1046953201293945	-3.7634470462799072
-2.8873345851898193	-1.872039556503296
-0.7424266338348389	-0.6196713447570801
-4.756478309631348	-2.956817626953125
-2.4634082317352295	-1.6322869062423706
-2.404642105102539	-1.5991730690002441
0.0788148045539856	-0.09268665313720703
-2.302394151687622	-1.5412405729293823
-2.479797601699829	-1.641295075416565
-5.130510330200195	-3.1817169189453125
-0.023136049509048462	-0.15937097370624542
-5.306948661804199	-3.285623788833618
-1.2876132726669312	-0.9520899057388306
-5.228359222412109	-3.239381790161133
-0.8250584602355957	-0.6725960969924927
0.059692203998565674	-0.10517629981040955
0.09101201593875885	-0.08537411689758301
-2.5674569606781006	-1.6908754110336304
-5.01652717590332	-3.112405300140381
-4.6337432861328125	-2.8806567192077637
-3.887769937515259	-2.438939094543457
0.28082704544067383	0.03537739813327789
-6.049610137939453	-3.7284393310546875
-1.9331730604171753	-1.3334318399429321
-0.508569598197937	-0.4688844084739685
-5.144456386566162	-3.1904616355895996
-1.554607629776001	-1.1102657318115234
-6.103114128112793	-3.7698140144348145
-1.527998924255371	-1.0943756103515625
-4.497945308685303	-2.8001296520233154
-0.21808692812919617	-0.2831011712551117
-0.6904277801513672	-0.586191713809967
0.028876066207885742	-0.12373416125774384
-5.119339942932129	-3.174684524536133
-4.149458885192871	-2.5908641815185547
-0.1499302089214325	-0.23991146683692932
0.1303386092185974	-0.05989369750022888
0.29636484384536743	0.04526485502719879
-5.110844612121582	-3.1692848205566406
-5.736583232879639	-3.543928623199463
0.12335386872291565	-0.06395412236452103
-2.6536099910736084	-1.7395696640014648
-5.468569755554199	-3.3829426765441895
-5.472047805786133	-3.3854150772094727
0.14330646395683289	-0.05154004693031311
-0.5489338636398315	-0.49638134241104126
-2.6045138835906982	-1.711793065071106
-5.926675319671631	-3.6572749614715576
-6.123780250549316	-3.7799134254455566
-0.45579996705055237	-0.4357801675796509
0.3318502902984619	0.06771846115589142
-3.6636600494384766	-2.311190128326416
-3.0020909309387207	-1.9367893934249878
-6.2512969970703125	-3.851069927215576
-1.012459635734558	-0.787811815738678
-0.24253812432289124	-0.2973215579986572
-6.046589374542236	-3.733922243118286
-5.925195693969727	-3.664034843444824
-5.502225399017334	-3.404500961303711
0.10608583688735962	-0.07475021481513977
-5.290316581726074	-3.2761878967285156
-5.487948417663574	-3.396629810333252
-5.674943447113037	-3.5110743045806885
-0.7590200901031494	-0.629950225353241
-5.429751873016357	-3.357293128967285
-1.1976937055587769	-0.8988346457481384
-0.9534511566162109	-0.7525527477264404
-5.289467811584473	-3.2791895866394043
-0.23024222254753113	-0.29259341955184937
-4.802328109741211	-2.9837725162506104
-2.811575174331665	-1.8289239406585693
-2.439661741256714	-1.6192783117294312
-1.3995877504348755	-1.0184741020202637
-4.056410312652588	-2.536360740661621
-5.661764621734619	-3.4984779357910156
-4.670331954956055	-2.903552770614624
-4.8763580322265625	-3.026669979095459
-4.459809303283691	-2.7778849601745605
-5.426734924316406	-3.3575692176818848
-1.6901987791061401	-1.190076470375061
0.2838161587715149	0.037235990166664124
-5.612345218658447	-3.4698596000671387
-4.048529624938965	-2.5345520973205566
-3.6316213607788086	-2.292287826538086
-5.381558418273926	-3.330721855163574
-1.4682174921035767	-1.0587053298950195
-5.632028102874756	-3.4814038276672363
-3.7371041774749756	-2.3515708446502686
-2.986689805984497	-1.927893877029419
0.47941407561302185	0.16629044711589813
-5.417848110198975	-3.355827808380127
-5.059746742248535	-3.137463092803955
-4.910082817077637	-3.0480988025665283
-5.109105110168457	-3.1684508323669434
-0.5995548963546753	-0.5299075841903687
-4.570018291473389	-2.842477798461914
-4.729001522064209	-2.9385297298431396
-2.359365940093994	-1.5734480619430542
0.12610095739364624	-0.0624774694442749
0.10584462434053421	-0.07531561702489853
-5.568212509155273	-3.445364475250244
-1.4933782815933228	-1.0739082098007202
-5.87467098236084	-3.626784324645996
-0.07474936544895172	-0.19069093465805054
-5.331509590148926	-3.301605224609375
-2.10306453704834	-1.428798794746399
-5.382737159729004	-3.330230236053467
-0.05155225098133087	-0.17667831480503082
-2.7529380321502686	-1.7959824800491333
-4.254074573516846	-2.6530213356018066
-4.748361110687256	-2.9531681537628174
0.38030076026916504	0.09955266118049622
-4.00899076461792	-2.5084848403930664
-2.30029559135437	-1.5400491952896118
-0.6865917444229126	-0.5840846300125122
0.30728745460510254	0.051921457052230835
-1.7209477424621582	-1.2084354162216187
-5.128954887390137	-3.1805474758148193
-5.376190185546875	-3.3273425102233887
-5.162386417388916	-3.199817180633545
-2.1395928859710693	-1.4499033689498901
-0.037563592195510864	-0.16817530989646912
-0.2091534435749054	-0.27838754653930664
0.256588876247406	0.019735947251319885
-5.286672592163086	-3.274381160736084
-4.641127586364746	-2.885561943054199
0.3704679012298584	0.09169523417949677
-5.472732067108154	-3.3842272758483887
-5.6889567375183105	-3.516530990600586
-0.6717588901519775	-0.5742921829223633
-5.975747108459473	-3.6945884227752686
-4.816633224487305	-2.993044853210449
-6.208713531494141	-3.8300249576568604
-3.750948667526245	-2.359544277191162
-1.4680050611495972	-1.0588866472244263
-6.109279155731201	-3.764826774597168
-5.762893199920654	-3.5573508739471436
-0.9135063886642456	-0.7275557518005371
0.3007950782775879	0.047657474875450134
0.31489771604537964	0.05678647756576538
-0.7136663198471069	-0.6021221280097961
-3.9194905757904053	-2.456848621368408
-6.193467617034912	-3.8165488243103027
-5.12640380859375	-3.1790902614593506
-0.40617379546165466	-0.40553605556488037
0.11422811448574066	-0.07013075053691864
-0.6661078929901123	-0.5705732703208923
-0.7825254201889038	-0.6460539102554321
-0.30935293436050415	-0.3415944576263428
0.08558892458677292	-0.08771039545536041
0.3158515393733978	0.05700616538524628
-4.962454795837402	-3.0799448490142822
-5.149682998657227	-3.1945462226867676
-1.1035397052764893	-0.8425173163414001
-0.3143651783466339	-0.3447681665420532
-2.6459240913391113	-1.735615849494934
-0.45612308382987976	-0.43583428859710693
-0.3328857123851776	-0.35639864206314087
-1.7470176219940186	-1.2235645055770874
-4.948525905609131	-3.0702452659606934
-1.44281005859375	-1.0438666343688965
-3.4400954246520996	-2.1844680309295654
-4.3601179122924805	-2.717466115951538
-5.346269130706787	-3.3090171813964844
-5.741656303405762	-3.550157308578491
-5.4674882888793945	-3.3841423988342285
-1.1400538682937622	-0.8645099401473999
-5.318484306335449	-3.293262481689453
0.2627057433128357	0.02369140088558197
0.1886182278394699	-0.023198269307613373
-0.8465847969055176	-0.6863913536071777
0.123401939868927	-0.0642956793308258
-5.447639465332031	-3.3696718215942383
-1.47014582157135	-1.0600367784500122
0.3345494866371155	0.06926886737346649
-6.372866153717041	-3.9253597259521484
-4.610215187072754	-2.86862850189209
-0.844980001449585	-0.6849700212478638
-3.8214166164398193	-2.40098237991333
-5.80634069442749	-3.5854153633117676
0.112739697098732	-0.0715324729681015
-5.667591094970703	-3.499873161315918
-3.1197755336761475	-2.002840280532837
-1.9988025426864624	-1.3698874711990356
-5.288256645202637	-3.2737557888031006
-5.313966274261475	-3.2918472290039062
-5.003126621246338	-3.1052844524383545
-5.160758972167969	-3.2002172470092773
-5.100059986114502	-3.1620445251464844
-3.430117130279541	-2.178497314453125
0.003917783498764038	-0.13994187116622925
-4.88282585144043	-3.0328421592712402
-4.203152179718018	-2.621859073638916
-0.31791892647743225	-0.34759843349456787
-1.2533706426620483	-0.9317353963851929
0.2642010748386383	0.0244244784116745
-3.589548110961914	-2.268512487411499
-5.3985443115234375	-3.340959072113037
-1.5014601945877075	-1.0781975984573364
-0.7799314260482788	-0.6433959603309631
-5.51763916015625	-3.413870334625244
-5.38386344909668	-3.331418514251709
-2.1261708736419678	-1.4420689344406128
-1.49830162525177	-1.0770052671432495
-4.929381847381592	-3.061100959777832
-5.04340934753418	-3.1284499168395996
-4.552792072296143	-2.8342652320861816
-5.9697980880737305	-3.6862969398498535
-2.741401433944702	-1.7892194986343384
-5.490805625915527	-3.39687442779541
0.20792928338050842	-0.011298701167106628
0.4248048663139343	0.1294657438993454
-2.099339485168457	-1.4265214204788208
0.14830468595027924	-0.04877297580242157
-1.4624778032302856	-1.0553603172302246
-5.716217994689941	-3.5301156044006348
-4.759580135345459	-2.9581401348114014
-0.04252886772155762	-0.16968870162963867
-0.5015408992767334	-0.4644821286201477
-0.47734126448631287	-0.45094454288482666
-0.846725344657898	-0.6859385967254639
-5.444855690002441	-3.3703510761260986
-5.381721019744873	-3.3311619758605957
-5.230982780456543	-3.2418630123138428
-5.460787773132324	-3.377249240875244
-4.6730637550354	-2.9046854972839355
-5.811733245849609	-3.590691566467285
-5.082086563110352	-3.1517183780670166
-1.6989094018936157	-1.1957874298095703
-0.1908492147922516	-0.26658400893211365
-2.0082781314849854	-1.375320315361023
0.29258954524993896	0.04241400957107544
0.4683758020401001	0.15978924930095673
-1.341741919517517	-0.9839917421340942
-0.13217705488204956	-0.22821234166622162
-0.9181145429611206	-0.7303823828697205
-4.83945369720459	-3.0076687335968018
0.3189529478549957	0.05892866849899292
-2.8868515491485596	-1.8714463710784912
-3.030914545059204	-1.952462911605835
-2.143440008163452	-1.451485276222229
-4.220466613769531	-2.6337876319885254
0.2989846467971802	0.046640798449516296
-5.862205982208252	-3.6186437606811523
-6.112127780914307	-3.7669644355773926
0.12845954298973083	-0.06093067675828934
0.20379425585269928	-0.013332843780517578
-1.3739243745803833	-1.0031771659851074
-2.4723756313323975	-1.6376526355743408
-4.210896968841553	-2.6286892890930176
-6.149603366851807	-3.791961193084717
-3.0779645442962646	-1.979364275932312
-2.020848512649536	-1.3824548721313477
-1.4137009382247925	-1.026732325553894
-1.4368658065795898	-1.0404940843582153
-0.4264310300350189	-0.41543304920196533
-5.26090145111084	-3.258523941040039
-5.950521945953369	-3.6699013710021973
-4.531574249267578	-2.821448802947998
-1.3057523965835571	-0.9624558687210083
0.1861889660358429	-0.024422772228717804
-3.2558529376983643	-2.0800893306732178
-3.396353006362915	-2.1588571071624756
-3.8402135372161865	-2.4109244346618652
-6.050822734832764	-3.731245756149292
-0.2179046869277954	-0.2836138606071472
0.19819188117980957	-0.017015576362609863
-1.9277809858322144	-1.329856038093567
-5.162269115447998	-3.199479579925537
-1.0836057662963867	-0.8301958441734314
-0.5607249736785889	-0.5031694769859314
-4.618249893188477	-2.872738838195801
-6.108474254608154	-3.7653424739837646
-5.082565784454346	-3.1522884368896484
-5.200200080871582	-3.2223217487335205
0.15263791382312775	-0.04533085227012634
-4.793760299682617	-2.9780406951904297
-0.7486974000930786	-0.6229901313781738
-5.807202339172363	-3.5850331783294678
-3.032313585281372	-1.9536361694335938
-5.823572635650635	-3.592616081237793
-5.195743560791016	-3.2214555740356445
-5.689471244812012	-3.517810821533203
-6.146573066711426	-3.786560535430908
-0.26906195282936096	-0.3169679641723633
-0.48885783553123474	-0.45718371868133545
-5.280681610107422	-3.2703981399536133
-0.0980578064918518	-0.20585188269615173
-4.832082748413086	-3.0010035037994385
-2.151444673538208	-1.4562978744506836
-5.608546257019043	-3.4681544303894043
-5.825416088104248	-3.595975637435913
-0.06066425144672394	-0.18083620071411133
-1.9135264158248901	-1.321789264678955
-0.18071293830871582	-0.25881969928741455
-5.212247848510742	-3.2302751541137695
-2.815965414047241	-1.831180214881897
-5.12717342376709	-3.1782824993133545
-0.8264851570129395	-0.6729580760002136
-6.047611236572266	-3.726658821105957
-2.361051321029663	-1.5742894411087036
-2.011425256729126	-1.3772257566452026
-2.2495105266571045	-1.511473298072815
0.12207847833633423	-0.06517589837312698
-2.182082176208496	-1.4731016159057617
-5.313990592956543	-3.2899575233459473
-5.914698600769043	-3.651801824569702
-1.6538804769515991	-1.168798565864563
0.22727659344673157	0.0016622990369796753
-5.433011054992676	-3.3593151569366455
-5.251304626464844	-3.253385066986084
-3.940751314163208	-2.4691689014434814
-3.820586919784546	-2.40008282661438
-1.2458802461624146	-0.927096962928772
-0.5178524255752563	-0.4759596586227417
-0.14868906140327454	-0.23756608366966248
0.31522616744041443	0.05660216510295868
-4.891909599304199	-3.037673234939575
-5.377625465393066	-3.327880620956421
-2.8866946697235107	-1.8714290857315063
-5.422441482543945	-3.353757381439209
-3.5577993392944336	-2.250469207763672
0.015752017498016357	-0.13199877738952637
-0.3561384975910187	-0.372441828250885
-4.819023609161377	-2.993469476699829
-3.716449737548828	-2.3395702838897705
-5.36092472076416	-3.3208367824554443
-5.291365146636963	-3.275907039642334
-3.5145533084869385	-2.226717948913574
-3.635322332382202	-2.2936012744903564
-4.7862138748168945	-2.9741580486297607
-0.2206721007823944	-0.2846672534942627
-6.131699562072754	-3.7837581634521484
-2.9157156944274902	-1.8876198530197144
-5.709412097930908	-3.5258312225341797
0.19339799880981445	-0.02068445086479187
-5.837940216064453	-3.6031696796417236
-0.23718038201332092	-0.29584449529647827
-6.023721218109131	-3.7165932655334473
-3.4026455879211426	-2.163224935531616
-1.30660879611969	-0.962981641292572
0.08369389176368713	-0.08940163999795914
-0.38644054532051086	-0.39116132259368896
-5.262730598449707	-3.2605667114257812
-0.9532653093338013	-0.7528350353240967
-4.220992088317871	-2.632889747619629
-5.846559047698975	-3.6104583740234375
-5.9866719245910645	-3.693228244781494
-4.8064165115356445	-2.985147476196289
-1.3387913703918457	-0.9828437566757202
-6.135358810424805	-3.7832889556884766
0.39323946833610535	0.10602284967899323
0.273345410823822	0.0301627516746521
-3.953791379928589	-2.477343797683716
-3.293236494064331	-2.1005985736846924
-0.20516160130500793	-0.2749177813529968
-4.81134033203125	-2.990708827972412
-4.654021263122559	-2.892490863800049
-5.506666660308838	-3.4044559001922607
-2.504870891571045	-1.655832290649414
0.0586988627910614	-0.10531637072563171
-1.952684998512268	-1.3438688516616821
-3.2408576011657715	-2.070843458175659
-4.930459976196289	-3.0594091415405273
-3.7464301586151123	-2.3574564456939697
-3.9210965633392334	-2.457611083984375
-1.957110047340393	-1.3465806245803833
-5.343654632568359	-3.3084588050842285
-5.154789447784424	-3.1945641040802
