1
-2.5268049240112305	29.88787269592285
4.510127544403076	27.88715171813965
3.9880356788635254	27.401397705078125
2.3909106254577637	27.39472198486328
-2.5504696369171143	30.69489860534668
-14.510281562805176	22.88340950012207
-13.216012954711914	25.72673225402832
3.2971205711364746	28.562923431396484
-4.154654026031494	24.216306686401367
3.360121250152588	28.03736686706543
-11.452570915222168	26.153718948364258
-10.833240509033203	27.586732864379883
-4.21054744720459	28.027509689331055
-6.438061714172363	22.25069808959961
-7.3433403968811035	26.617876052856445
-12.60061264038086	26.11372184753418
-2.1376242637634277	21.936248779296875
-15.234125137329102	24.380966186523438
-4.109485149383545	31.648820877075195
-10.887194633483887	26.436098098754883
-7.623367786407471	25.594058990478516
-13.561768531799316	25.616029739379883
-2.563474178314209	30.342947006225586
-17.536758422851562	23.367908477783203
-6.419349670410156	27.962373733520508
-0.6206719875335693	30.708789825439453
-17.872854232788086	23.477096557617188
-13.75796890258789	17.003612518310547
0.08889628201723099	29.577165603637695
3.42909836769104	27.0065860748291
-4.625293731689453	21.025413513183594
-16.589191436767578	22.292987823486328
-10.262130737304688	25.395994186401367
-10.344890594482422	27.230443954467773
0.5052472352981567	24.880962371826172
-6.193188190460205	24.238210678100586
-14.784384727478027	18.60242462158203
-17.07680320739746	22.26512336730957
-2.5297951698303223	31.31923484802246
-0.34616291522979736	28.193315505981445
0.6528147459030151	28.210142135620117
4.145362377166748	28.15486717224121
-5.279313564300537	28.483667373657227
-5.038121700286865	30.443986892700195
-7.165113925933838	21.307449340820312
0.35765957832336426	26.66261100769043
-16.931640625	22.892457962036133
-5.487325191497803	30.55772590637207
-8.557336807250977	26.493993759155273
-10.329326629638672	26.83968162536621
-17.01021957397461	24.037960052490234
-0.9332939386367798	30.275522232055664
-16.836315155029297	20.860937118530273
-7.409252643585205	26.106374740600586
-2.1340911388397217	21.840272903442383
-15.239645957946777	24.838651657104492
-13.879350662231445	25.931278228759766
-16.504011154174805	21.842981338500977
-3.295720338821411	26.281660079956055
-10.058028221130371	28.079206466674805
-16.75363540649414	23.617633819580078
-3.514028549194336	31.468164443969727
-0.6266883611679077	22.799097061157227
-6.143012046813965	30.577489852905273
-9.79675006866455	27.819204330444336
4.603322982788086	27.97905158996582
1.7280486822128296	24.513015747070312
-2.1978583335876465	25.128103256225586
-17.46670150756836	21.084333419799805
-10.675605773925781	28.573652267456055
-17.2105712890625	22.965261459350586
-2.1560916900634766	21.4569034576416
-12.610074043273926	26.423627853393555
-12.362895965576172	26.91082191467285
-5.615922451019287	21.87557601928711
-13.139570236206055	26.575584411621094
-11.227153778076172	24.71078872680664
-9.796273231506348	25.562162399291992
-11.076258659362793	27.589101791381836
-1.270408272743225	27.06805992126465
0.1700679063796997	23.651031494140625
4.660158634185791	28.315732955932617
-8.566548347473145	26.727060317993164
-11.886520385742188	26.39506721496582
2.5974841117858887	26.955385208129883
0.7627782821655273	27.029260635375977
-4.970974922180176	31.497465133666992
1.5600682497024536	26.034074783325195
-6.594470500946045	30.33110237121582
-1.1597870588302612	27.621978759765625
-12.99754810333252	25.648523330688477
3.022904634475708	27.51227378845215
-4.761842250823975	31.85933494567871
-9.763278007507324	29.033422470092773
-13.123754501342773	25.504528045654297
-7.380962371826172	30.80306625366211
1.0177056789398193	23.529447555541992
-12.41717529296875	24.886924743652344
-3.4608044624328613	27.732446670532227
-2.3808398246765137	21.972471237182617
-4.3525309562683105	24.145872116088867
-13.762777328491211	25.330474853515625
-4.229495525360107	19.891685485839844
-7.372936725616455	29.63433265686035
-5.874104022979736	26.898231506347656
2.685063362121582	28.90774917602539
-17.19939422607422	21.33637046813965
-2.1633565425872803	23.871849060058594
-16.37357521057129	20.1031436920166
-16.83002281188965	23.82619857788086
-2.718187093734741	20.116046905517578
0.24584436416625977	28.551881790161133
0.0451517179608345	22.806922912597656
-8.493265151977539	28.884239196777344
-1.6054128408432007	22.693309783935547
-17.24369239807129	22.850351333618164
4.059450149536133	27.48235511779785
-0.35527968406677246	28.93686866760254
-11.684996604919434	26.873552322387695
-5.147460460662842	26.417556762695312
-15.507015228271484	24.1505184173584
3.841832160949707	27.460819244384766
-12.979001998901367	25.270366668701172
-2.9752755165100098	24.513395309448242
-5.926030158996582	25.748262405395508
-4.055875301361084	22.26153564453125
-16.72198486328125	20.89797019958496
1.9558870792388916	27.19545555114746
-0.8109570741653442	28.06159782409668
-5.749022006988525	24.421077728271484
-2.3949220180511475	28.402738571166992
-9.14565658569336	26.949338912963867
-12.24576187133789	23.8548583984375
-8.216955184936523	25.883630752563477
-17.002695083618164	21.217741012573242
-17.020706176757812	23.10847282409668
2.228300094604492	25.49085807800293
-11.65603256225586	27.31211280822754
-6.023377895355225	27.18707847595215
-9.305309295654297	26.07883644104004
-11.540771484375	27.781038284301758
0.040320999920368195	23.817094802856445
2.126917839050293	28.077848434448242
-6.851365089416504	29.772459030151367
-2.8126609325408936	25.722909927368164
-2.7574448585510254	25.748868942260742
-11.465902328491211	26.96532440185547
-8.028383255004883	23.44792366027832
-14.13478946685791	24.482995986938477
-1.9972004890441895	25.72971534729004
-8.987316131591797	22.357603073120117
-12.393112182617188	26.66132354736328
2.760993480682373	29.223506927490234
-4.252901077270508	30.129491806030273
-7.972275257110596	22.407878875732422
-7.279773235321045	27.77182960510254
1.3641834259033203	27.063779830932617
-0.24307703971862793	24.557220458984375
3.546132802963257	28.73586082458496
-12.562675476074219	24.86305809020996
-6.901158332824707	25.704851150512695
-2.0096471309661865	22.916391372680664
1.969207763671875	24.076364517211914
-9.215983390808105	29.304603576660156
-2.4649078845977783	27.38489532470703
-5.341991901397705	25.779478073120117
4.550894260406494	28.065645217895508
1.0714564323425293	28.991891860961914
-7.809238910675049	29.699668884277344
1.5095603466033936	26.906213760375977
-9.67204761505127	24.26665687561035
-7.714707851409912	28.147783279418945
-10.686312675476074	28.104021072387695
-15.653495788574219	19.279647827148438
1.3358367681503296	27.485567092895508
-16.289520263671875	23.971223831176758
-3.8896560668945312	27.24745750427246
-3.9897170066833496	20.575321197509766
-16.95490074157715	21.136472702026367
2.160024881362915	26.967798233032227
-9.624038696289062	18.649477005004883
1.8728346824645996	26.02459144592285
-9.715825080871582	28.770780563354492
2.7326338291168213	26.44670295715332
-0.2666299343109131	27.533174514770508
0.7703268527984619	29.446720123291016
-12.0949125289917	19.547271728515625
0.9186060428619385	27.237375259399414
4.225189685821533	28.10579490661621
-5.076915264129639	25.879796981811523
4.574610233306885	28.090599060058594
-16.318265914916992	23.331989288330078
3.6500751972198486	27.808019638061523
-1.1510440111160278	26.692033767700195
-15.989233016967773	24.00684928894043
-6.906015872955322	31.333019256591797
3.474611759185791	28.071821212768555
-14.371193885803223	25.19395637512207
-11.342460632324219	26.445165634155273
-10.726462364196777	24.09436798095703
-3.1888670921325684	21.09129524230957
-6.477060794830322	29.681190490722656
-2.7087604999542236	28.07160758972168
-17.26285743713379	23.334131240844727
2.971867561340332	26.841094970703125
-14.880456924438477	20.276155471801758
-12.310935974121094	26.774812698364258
-17.15265655517578	22.566789627075195
-5.872339725494385	29.111268997192383
-12.045623779296875	26.506338119506836
-13.726755142211914	26.410945892333984
-16.3399600982666	20.926668167114258
-12.564140319824219	25.79499626159668
-5.624017238616943	31.688844680786133
-15.268367767333984	20.591045379638672
-5.1797261238098145	27.658906936645508
-2.6574764251708984	31.463054656982422
-11.807914733886719	26.43450355529785
-2.368762969970703	29.920122146606445
-7.24838399887085	27.767070770263672
-8.243370056152344	24.50518226623535
-9.983606338500977	25.144651412963867
-13.7736234664917	25.9068660736084
-6.631860256195068	27.286569595336914
3.1312708854675293	26.216915130615234
-16.32227897644043	23.69757652282715
-11.74385929107666	24.788049697875977
4.410807132720947	27.73399543762207
3.6446547508239746	26.75299644470215
-14.073253631591797	23.90382957458496
-13.535181999206543	17.609779357910156
-1.90497624874115	27.63787269592285
3.0153932571411133	28.817819595336914
-6.739865303039551	27.534297943115234
-11.492657661437988	26.941211700439453
-13.718340873718262	24.746397018432617
-13.973775863647461	24.159542083740234
-8.540834426879883	28.219125747680664
-8.888165473937988	29.322458267211914
-1.0100584030151367	21.28615379333496
-5.052765369415283	30.199581146240234
-6.156627178192139	30.89206886291504
-4.292123794555664	24.826879501342773
-6.173015594482422	31.167070388793945
-2.4955458641052246	20.0015926361084
1.6604657173156738	27.49370765686035
-1.418882966041565	24.898283004760742
-11.678003311157227	27.25801658630371
-9.935976028442383	28.269121170043945
-2.087920665740967	28.339509963989258
2.955167531967163	27.31549644470215
-8.20974349975586	28.98394203186035
-17.07099151611328	20.844175338745117
-6.368464946746826	27.4551944732666
-3.100219964981079	28.104488372802734
-16.51944923400879	20.45518684387207
-11.175886154174805	23.635095596313477
-14.018172264099121	23.200044631958008
-9.27631950378418	26.0294132232666
-6.25233793258667	22.125886917114258
2.8795793056488037	28.985416412353516
1.4407832622528076	28.607954025268555
-12.309375762939453	26.98482894897461
-17.061431884765625	23.436798095703125
-8.834708213806152	28.613914489746094
-14.310888290405273	18.255577087402344
-10.483113288879395	25.754323959350586
-16.1102237701416	19.82382583618164
-5.259510040283203	23.830549240112305
-17.421689987182617	22.38702964782715
-11.624658584594727	24.262563705444336
-5.517378330230713	30.356000900268555
-5.910933494567871	23.452903747558594
-10.858687400817871	28.85631561279297
2.043949604034424	25.9227237701416
-10.804439544677734	24.802106857299805
-5.5317254066467285	24.24933433532715
4.522715091705322	28.25105094909668
-4.179835796356201	21.008790969848633
1.5266742706298828	26.90885353088379
-16.587858200073242	21.69849967956543
3.8760221004486084	27.44692039489746
-16.52532196044922	19.982948303222656
-0.06662141531705856	24.486604690551758
-6.129236698150635	28.87904930114746
-12.401237487792969	24.63796043395996
-18.146381378173828	23.024856567382812
-11.12502384185791	27.35835075378418
-17.521709442138672	22.764461517333984
-5.591118335723877	29.210046768188477
-13.962484359741211	25.303606033325195
-11.919427871704102	21.272069931030273
-2.0529379844665527	26.598676681518555
0.20167100429534912	22.663423538208008
-14.008279800415039	26.083662033081055
-10.980571746826172	24.435739517211914
-9.02166748046875	17.891429901123047
-8.66786003112793	26.458688735961914
-0.826697587966919	25.890073776245117
-14.741046905517578	23.605539321899414
-0.5048637390136719	28.582508087158203
2.4375133514404297	27.165063858032227
-12.675104141235352	25.646888732910156
1.5642688274383545	24.806772232055664
0.32007479667663574	22.90346336364746
-16.62154769897461	23.538623809814453
-4.993422985076904	30.787139892578125
-12.150896072387695	26.89107322692871
-17.346805572509766	23.672603607177734
-16.70028305053711	23.08559799194336
0.6442179679870605	27.719038009643555
-1.8561735153198242	27.488365173339844
-8.6123628616333	17.9986629486084
2.6736083030700684	28.3031063079834
2.3110976219177246	29.12806510925293
-11.23727798461914	27.039655685424805
-0.9151319265365601	26.487680435180664
-12.908586502075195	25.67777442932129
-5.279717922210693	25.836576461791992
-11.276657104492188	27.010530471801758
-13.400725364685059	26.747461318969727
2.1248703002929688	27.4940185546875
-2.968447685241699	20.68535804748535
-9.684051513671875	27.16044044494629
-0.7718182802200317	21.642065048217773
4.019851207733154	28.305116653442383
-7.783253192901611	29.164579391479492
-3.2799816131591797	20.806211471557617
-9.906988143920898	20.71622657775879
-16.98883056640625	22.394838333129883
-8.960630416870117	29.74504852294922
0.9252766370773315	21.861417770385742
-1.27573561668396	30.90854835510254
-9.25161361694336	23.21100425720215
-7.956692218780518	26.65986442565918
-2.1218338012695312	22.00120735168457
-10.470625877380371	25.53535270690918
-16.083587646484375	24.053457260131836
-6.7824625968933105	23.37880516052246
-10.784364700317383	24.521020889282227
-16.74875259399414	21.61707878112793
-1.0791311264038086	21.123369216918945
-11.509979248046875	26.413671493530273
-11.86377239227295	24.280494689941406
1.8860647678375244	23.765138626098633
-5.312366962432861	31.51133155822754
-6.698883533477783	29.62070655822754
-16.819902420043945	21.360485076904297
-10.966176986694336	25.82074546813965
-2.1255910396575928	28.517717361450195
-4.2346601486206055	26.003753662109375
-4.217841625213623	32.659461975097656
-4.837875843048096	29.8659610748291
1.8996587991714478	28.547311782836914
1.859386682510376	27.97620964050293
-17.264463424682617	22.980093002319336
-1.9970459938049316	30.73857307434082
-11.988990783691406	27.035322189331055
-3.620943546295166	22.44896125793457
-1.8353302478790283	21.750085830688477
-11.971266746520996	25.783981323242188
-12.495500564575195	24.880006790161133
-0.9373962879180908	25.6645450592041
0.08288932591676712	22.643735885620117
1.5108683109283447	29.13187599182129
-12.532442092895508	27.07090187072754
-3.611926555633545	32.842750549316406
1.7962291240692139	29.816621780395508
4.403706073760986	28.427282333374023
-4.569531440734863	22.62993049621582
-7.746653079986572	30.540382385253906
-13.683826446533203	26.542383193969727
-14.466657638549805	24.05445671081543
-13.06456470489502	26.167882919311523
-2.9861044883728027	21.919130325317383
-11.177743911743164	21.82768440246582
-12.928633689880371	25.93735694885254
4.614950180053711	28.61562156677246
-4.00518274307251	32.88329315185547
-12.27573013305664	25.13010597229004
2.4164462089538574	26.97865104675293
1.3133213520050049	22.97481346130371
-13.497172355651855	26.49526596069336
-3.7441859245300293	29.643991470336914
-1.753800868988037	26.19599723815918
-11.459449768066406	25.256288528442383
3.585545063018799	26.768667221069336
-7.852288722991943	23.971120834350586
-1.0977143049240112	23.292551040649414
-5.80344820022583	26.167531967163086
-12.295461654663086	17.800724029541016
4.059200763702393	27.449438095092773
-17.781352996826172	22.74787139892578
1.3104767799377441	26.845195770263672
-13.370376586914062	25.855419158935547
-6.512119770050049	29.904027938842773
-16.540767669677734	24.260419845581055
-15.668627738952637	24.2805118560791
-11.156998634338379	28.0700626373291
-2.4908971786499023	21.93455696105957
1.0065985918045044	26.623960494995117
-14.372641563415527	22.1291561126709
-16.138891220092773	23.185853958129883
-6.746171951293945	30.645164489746094
3.5628490447998047	27.446714401245117
-1.9888668060302734	24.79578971862793
-6.496556282043457	29.74436378479004
-13.73531723022461	25.120405197143555
-7.013186931610107	30.888164520263672
-13.911810874938965	23.94325065612793
-4.921902656555176	31.324810028076172
0.6794302463531494	25.845945358276367
1.4271628856658936	23.845312118530273
3.723933696746826	27.88821029663086
-9.64883804321289	28.098773956298828
-1.8586771488189697	26.84498405456543
-0.11146711558103561	24.524015426635742
-1.0289347171783447	27.955270767211914
-5.526388645172119	31.009366989135742
-5.3880133628845215	22.66152000427246
0.03943956643342972	29.51480484008789
-11.856905937194824	25.45977783203125
-12.657154083251953	25.84967613220215
-6.392364025115967	25.47471046447754
-11.77662467956543	19.018407821655273
-0.802007794380188	21.26261329650879
-4.47135591506958	31.25794219970703
0.8052529096603394	25.87503433227539
-8.99586296081543	29.383821487426758
-12.205570220947266	25.974132537841797
-2.2974905967712402	23.332550048828125
-17.287202835083008	23.179269790649414
-11.659149169921875	25.887088775634766
-5.640962600708008	27.064722061157227
2.621619462966919	24.967397689819336
-4.4250030517578125	25.415254592895508
-8.409636497497559	29.12822151184082
-13.095273971557617	25.723167419433594
-11.08807373046875	23.94734764099121
-6.464561462402344	30.857568740844727
-13.404264450073242	23.085561752319336
-15.93795394897461	21.04050636291504
-12.967052459716797	25.59330177307129
-17.184894561767578	22.67390251159668
2.319788694381714	26.361330032348633
-8.776286125183105	28.769596099853516
2.4726247787475586	24.19065284729004
-16.654354095458984	22.676782608032227
-15.049266815185547	19.828105926513672
-11.672281265258789	24.16570281982422
3.314725875854492	26.63737678527832
0.8949031829833984	28.959318161010742
-4.54937744140625	30.78194236755371
-2.380155086517334	24.0177059173584
-2.6968140602111816	29.136049270629883
-0.3047034740447998	22.701738357543945
-16.910940170288086	21.023357391357422
-2.2852540016174316	20.293235778808594
1.724637508392334	25.25946617126465
-9.544184684753418	28.347871780395508
-1.4145828485488892	23.81589698791504
4.3413896560668945	27.94339370727539
-16.559629440307617	23.411874771118164
3.070486307144165	26.15376853942871
-0.5387152433395386	29.68495750427246
-17.304931640625	24.07741355895996
-3.8909101486206055	31.25067138671875
-16.151309967041016	23.737018585205078
-10.160941123962402	24.86446762084961
-2.1652700901031494	20.578678131103516
-7.62490701675415	22.15806007385254
-9.750954627990723	25.91892433166504
-12.560319900512695	25.466718673706055
-17.47286605834961	23.025142669677734
-11.682912826538086	24.41971778869629
-14.03227710723877	26.297761917114258
-10.263010025024414	24.450542449951172
1.0220991373062134	25.41680335998535
-4.360916614532471	27.425100326538086
-5.14288854598999	20.59563446044922
-12.389686584472656	24.266321182250977
-10.934870719909668	25.692216873168945
-3.551525592803955	30.751405715942383
-13.326391220092773	25.140905380249023
2.6775765419006348	26.9492130279541
2.9135513305664062	26.564695358276367
3.85752010345459	27.407155990600586
-16.687931060791016	21.482099533081055
-16.308116912841797	21.66794204711914
-2.8345227241516113	28.282968521118164
-5.451620101928711	22.439617156982422
-4.400928020477295	31.018447875976562
-2.8871357440948486	22.544950485229492
-8.42078971862793	29.05906867980957
-12.676825523376465	23.39134407043457
-10.808084487915039	27.823253631591797
-14.934488296508789	21.589920043945312
-10.688669204711914	26.987199783325195
-11.100397109985352	27.878047943115234
2.885591745376587	27.115591049194336
-6.075794219970703	21.672550201416016
-16.738574981689453	19.93104362487793
-8.875833511352539	22.488248825073242
-10.542184829711914	24.09550666809082
-11.671647071838379	26.066234588623047
-9.258609771728516	28.32636070251465
2.712099075317383	26.892580032348633
-4.144118785858154	22.5053653717041
-1.0932140350341797	31.081790924072266
1.1518229246139526	25.418210983276367
0.24497509002685547	28.802907943725586
-2.1542603969573975	20.38313865661621
-15.49549674987793	23.403404235839844
-17.25428581237793	23.805978775024414
-16.861440658569336	23.747777938842773
-12.693794250488281	25.24641227722168
-13.931665420532227	25.09449577331543
1.6287992000579834	24.87371826171875
-9.908242225646973	23.207563400268555
-14.800166130065918	24.098108291625977
-8.7467679977417	29.7449893951416
-9.373955726623535	25.974206924438477
3.6811928749084473	27.17160987854004
4.590165138244629	27.8444766998291
-0.3158005475997925	28.916486740112305
-16.08020782470703	22.030004501342773
3.265369176864624	26.849836349487305
-14.202649116516113	25.28891944885254
-1.3884814977645874	23.40703010559082
2.179940700531006	27.81220054626465
-12.871879577636719	26.939218521118164
-8.694986343383789	26.43670654296875
-10.495355606079102	26.257314682006836
-9.872941970825195	26.71971321105957
-5.8031392097473145	27.704591751098633
-12.720735549926758	26.596288681030273
-4.021188259124756	27.347871780395508
4.397937297821045	28.409093856811523
-11.980728149414062	26.121553421020508
-10.659538269042969	25.75782585144043
-16.633018493652344	23.79070281982422
-11.386760711669922	24.352962493896484
1.2794742584228516	23.930253982543945
-12.442538261413574	26.822792053222656
-17.35529136657715	22.9425106048584
1.0311853885650635	29.574432373046875
-3.384913206100464	20.549095153808594
-6.344621658325195	31.173173904418945
-2.302091121673584	24.266752243041992
3.8132095336914062	28.220354080200195
-6.163079738616943	31.157651901245117
-13.80770492553711	25.908504486083984
3.4538180828094482	27.03673553466797
-10.435550689697266	25.694799423217773
-0.7328511476516724	29.899450302124023
-12.020001411437988	26.74051284790039
-5.120607376098633	31.252927780151367
3.607038736343384	26.489572525024414
-11.950486183166504	27.00562858581543
-8.637289047241211	29.354455947875977
-4.987135887145996	27.75590705871582
-7.3621745109558105	25.435239791870117
-5.4125189781188965	28.615568161010742
-13.104726791381836	25.481477737426758
-6.50192403793335	22.588706970214844
-2.6824498176574707	22.368860244750977
-15.606955528259277	19.403793334960938
-13.113954544067383	18.881940841674805
2.449557304382324	27.402578353881836
-1.2020642757415771	19.858150482177734
-17.976051330566406	22.41446304321289
-12.986509323120117	26.12345314025879
-6.851701259613037	30.201536178588867
-16.58034896850586	21.044918060302734
-2.543004035949707	19.63178825378418
-4.55571985244751	22.464292526245117
-13.310981750488281	25.951820373535156
4.156949043273926	28.292871475219727
0.7957620620727539	26.1870174407959
-3.0987515449523926	30.69157600402832
2.7150657176971436	27.30514907836914
-15.308040618896484	23.544240951538086
1.7866250276565552	29.020339965820312
-6.733090400695801	27.1048583984375
-0.9332033395767212	29.15273666381836
3.386836528778076	26.339065551757812
-1.8307470083236694	31.663225173950195
-17.27273178100586	23.15611457824707
1.7722885608673096	27.446523666381836
-15.391583442687988	20.592636108398438
4.149096488952637	27.46930694580078
-15.22225570678711	23.354040145874023
-7.2731242179870605	27.842313766479492
0.688513994216919	23.807544708251953
-16.555278778076172	23.35698699951172
-11.322916984558105	17.970502853393555
-13.364791870117188	24.24849510192871
-1.8262028694152832	19.76219940185547
-10.142730712890625	28.341995239257812
4.023852348327637	28.03223991394043
1.7029417753219604	27.373456954956055
-7.0935187339782715	28.084468841552734
-13.294845581054688	26.1260929107666
-5.822269439697266	31.62559700012207
-12.901554107666016	23.628631591796875
-16.669565200805664	23.961645126342773
-17.677467346191406	23.044605255126953
-13.552626609802246	25.85972023010254
-2.571164608001709	29.562501907348633
-3.0381462574005127	32.341548919677734
-17.439027786254883	21.327821731567383
-3.011805534362793	24.49823570251465
1.5335060358047485	29.17562484741211
-10.921582221984863	24.65586280822754
1.099169135093689	24.49906349182129
-16.935731887817383	22.611255645751953
-5.846349239349365	27.151399612426758
-15.223978042602539	19.386137008666992
-9.42862606048584	27.8787899017334
-7.77998161315918	21.238536834716797
-15.300018310546875	23.807161331176758
-4.029943466186523	28.1500244140625
-9.424577713012695	19.280630111694336
-8.461172103881836	29.91795539855957
-11.303632736206055	27.657176971435547
-4.579802989959717	29.14581871032715
-13.326921463012695	25.407527923583984
0.11996448785066605	21.750551223754883
2.7721619606018066	28.791015625
-12.926746368408203	25.78636360168457
4.275496006011963	28.053478240966797
-6.443395137786865	30.20723533630371
-2.3284831047058105	28.78389549255371
-9.88863468170166	27.728153228759766
-16.192739486694336	22.55557632446289
-1.3224976062774658	23.808408737182617
-2.0747947692871094	24.1655330657959
-9.251420974731445	26.735410690307617
-13.556137084960938	26.160062789916992
-2.1218791007995605	23.076223373413086
-12.193317413330078	25.71367073059082
-13.125858306884766	26.505868911743164
0.5860559940338135	25.757749557495117
2.24418306350708	26.823217391967773
-13.063705444335938	25.75535774230957
-2.1462762355804443	20.045228958129883
-17.282211303710938	22.358013153076172
2.0635812282562256	26.87458610534668
-16.374935150146484	23.293672561645508
-12.99163818359375	25.245708465576172
-0.6332515478134155	29.80638313293457
-6.450819969177246	31.32395362854004
-14.983512878417969	20.2371883392334
-11.438968658447266	27.61433219909668
-16.435882568359375	21.278432846069336
1.1966171264648438	27.190488815307617
-7.37028694152832	27.95326805114746
1.7717853784561157	25.39682960510254
2.8288087844848633	29.104482650756836
-10.54538631439209	25.011579513549805
-7.82526159286499	29.177724838256836
-3.325087547302246	30.82569694519043
1.2419888973236084	23.9708251953125
2.1679842472076416	23.924222946166992
-10.842462539672852	25.734365463256836
-13.338627815246582	24.32866859436035
-3.7972054481506348	30.23953628540039
-5.286566257476807	28.106225967407227
-15.5780611038208	23.902929306030273
-1.3611342906951904	26.245824813842773
-4.923431873321533	19.026809692382812
-3.80946946144104	28.062055587768555
-13.108181953430176	25.758604049682617
-3.947144031524658	20.305295944213867
-0.8047096729278564	31.431913375854492
-16.434978485107422	23.756261825561523
-4.27060079574585	24.121583938598633
-7.97632360458374	28.851552963256836
1.5368561744689941	27.64398956298828
-11.225828170776367	26.77424430847168
-0.8098920583724976	21.07185173034668
-0.4387000799179077	24.581729888916016
-2.9941983222961426	32.86507797241211
1.629668116569519	27.338937759399414
-14.985940933227539	23.573843002319336
2.8530609607696533	26.749624252319336
2.3145813941955566	26.125642776489258
-14.528210639953613	23.17393684387207
-5.160359859466553	31.172075271606445
-4.170860290527344	29.26395606994629
-13.06391429901123	25.662622451782227
-15.284195899963379	24.221506118774414
2.8881473541259766	28.371232986450195
-11.258808135986328	24.45924949645996
-17.349306106567383	21.18327522277832
-17.31403350830078	23.496936798095703
-4.985285758972168	29.450000762939453
-13.10326099395752	25.41816520690918
-1.2696971893310547	24.320772171020508
-8.012747764587402	28.10221290588379
-11.78232479095459	27.13204002380371
2.366710662841797	26.516164779663086
-15.117151260375977	18.501081466674805
-8.856751441955566	28.59073829650879
2.364712953567505	28.992149353027344
-12.260595321655273	24.383708953857422
-6.8550639152526855	21.67884063720703
-15.272917747497559	23.53451156616211
-4.2257466316223145	27.83612632751465
-14.147171974182129	19.449865341186523
-5.7245774269104	30.928834915161133
-11.025196075439453	23.970998764038086
-6.379522323608398	20.492475509643555
-13.481563568115234	25.08052635192871
-16.22881507873535	19.67372703552246
-9.68739128112793	29.992612838745117
-16.329883575439453	23.84050178527832
-4.487385272979736	30.225587844848633
3.7309458255767822	26.60859489440918
-9.466157913208008	28.307111740112305
-3.9289584159851074	32.46989059448242
-16.184206008911133	23.781986236572266
-13.25476360321045	25.88723373413086
1.7957366704940796	28.31129264831543
-6.580526828765869	22.11705207824707
-0.4920928478240967	25.771055221557617
-16.230545043945312	23.32427406311035
-5.932632923126221	29.69379997253418
1.5194859504699707	28.27936553955078
-6.391354084014893	21.653982162475586
-9.816205978393555	27.310598373413086
0.9862377643585205	28.044328689575195
3.6387200355529785	27.200101852416992
-6.464416027069092	30.632848739624023
-0.6886025667190552	22.220712661743164
-6.201150894165039	29.659536361694336
-7.979159832000732	29.19471549987793
3.0778746604919434	28.488508224487305
-2.4905171394348145	20.926973342895508
-6.804937839508057	21.839872360229492
-6.445456027984619	30.60829734802246
-11.357240676879883	22.597530364990234
-17.468782424926758	23.280935287475586
-12.201603889465332	26.711694717407227
-3.754568576812744	29.694528579711914
-16.17018699645996	20.11752700805664
-2.2957351207733154	23.12816619873047
-11.915924072265625	23.11382484436035
-10.819595336914062	25.76359748840332
-9.49928092956543	28.44684410095215
4.147564888000488	28.4147891998291
-10.766435623168945	25.605180740356445
-15.703128814697266	24.197702407836914
2.822782039642334	26.67441749572754
-5.065666198730469	30.02988624572754
-5.483828067779541	29.84191131591797
2.417694091796875	27.33820915222168
-3.409623861312866	26.782093048095703
-17.81191062927246	23.19707679748535
-17.06988525390625	24.056970596313477
-2.893702983856201	31.05030632019043
-10.809121131896973	26.12995719909668
-3.0058305263519287	30.958044052124023
-14.08497428894043	25.326828002929688
-13.741477966308594	25.81199836730957
-9.955527305603027	21.86451530456543
-12.182609558105469	25.759876251220703
0.9080712795257568	27.884489059448242
0.1114971712231636	26.48768424987793
-13.626993179321289	25.44976234436035
-6.507862567901611	30.597261428833008
3.869737148284912	28.320005416870117
-16.864601135253906	22.81820297241211
-1.161980152130127	23.898874282836914
-13.700031280517578	26.297517776489258
-16.00155258178711	21.08641242980957
0.08845186978578568	26.497215270996094
-0.054882995784282684	24.034835815429688
1.2715150117874146	24.16516876220703
-5.468281269073486	26.312854766845703
-5.418123722076416	30.957897186279297
4.303779125213623	27.541101455688477
1.725276231765747	26.837329864501953
-6.535656929016113	21.2362117767334
-13.412149429321289	25.440784454345703
-5.483288288116455	31.368513107299805
-1.869410753250122	31.22996711730957
-10.504061698913574	26.925172805786133
-8.881178855895996	25.824033737182617
-12.523289680480957	24.888322830200195
-8.043218612670898	24.294153213500977
-13.439597129821777	24.726699829101562
-5.680184841156006	25.551979064941406
-10.365507125854492	28.015226364135742
-13.067949295043945	26.063268661499023
-16.938636779785156	23.32145118713379
-10.68525505065918	26.534780502319336
-17.20107078552246	21.909460067749023
-14.765783309936523	23.957509994506836
4.141180515289307	27.943931579589844
3.05898380279541	25.69261360168457
-11.555940628051758	25.322359085083008
-15.74646282196045	19.97640037536621
1.4931983947753906	27.63151741027832
-12.94638729095459	24.904266357421875
3.7393951416015625	28.358734130859375
-11.213878631591797	23.0963077545166
-17.46737289428711	22.06363868713379
-13.285263061523438	25.96242904663086
-9.894882202148438	25.8468074798584
-13.915529251098633	25.164493560791016
-6.072775840759277	22.899341583251953
-11.331310272216797	26.45415496826172
-13.336597442626953	20.45372200012207
3.1205363273620605	28.1826114654541
0.15610861778259277	24.544897079467773
-14.036428451538086	21.339082717895508
-2.890927314758301	30.62688636779785
-5.762327671051025	22.67189598083496
-5.149035930633545	31.28484535217285
2.3622751235961914	24.391305923461914
-10.039216995239258	25.22096061706543
3.9475579261779785	26.532485961914062
-11.213846206665039	27.311813354492188
-10.300803184509277	28.780351638793945
-17.264724731445312	22.497560501098633
-4.126570701599121	19.25447654724121
-1.121566891670227	27.34494972229004
-10.308067321777344	24.26694679260254
-11.815702438354492	27.941720962524414
-13.233180046081543	26.87663459777832
-12.071020126342773	25.992069244384766
-17.267765045166016	23.026641845703125
-11.734628677368164	27.383760452270508
-15.325729370117188	19.174589157104492
3.9191484451293945	27.823545455932617
-4.864542007446289	27.6072940826416
-13.097587585449219	26.050992965698242
0.7728829383850098	28.011415481567383
-3.361518621444702	21.370004653930664
-3.1947693824768066	30.478355407714844
-5.945327281951904	20.974409103393555
-3.6908035278320312	32.51274490356445
-12.35461711883545	26.667585372924805
-16.778366088867188	22.15605354309082
-0.3717060089111328	23.13872718811035
-16.72351837158203	21.811655044555664
-13.177001953125	25.18381118774414
4.156909465789795	28.5817813873291
-2.910494089126587	24.416046142578125
-4.9358296394348145	32.108123779296875
-16.650787353515625	22.553966522216797
-6.630550861358643	30.795793533325195
-3.4548628330230713	26.28908920288086
0.5943915843963623	23.570056915283203
3.460228681564331	28.58841896057129
1.7454005479812622	24.100709915161133
-4.645027160644531	28.520715713500977
-10.324239730834961	27.063291549682617
-13.2400541305542	26.827917098999023
1.0212697982788086	26.53972625732422
-12.238409042358398	24.35944175720215
3.1713459491729736	27.939708709716797
-6.9397783279418945	23.035001754760742
4.418774127960205	28.07953453063965
3.273184061050415	28.030284881591797
1.3278889656066895	27.63096046447754
-16.99701690673828	22.99245834350586
-0.12958574295043945	23.121667861938477
-11.404523849487305	25.31218910217285
-7.820607662200928	30.70269203186035
-11.56850814819336	25.586965560913086
-9.239774703979492	29.157033920288086
-15.085186004638672	18.947778701782227
-8.79543399810791	28.87623405456543
3.002100944519043	27.458879470825195
1.8868329524993896	27.42124366760254
-3.5635194778442383	21.558849334716797
0.7482366561889648	27.566036224365234
-8.113628387451172	21.36540985107422
-11.338834762573242	27.768047332763672
-15.680071830749512	24.560516357421875
-11.760915756225586	27.472373962402344
-13.395564079284668	26.210676193237305
-14.505399703979492	18.97193717956543
-6.763349533081055	28.35947036743164
-13.934232711791992	25.41288948059082
-5.296933650970459	28.684232711791992
1.8361616134643555	25.712928771972656
4.26488733291626	27.933183670043945
-2.1697022914886475	22.2029972076416
-4.457876682281494	22.11642837524414
-7.207828044891357	24.03147315979004
2.8993825912475586	27.680356979370117
-13.213433265686035	25.42662239074707
-15.536870956420898	22.169763565063477
-15.230840682983398	24.55019187927246
-4.091926097869873	23.517667770385742
-8.662927627563477	25.43876838684082
-16.831642150878906	23.921955108642578
-2.974881649017334	30.722536087036133
-11.90030288696289	26.39272689819336
-16.699491500854492	22.864004135131836
-13.667522430419922	25.61420440673828
-11.17494010925293	27.143339157104492
-5.68200159072876	26.20170021057129
-5.073915481567383	28.468725204467773
-12.673968315124512	24.042875289916992
2.6630117893218994	27.712514877319336
3.7803139686584473	28.424211502075195
2.5606064796447754	26.38990592956543
-17.208690643310547	23.111719131469727
-5.165955066680908	28.603153228759766
-9.948831558227539	26.951810836791992
-1.512648105621338	20.850019454956055
-6.580165386199951	28.46280860900879
-10.698071479797363	17.916109085083008
-6.420237064361572	24.393205642700195
2.4944372177124023	26.664960861206055
-16.042808532714844	20.048871994018555
-1.517120122909546	21.131120681762695
-2.2759079933166504	22.886117935180664
-14.894241333007812	23.80506134033203
0.9923781156539917	25.203271865844727
-3.316500425338745	22.511093139648438
-10.281558990478516	28.031423568725586
-4.092917442321777	28.136980056762695
-9.69964599609375	25.378538131713867
-13.290050506591797	25.528413772583008
-6.873319149017334	20.526315689086914
0.9789655208587646	26.81233787536621
-6.098321914672852	30.644712448120117
-17.995813369750977	21.997159957885742
1.4636012315750122	27.72029685974121
-4.93558406829834	20.066926956176758
-17.118873596191406	24.044702529907227
-17.68144989013672	22.51674461364746
-14.002480506896973	25.9238338470459
-10.339824676513672	23.906883239746094
3.7342095375061035	27.42180061340332
-9.14261531829834	26.054384231567383
-11.849462509155273	24.952125549316406
-5.389053821563721	22.99951934814453
-17.763221740722656	22.8831844329834
2.5805909633636475	27.839874267578125
-0.3722723722457886	22.31728744506836
-6.958399295806885	18.21094512939453
-13.348220825195312	18.44021224975586
-6.284144401550293	31.347063064575195
1.7744346857070923	25.2929744720459
-2.709559440612793	26.949708938598633
3.0275208950042725	27.239229202270508
-0.48473358154296875	26.480974197387695
-11.5784912109375	26.102672576904297
-8.239651679992676	25.045167922973633
-1.0747654438018799	29.457246780395508
-4.229976177215576	31.580320358276367
-10.419055938720703	22.610172271728516
-3.454695701599121	22.297962188720703
-7.011434078216553	23.772544860839844
-7.678476810455322	22.925683975219727
-15.374370574951172	19.478178024291992
-16.785594940185547	21.69758415222168
-14.776634216308594	20.84144401550293
-3.850694179534912	24.673463821411133
-16.242244720458984	19.91265106201172
-7.493886947631836	21.382165908813477
-17.000099182128906	22.928260803222656
-12.337675094604492	27.13118553161621
4.25875186920166	27.9500675201416
-1.0916767120361328	22.1311092376709
-15.216930389404297	23.834550857543945
-0.2067021131515503	24.722278594970703
-6.947934627532959	28.176027297973633
-3.259082317352295	32.329978942871094
-10.013986587524414	24.818599700927734
-0.18009579181671143	25.499059677124023
-14.709033966064453	21.99570655822754
-12.101615905761719	26.530080795288086
-10.794539451599121	27.094268798828125
-1.2462481260299683	25.204774856567383
-6.790976047515869	22.603721618652344
2.3513550758361816	27.07731819152832
-8.238700866699219	30.054975509643555
-0.2937145233154297	25.937179565429688
-11.596778869628906	22.199010848999023
3.276921272277832	28.419103622436523
-2.2343363761901855	19.80360984802246
-5.485319137573242	28.326902389526367
-5.761157512664795	26.339637756347656
-5.409918308258057	24.44597816467285
-10.348588943481445	26.808439254760742
-2.831928253173828	22.006574630737305
-2.762667655944824	22.71104621887207
-10.339786529541016	27.072751998901367
-10.130476951599121	22.738544464111328
-3.1270642280578613	21.80507469177246
-10.125984191894531	27.724599838256836
-13.10427474975586	22.826589584350586
-3.9481005668640137	28.527936935424805
-12.282204627990723	25.450214385986328
3.4967758655548096	27.03705406188965
3.7214345932006836	27.82634735107422
-4.672199249267578	27.581148147583008
-12.089674949645996	27.04816246032715
0.6693549156188965	28.795541763305664
0.9186223745346069	24.937341690063477
-8.771190643310547	25.247520446777344
-16.470361709594727	23.592777252197266
-12.789895057678223	25.76685905456543
-9.25692081451416	27.126787185668945
-17.012239456176758	23.265470504760742
-8.518850326538086	23.963058471679688
-7.679349422454834	30.011091232299805
-1.956934928894043	31.025955200195312
2.839721441268921	25.70328712463379
3.454629421234131	26.40788459777832
-11.759378433227539	24.00349998474121
-1.033480167388916	22.59616470336914
-14.771117210388184	19.24652862548828
3.1337313652038574	26.748903274536133
-4.274230480194092	31.472455978393555
-16.251829147338867	24.085317611694336
-13.161256790161133	25.87545394897461
-6.644359111785889	23.56446647644043
-12.999298095703125	25.775089263916016
-13.321990966796875	20.510629653930664
-1.5899913311004639	31.069307327270508
-15.806421279907227	23.95145606994629
-6.30648946762085	22.947845458984375
0.6098934412002563	28.062604904174805
-5.072701930999756	31.22452735900879
1.937412142753601	27.326875686645508
4.526137828826904	27.85561180114746
-9.88713264465332	24.49858283996582
-13.566951751708984	25.96369743347168
2.7334203720092773	28.769128799438477
-6.207366466522217	27.475366592407227
-2.3605802059173584	29.736589431762695
-12.617673873901367	25.204326629638672
3.2629690170288086	27.566953659057617
0.419718861579895	21.744985580444336
-12.806478500366211	25.181411743164062
-3.13604998588562	28.703235626220703
-16.264266967773438	24.28767204284668
-7.165287494659424	29.886747360229492
-11.755680084228516	25.470998764038086
-1.6546469926834106	20.257030487060547
-8.27782154083252	28.0074462890625
-11.869227409362793	26.381986618041992
-12.803020477294922	21.9802188873291
-16.009429931640625	23.873003005981445
-1.4974714517593384	26.6379451751709
1.4631539583206177	26.101285934448242
1.5347685813903809	26.057065963745117
-8.800464630126953	28.020822525024414
-5.142519950866699	23.465953826904297
0.5159409046173096	27.589698791503906
-11.385856628417969	27.3176326751709
-2.6250338554382324	27.08066749572754
-17.4208984375	22.186498641967773
-11.980600357055664	26.97490882873535
-3.0887842178344727	20.441587448120117
-17.942489624023438	22.652240753173828
-16.589309692382812	21.008893966674805
0.3630181550979614	22.6792049407959
-11.547147750854492	27.65446662902832
-12.312616348266602	24.77890968322754
-6.894495487213135	24.562150955200195
-3.6971964836120605	27.664060592651367
-4.134587287902832	28.89900779724121
0.34892308712005615	25.86722755432129
-3.8627419471740723	32.011558532714844
-5.905726909637451	31.23422622680664
-8.532659530639648	23.765954971313477
-15.561490058898926	20.663589477539062
-4.3752570152282715	30.618118286132812
3.5913939476013184	27.031652450561523
-11.912839889526367	24.985231399536133
-10.601890563964844	26.242385864257812
-8.887807846069336	25.09082794189453
-16.978538513183594	22.928943634033203
-16.716651916503906	23.039030075073242
-7.6553850173950195	21.664709091186523
-12.77662467956543	26.86419105529785
1.495664358139038	26.786195755004883
-5.681829452514648	27.046297073364258
3.356046676635742	26.106367111206055
-2.9513864517211914	27.6412296295166
2.9099934101104736	27.631105422973633
-5.295013904571533	20.9876651763916
-4.085201263427734	30.122791290283203
-0.45120298862457275	29.925565719604492
2.9371280670166016	27.63419532775879
-4.436731815338135	23.744874954223633
-2.165645122528076	27.0820255279541
-11.347959518432617	24.10181427001953
-0.18845248222351074	23.388803482055664
-0.8849344253540039	28.765239715576172
4.367525100708008	27.734424591064453
1.5443123579025269	23.776153564453125
-0.8430986404418945	22.63871192932129
-8.258220672607422	22.703073501586914
4.327199935913086	28.46381378173828
-7.350152969360352	27.636337280273438
-9.774049758911133	28.171655654907227
4.0098443031311035	28.3765811920166
-1.5890721082687378	22.09653663635254
-11.191206932067871	23.718374252319336
-7.699697017669678	30.437301635742188
3.8437373638153076	26.492055892944336
-7.846228122711182	25.45762062072754
-7.827605724334717	21.547731399536133
-4.088033199310303	24.22281837463379
1.0004503726959229	24.485700607299805
-1.9570941925048828	20.72835350036621
4.263828754425049	28.757387161254883
-0.2156670093536377	25.05525016784668
-1.9395241737365723	28.185989379882812
-13.59875774383545	24.009164810180664
-2.5117058753967285	20.301034927368164
-17.572643280029297	22.40435791015625
-17.962331771850586	23.121416091918945
-0.062185995280742645	27.266599655151367
-13.399582862854004	26.05577850341797
-9.065104484558105	29.014955520629883
0.21290218830108643	29.302692413330078
-5.644700527191162	31.220853805541992
-5.224130153656006	26.57980728149414
-14.112475395202637	19.780393600463867
-13.62438678741455	25.11757469177246
-4.775916576385498	32.3536376953125
-2.1475348472595215	27.158920288085938
4.617388725280762	28.33987808227539
-12.275228500366211	17.470094680786133
-3.5967698097229004	28.38475227355957
-0.09992324560880661	25.154443740844727
-6.100802898406982	27.301036834716797
-3.513289213180542	27.931379318237305
-4.001589775085449	31.806373596191406
-10.152921676635742	19.813684463500977
-9.952449798583984	26.235023498535156
0.5470259189605713	27.211442947387695
-16.73818588256836	21.382556915283203
-1.6658329963684082	23.664655685424805
-2.403179883956909	30.67449188232422
-7.227315425872803	22.39488983154297
-4.639503479003906	31.090496063232422
-9.630838394165039	26.153841018676758
-16.302642822265625	19.90993881225586
-13.305307388305664	26.231149673461914
-17.531173706054688	22.68861961364746
-6.955160140991211	29.02716636657715
-2.8963136672973633	26.607131958007812
-4.668651103973389	30.57345962524414
-9.710417747497559	25.753637313842773
-1.9034082889556885	26.268766403198242
-0.7940478324890137	22.699140548706055
-10.058921813964844	25.602575302124023
-0.8698779344558716	20.368703842163086
-16.296497344970703	21.854692459106445
-5.05868673324585	31.21270179748535
-5.210382461547852	27.09638786315918
-12.013484954833984	27.212295532226562
4.376182556152344	28.307966232299805
2.952824354171753	29.357391357421875
-17.062461853027344	21.070232391357422
-7.793769836425781	24.152692794799805
-0.9491736888885498	20.96484375
-7.568874835968018	25.25529670715332
-15.221529006958008	23.749740600585938
-0.5451381206512451	27.71663475036621
-4.360677242279053	21.84526252746582
0.8228902816772461	24.112241744995117
-13.696846961975098	25.602272033691406
-12.847455978393555	25.700382232666016
2.9853146076202393	27.63968276977539
-10.511612892150879	25.201749801635742
-16.931499481201172	22.04243278503418
-4.5428876876831055	22.913158416748047
0.45545291900634766	29.74312400817871
-3.5306313037872314	31.213388442993164
-7.722781181335449	29.79648208618164
-16.858745574951172	23.15734100341797
-6.606199741363525	22.509614944458008
0.7017509937286377	23.38826560974121
-0.881126880645752	29.9549503326416
-6.163086414337158	29.78238868713379
1.500227689743042	28.71553611755371
2.6587014198303223	28.31087875366211
-4.680382251739502	30.417631149291992
-10.047111511230469	25.93900489807129
-16.867525100708008	21.1112003326416
-13.784456253051758	18.50447654724121
-12.263253211975098	18.185401916503906
-1.4424266815185547	22.70698356628418
-4.6922926902771	32.14046096801758
-16.79740333557129	23.91328239440918
-3.978639602661133	25.363405227661133
-1.6462055444717407	23.969202041625977
-3.4949140548706055	29.61455726623535
-4.465444087982178	24.803035736083984
-13.694982528686523	25.85991096496582
4.363606929779053	27.057912826538086
2.4529128074645996	26.596914291381836
-10.548835754394531	27.259986877441406
-5.143422603607178	26.811559677124023
-2.347189426422119	23.8631534576416
-0.2792656421661377	27.402629852294922
-17.442514419555664	22.932558059692383
-1.339808464050293	23.568878173828125
-15.665398597717285	20.568819046020508
-2.797511577606201	32.742942810058594
0.5484277009963989	26.079404830932617
2.7214901447296143	27.905622482299805
-10.303874015808105	28.229434967041016
-8.90032958984375	26.907817840576172
-3.8468823432922363	19.665964126586914
-9.42602825164795	27.761747360229492
-11.803862571716309	24.40911293029785
3.4400010108947754	26.496774673461914
-12.59042739868164	26.734609603881836
-12.151229858398438	26.37169647216797
-11.479822158813477	26.380474090576172
4.052534580230713	27.965757369995117
-6.956209659576416	30.908933639526367
-12.934125900268555	25.85418701171875
-11.198718070983887	25.918363571166992
2.9180235862731934	27.266252517700195
4.532644271850586	27.70174217224121
3.921020030975342	26.59474754333496
-2.2337067127227783	27.175199508666992
4.0804033279418945	27.710756301879883
-16.27483367919922	22.3553409576416
-10.484939575195312	24.7973575592041
0.19263386726379395	24.546855926513672
3.1655824184417725	25.479978561401367
-12.272586822509766	26.44196891784668
-3.3723559379577637	22.975847244262695
4.632784843444824	28.449861526489258
-8.880674362182617	27.739927291870117
-1.7978589534759521	25.444271087646484
0.4117093086242676	21.891090393066406
-5.909788608551025	31.884096145629883
-17.40847396850586	22.783611297607422
-9.778590202331543	28.023651123046875
4.6102986335754395	27.884521484375
-9.060028076171875	24.532773971557617
-9.297382354736328	27.471872329711914
-11.188161849975586	25.77454376220703
2.9173648357391357	28.294801712036133
-5.350384712219238	31.46312141418457
-8.392154693603516	27.469858169555664
-6.445017337799072	22.010738372802734
-5.507254123687744	29.53167152404785
4.6237640380859375	28.167062759399414
2.9839320182800293	26.0002384185791
0.1957390308380127	23.722047805786133
-14.226214408874512	19.421445846557617
-5.618773460388184	30.443613052368164
-4.09222412109375	25.372634887695312
-5.61952543258667	30.615819931030273
-10.653202056884766	27.348344802856445
-11.969043731689453	25.560361862182617
-13.13241958618164	25.200212478637695
-13.386666297912598	25.844484329223633
-12.429305076599121	25.040864944458008
-6.942299842834473	29.871021270751953
-2.565495014190674	20.69446563720703
2.620697021484375	25.9942569732666
-14.306249618530273	24.44879913330078
-2.6729824542999268	22.45002555847168
-11.356297492980957	25.739501953125
3.6545569896698	27.507951736450195
-13.39828109741211	25.755788803100586
-11.199796676635742	26.94400978088379
-3.3305068016052246	25.870637893676758
-7.992640018463135	28.40132713317871
-1.4327821731567383	20.554441452026367
-12.284708976745605	25.51686668395996
-13.300273895263672	26.180261611938477
-13.116793632507324	26.053133010864258
-8.988863945007324	23.439767837524414
-12.732574462890625	25.178922653198242
-9.408061027526855	27.50074577331543
-7.590467929840088	27.285493850708008
-12.541199684143066	25.72393035888672
-6.464232921600342	23.641111373901367
-13.745146751403809	26.303512573242188
-0.9999350309371948	28.056583404541016
-15.34304141998291	22.776948928833008
-13.724050521850586	24.90220832824707
-3.9696927070617676	32.16873550415039
-11.496871948242188	27.08011817932129
3.727003812789917	28.17338752746582
-1.0478860139846802	30.59202003479004
-10.837617874145508	26.451080322265625
-4.250451564788818	25.556474685668945
3.0944631099700928	27.383882522583008
-5.687855243682861	28.169296264648438
0.04337490350008011	21.950164794921875
-9.987293243408203	27.461261749267578
-9.731796264648438	25.98137855529785
-6.797905921936035	21.85737419128418
-11.145970344543457	26.538970947265625
-12.677525520324707	24.00101661682129
-10.268878936767578	22.247827529907227
-5.519484043121338	28.638153076171875
-15.317962646484375	19.817306518554688
-13.015464782714844	26.441455841064453
0.3587230443954468	24.824098587036133
-10.124967575073242	27.72909927368164
-0.1523427963256836	27.948951721191406
-0.7929786443710327	29.153440475463867
-5.462745666503906	21.257749557495117
-11.26262092590332	28.442171096801758
-12.89445972442627	24.9445743560791
-14.822320938110352	24.644681930541992
-8.291553497314453	19.231538772583008
2.6754679679870605	27.403478622436523
-16.1398868560791	21.15397071838379
-8.328048706054688	23.711851119995117
-0.03949498385190964	26.85838508605957
-3.815737009048462	27.48638343811035
-5.564614295959473	28.06304359436035
-17.83176040649414	22.11972427368164
0.7951575517654419	27.478425979614258
-16.72416114807129	21.475557327270508
-5.4316253662109375	27.875585556030273
3.0086779594421387	27.09917640686035
2.7927968502044678	27.294588088989258
-2.80147123336792	24.603670120239258
0.49591541290283203	29.678529739379883
1.9069818258285522	29.0645751953125
-2.0001473426818848	23.38218116760254
-0.030098550021648407	29.277841567993164
3.779827356338501	27.998037338256836
-6.772449016571045	29.715543746948242
-3.7219533920288086	32.66710662841797
-0.41492581367492676	20.378829956054688
1.1198642253875732	28.366159439086914
1.8767051696777344	26.858293533325195
3.0109314918518066	28.3780574798584
-1.334533929824829	25.66739273071289
-10.0186767578125	27.6108341217041
-11.908501625061035	26.394346237182617
-17.624534606933594	21.101154327392578
-11.62682056427002	23.413721084594727
-3.1876134872436523	28.473291397094727
2.867635726928711	28.71128273010254
-8.470901489257812	26.755704879760742
-0.5245583057403564	23.529428482055664
-7.214179992675781	30.817338943481445
2.814253807067871	28.432058334350586
3.1346893310546875	26.38863182067871
1.2452325820922852	26.427358627319336
-11.4453125	26.970565795898438
1.7688467502593994	27.234678268432617
2.7875428199768066	27.171133041381836
-3.1232457160949707	22.644149780273438
3.0769848823547363	28.9016056060791
-15.170893669128418	22.420516967773438
-10.413347244262695	27.06224250793457
-4.363064765930176	30.556859970092773
-3.837311267852783	26.94194221496582
0.15428471565246582	28.92887306213379
-10.094108581542969	28.657939910888672
-8.467538833618164	28.731416702270508
3.5905025005340576	28.00468635559082
-0.5266956090927124	24.59272575378418
-4.482990264892578	21.48259925842285
-5.481532573699951	27.751888275146484
1.0918028354644775	27.835468292236328
0.5512199401855469	24.645278930664062
0.31769418716430664	21.766786575317383
-13.135322570800781	21.684968948364258
-16.819982528686523	23.510726928710938
-16.575603485107422	23.02447509765625
-10.610383033752441	28.000085830688477
-17.77313232421875	22.80649757385254
-0.9485195875167847	24.56593132019043
-15.36177921295166	19.871091842651367
-8.992084503173828	26.004669189453125
-4.2313551902771	30.276700973510742
4.231207847595215	28.821931838989258
-17.73171615600586	22.964031219482422
-8.763811111450195	27.800798416137695
3.685763359069824	26.677595138549805
-5.9435811042785645	25.074527740478516
1.218255639076233	25.29569435119629
-5.137289524078369	29.909812927246094
3.7698917388916016	27.736692428588867
-2.5911049842834473	31.457483291625977
-16.77696990966797	23.359352111816406
-14.859525680541992	23.843442916870117
3.2766032218933105	27.280929565429688
-10.143562316894531	25.3254451751709
-16.064468383789062	24.479719161987305
-9.576565742492676	27.41364097595215
-17.588010787963867	22.438142776489258
4.3296217918396	28.834136962890625
-10.353681564331055	24.660465240478516
0.839155912399292	23.621179580688477
-2.974933624267578	22.801761627197266
-12.662121772766113	25.954389572143555
-17.30352783203125	23.620248794555664
-5.162662029266357	30.343996047973633
-4.145533084869385	21.07443618774414
-16.8902645111084	23.043851852416992
4.213366985321045	28.0540828704834
-6.294707775115967	22.52042007446289
-12.303352355957031	26.56385612487793
-4.750792026519775	28.62798500061035
-7.299368858337402	22.194482803344727
-15.91157054901123	20.213041305541992
-11.663585662841797	26.38100242614746
-0.2656179666519165	23.84610939025879
-7.753265857696533	27.264209747314453
-2.5181212425231934	22.444259643554688
-8.05803108215332	29.54304313659668
-3.827714443206787	29.523439407348633
-1.8255300521850586	26.590539932250977
-12.658602714538574	23.98322868347168
-5.556302070617676	29.458784103393555
-10.497480392456055	28.020383834838867
-9.369816780090332	23.5771427154541
-17.336421966552734	22.95973777770996
-9.434626579284668	28.23975944519043
-12.703978538513184	23.86882972717285
-6.038797855377197	30.461820602416992
-12.818408012390137	20.527700424194336
4.220219612121582	27.475915908813477
-6.4377007484436035	30.323810577392578
-8.997171401977539	25.313459396362305
-6.556102275848389	25.948190689086914
0.4435584545135498	23.632144927978516
-9.555746078491211	25.745296478271484
-16.587276458740234	20.843923568725586
-16.431968688964844	21.3310604095459
-9.979784965515137	26.09026527404785
1.6918277740478516	25.915082931518555
-9.953872680664062	22.53713607788086
1.1682069301605225	29.792760848999023
-5.8515472412109375	25.012680053710938
-0.8155931234359741	26.846773147583008
-13.076298713684082	25.54327392578125
-13.374549865722656	24.609317779541016
-0.6687686443328857	24.44182014465332
-2.7349038124084473	25.840646743774414
0.7680841684341431	29.58843421936035
-8.155476570129395	29.698341369628906
-2.616610050201416	23.121381759643555
0.09038687497377396	23.84355354309082
-0.7968709468841553	28.6889705657959
-4.045928478240967	23.594697952270508
-16.307003021240234	20.682003021240234
3.614750623703003	27.49970817565918
-13.179880142211914	25.734289169311523
-7.247974872589111	26.407625198364258
-17.21056365966797	24.11006736755371
-2.0684351921081543	21.085617065429688
-14.348097801208496	18.317890167236328
-5.717012882232666	29.29325294494629
-10.246829986572266	28.11882972717285
-3.0382509231567383	20.196470260620117
-13.34632682800293	25.484926223754883
-5.528480529785156	31.407865524291992
0.35356950759887695	27.351943969726562
3.4407639503479004	27.103923797607422
-13.150556564331055	25.75699806213379
-12.84189224243164	25.032625198364258
-13.16871452331543	25.754899978637695
2.914097547531128	25.653926849365234
1.112213134765625	28.50422477722168
3.5516271591186523	29.61081886291504
-17.805665969848633	23.035276412963867
-3.2448225021362305	24.213804244995117
-4.1995744705200195	26.5555362701416
-10.61126708984375	25.130945205688477
3.9719173908233643	27.555795669555664
-13.621671676635742	26.35329246520996
-6.833959579467773	28.973894119262695
-5.7119927406311035	24.81243133544922
1.0445423126220703	26.07485008239746
-2.899703025817871	32.57181167602539
2.269345760345459	27.47748374938965
-10.97419548034668	27.46176528930664
-4.197614669799805	27.773014068603516
4.142599582672119	28.462352752685547
-2.673983573913574	30.9852237701416
-13.762442588806152	25.155710220336914
-16.25096893310547	20.17691421508789
-17.577932357788086	21.895362854003906
-2.8687310218811035	30.64961051940918
-11.980579376220703	27.052011489868164
-2.483610153198242	24.436872482299805
0.35749709606170654	29.73349952697754
-10.385726928710938	25.878202438354492
-2.301708698272705	25.4957332611084
-4.277400493621826	30.759485244750977
2.5241079330444336	25.478178024291992
-0.7911815643310547	26.628889083862305
-5.040521144866943	21.622648239135742
-4.568510055541992	22.694787979125977
-16.81789207458496	21.517688751220703
0.58952796459198	23.524967193603516
-15.604372024536133	22.89392852783203
3.4001550674438477	26.135053634643555
-6.299259662628174	30.277374267578125
-5.574958324432373	28.51124382019043
-6.3267598152160645	23.45326042175293
-0.10445009917020798	28.177717208862305
2.854011297225952	25.315637588500977
-1.8804534673690796	20.501195907592773
0.6619831323623657	23.622663497924805
-6.736977577209473	23.353513717651367
-9.489299774169922	22.001445770263672
-4.611512184143066	19.1669864654541
-17.518157958984375	21.939088821411133
1.0322086811065674	28.98049545288086
-8.998586654663086	26.126157760620117
-10.666916847229004	25.74733543395996
3.782825231552124	26.636672973632812
-15.40683364868164	24.32522964477539
-16.837203979492188	23.665420532226562
0.07753849774599075	28.1442928314209
-3.722240924835205	26.328540802001953
-7.852573871612549	23.676862716674805
1.0210208892822266	26.471858978271484
-17.84324836730957	22.685155868530273
-11.392074584960938	24.713947296142578
-5.879085063934326	31.00634765625
-7.728758335113525	30.110212326049805
4.379367828369141	27.80876922607422
-12.276187896728516	25.38750648498535
-11.413238525390625	28.335966110229492
-2.350444793701172	19.01999855041504
0.15682709217071533	27.770376205444336
-13.545263290405273	26.004907608032227
-10.018091201782227	23.46062660217285
1.8792906999588013	29.313295364379883
-16.522457122802734	23.397178649902344
-12.287009239196777	23.994976043701172
-9.225221633911133	22.517108917236328
-10.225828170776367	26.802640914916992
1.5338764190673828	29.118778228759766
-15.567665100097656	24.30986785888672
-0.8020267486572266	24.069232940673828
2.875269889831543	29.045724868774414
-2.2463598251342773	28.542781829833984
3.1450514793395996	27.040498733520508
-8.525019645690918	29.289859771728516
-7.308318614959717	25.394804000854492
0.8429303169250488	25.873781204223633
-4.581717014312744	32.0989990234375
-10.135190963745117	25.210729598999023
-17.132587432861328	23.18204689025879
-10.795403480529785	25.43223762512207
-8.460046768188477	23.873491287231445
2.4463257789611816	27.186933517456055
3.620792865753174	28.912878036499023
-14.386859893798828	24.260276794433594
-11.331178665161133	26.2258243560791
-0.10642503947019577	22.484668731689453
-10.56213665008545	23.414148330688477
-0.2966979742050171	25.759519577026367
-15.347124099731445	23.535491943359375
-8.239639282226562	26.64866065979004
-6.243287563323975	28.509580612182617
-12.01589584350586	24.81662940979004
-1.628353238105774	26.37739372253418
-11.4181489944458	23.366384506225586
-16.21121597290039	24.153017044067383
2.9362633228302	25.82760238647461
-16.511016845703125	24.18018913269043
-13.545637130737305	25.4656982421875
-11.924274444580078	24.070573806762695
-13.628377914428711	26.057767868041992
-7.760159969329834	23.72404670715332
3.321528911590576	26.916311264038086
1.8896219730377197	27.626636505126953
-13.176151275634766	25.679101943969727
-11.078638076782227	27.064355850219727
2.5236968994140625	25.653268814086914
0.34412240982055664	27.32099723815918
-16.863712310791016	21.34722328186035
-9.806635856628418	25.363630294799805
-13.499898910522461	25.558603286743164
-11.164907455444336	26.893625259399414
-4.840694904327393	30.728670120239258
-2.719618558883667	30.420270919799805
1.8741077184677124	26.700464248657227
-3.257796287536621	29.495908737182617
1.723801851272583	27.309940338134766
-2.2610254287719727	29.440492630004883
-13.025415420532227	25.40150260925293
-11.362438201904297	24.699438095092773
1.4661985635757446	27.00602149963379
-11.18747329711914	24.79814338684082
-16.15513038635254	22.34809684753418
-0.9174723625183105	21.519901275634766
1.4949522018432617	23.963441848754883
-8.197349548339844	29.428743362426758
2.7108824253082275	28.2303524017334
3.855525255203247	28.033658981323242
-17.11300277709961	23.047679901123047
0.0519261434674263	23.77815055847168
-0.9636932611465454	27.39408302307129
3.5057425498962402	26.902870178222656
-13.027830123901367	18.199867248535156
-5.952962875366211	30.88823127746582
-12.830671310424805	25.792011260986328
-5.496123790740967	30.71376609802246
-5.318304538726807	23.046646118164062
-13.295185089111328	25.6862850189209
-11.3272066116333	25.850372314453125
-13.8619966506958	25.247425079345703
-10.164705276489258	28.24516487121582
-8.110932350158691	22.493736267089844
-16.14577293395996	20.199628829956055
-15.760907173156738	23.570068359375
2.5150434970855713	29.023672103881836
-8.463592529296875	25.63987159729004
3.7319271564483643	26.84406852722168
-1.3777552843093872	26.649517059326172
-2.2195682525634766	23.577775955200195
-17.075580596923828	20.673994064331055
-8.174518585205078	29.00395965576172
-8.66118335723877	24.362445831298828
-1.1171478033065796	26.91388511657715
-11.326079368591309	26.870805740356445
-0.13529109954833984	27.973440170288086
-3.610197067260742	29.726633071899414
-11.373847961425781	27.53575325012207
-4.078126907348633	32.198158264160156
3.2701222896575928	27.710847854614258
-13.899426460266113	26.096403121948242
-1.7383840084075928	21.308813095092773
-13.393644332885742	25.905893325805664
-4.669546604156494	21.586523056030273
-5.1209492683410645	31.622299194335938
3.0498876571655273	26.84824562072754
-12.54796314239502	25.743555068969727
2.865239381790161	26.30898094177246
-2.8717164993286133	19.586698532104492
-10.04968547821045	22.566850662231445
-13.052515983581543	25.34429359436035
-1.0900325775146484	21.77368927001953
4.265432357788086	27.880550384521484
3.9188809394836426	28.096372604370117
-9.637781143188477	28.30216407775879
-8.491605758666992	25.03636360168457
-0.37509632110595703	23.3455867767334
-0.45893120765686035	26.146347045898438
-11.373662948608398	24.200658798217773
-11.516484260559082	24.401044845581055
-1.5331037044525146	30.857664108276367
-7.633764743804932	26.42463493347168
-1.8670837879180908	20.68691062927246
-18.10879898071289	23.633258819580078
3.723358154296875	28.04763412475586
-2.507352590560913	21.598791122436523
-4.092613697052002	21.936996459960938
-10.98276138305664	27.637409210205078
-10.377756118774414	28.452116012573242
-11.805248260498047	24.950666427612305
-5.192017555236816	27.47928810119629
-16.30524253845215	21.0009822845459
-9.568405151367188	27.307039260864258
1.5377941131591797	23.715625762939453
-8.046710014343262	23.3315372467041
3.232053279876709	27.12391471862793
1.9669967889785767	26.189794540405273
-4.125586986541748	31.982316970825195
-4.4362945556640625	22.337553024291992
-16.785531997680664	23.663101196289062
3.6604254245758057	28.800228118896484
1.1341099739074707	26.594575881958008
3.220015287399292	26.286516189575195
3.8206050395965576	27.945520401000977
-7.135380744934082	26.316926956176758
2.203484058380127	24.414819717407227
-12.668153762817383	26.295866012573242
-10.385924339294434	22.508211135864258
3.216423988342285	26.895936965942383
-13.48808765411377	25.378725051879883
-14.659812927246094	22.858633041381836
-10.847479820251465	19.028671264648438
-11.76821517944336	26.98328971862793
2.0807528495788574	27.88083839416504
-14.660067558288574	22.931673049926758
-5.52597188949585	31.039976119995117
-3.2683072090148926	21.025684356689453
4.067506790161133	27.52756690979004
-6.213797569274902	29.387720108032227
-1.526258111000061	30.26795768737793
-6.603748798370361	30.577531814575195
2.9265480041503906	24.951570510864258
-2.7141401767730713	28.64699935913086
-3.863497495651245	21.546480178833008
-7.7927656173706055	25.87651824951172
-13.19972038269043	25.253183364868164
-7.461094856262207	25.492918014526367
-9.216196060180664	26.88058853149414
-6.929780960083008	22.853487014770508
-15.03016471862793	22.9460391998291
-2.2819161415100098	20.74647331237793
1.6243855953216553	29.16863441467285
-9.132064819335938	27.339214324951172
-17.56388282775879	23.007978439331055
-7.687679290771484	29.743967056274414
-10.18907356262207	24.080263137817383
-2.8346188068389893	20.499120712280273
-8.057332992553711	28.738401412963867
0.5037899017333984	25.414602279663086
3.7612547874450684	28.463293075561523
-16.308879852294922	20.304672241210938
-4.228456974029541	21.334758758544922
3.5747227668762207	27.98210334777832
-6.24648904800415	26.468852996826172
-7.2966203689575195	27.584152221679688
-9.408931732177734	23.737051010131836
1.4090204238891602	27.660415649414062
-13.690801620483398	26.262441635131836
-1.3108385801315308	25.26384162902832
-6.465090751647949	22.48087501525879
-12.829906463623047	26.610288619995117
-8.980958938598633	26.531145095825195
-14.869813919067383	19.282421112060547
-0.4263167381286621	22.433866500854492
-6.350523471832275	28.591856002807617
2.0416054725646973	25.23359489440918
-8.701900482177734	28.049596786499023
-2.7277579307556152	26.639394760131836
-4.936002254486084	26.48900032043457
-9.598072052001953	27.78144073486328
-5.630720615386963	30.83549690246582
3.5621933937072754	27.898706436157227
4.62263822555542	28.272844314575195
-9.125795364379883	28.821290969848633
-10.079183578491211	24.430173873901367
-17.71962547302246	23.360132217407227
1.3785016536712646	22.95502471923828
-8.835289001464844	24.651371002197266
-6.280043601989746	29.901639938354492
-17.59029769897461	23.60138511657715
-1.2467191219329834	19.95281410217285
-11.917068481445312	26.890825271606445
-2.414247512817383	26.717924118041992
-4.672896862030029	21.088964462280273
-12.2984619140625	26.518651962280273
-7.544317722320557	20.726652145385742
-7.793539524078369	24.467069625854492
-16.760906219482422	23.23232650756836
-13.605619430541992	18.331010818481445
-17.58165168762207	23.34248161315918
-5.549922466278076	27.82236671447754
-6.928852081298828	29.707433700561523
-0.3077963590621948	21.544864654541016
-0.6785838603973389	23.81943702697754
4.588375091552734	27.691734313964844
-0.6235839128494263	26.690488815307617
-16.779476165771484	22.540788650512695
-6.682743549346924	30.603227615356445
-0.2538374662399292	27.48218536376953
-10.986807823181152	26.155902862548828
2.2251133918762207	27.827835083007812
-7.394164562225342	27.964181900024414
-9.914570808410645	27.958826065063477
4.086413383483887	27.85429573059082
-11.796682357788086	24.441354751586914
-0.9853008985519409	28.174345016479492
-2.7377982139587402	29.65445899963379
-7.360317707061768	24.641462326049805
-2.767582893371582	19.984413146972656
-12.808789253234863	18.85433578491211
-10.895395278930664	28.052120208740234
-3.685089111328125	32.62553405761719
-13.538888931274414	26.45057487487793
-10.603042602539062	27.285018920898438
4.002956867218018	27.683813095092773
-15.958244323730469	23.98322105407715
-13.125555038452148	25.964914321899414
-16.468692779541016	22.092594146728516
2.2646093368530273	29.021913528442383
-12.469944953918457	26.747835159301758
-16.34080696105957	20.2100887298584
-12.575870513916016	25.804931640625
-3.1479134559631348	31.81136131286621
-2.9360578060150146	19.28126335144043
3.6731650829315186	27.93489646911621
-8.755758285522461	28.790149688720703
-10.841815948486328	22.47099494934082
-14.318817138671875	25.116975784301758
-8.047335624694824	29.693349838256836
-15.471700668334961	20.053674697875977
-11.605756759643555	24.39974021911621
-2.520968437194824	24.570161819458008
-2.135305643081665	21.5201473236084
-8.994359016418457	21.400285720825195
-13.517001152038574	25.608591079711914
0.16690468788146973	25.704545974731445
2.424800395965576	24.373506546020508
-11.252449035644531	26.208585739135742
-1.3539048433303833	29.779254913330078
-8.631099700927734	28.983797073364258
-4.545523643493652	27.482030868530273
-1.961562156677246	24.25535774230957
4.422589302062988	28.533710479736328
-1.3512251377105713	19.4650936126709
-4.208759307861328	20.169912338256836
2.1720428466796875	28.55902671813965
-7.984523296356201	27.180326461791992
-13.448090553283691	25.946271896362305
-5.2434515953063965	31.532859802246094
-16.3518123626709	24.007436752319336
-8.000398635864258	27.806068420410156
-4.504614353179932	29.210832595825195
-15.665071487426758	22.065658569335938
-6.172972202301025	22.690004348754883
-8.469720840454102	30.040864944458008
-3.1962246894836426	26.2883243560791
-11.118690490722656	27.414621353149414
-14.044515609741211	26.87084197998047
-3.308180332183838	28.45561981201172
-4.359177589416504	31.803457260131836
-1.3943672180175781	21.953752517700195
-13.134857177734375	26.025592803955078
-13.462442398071289	25.00507164001465
-5.523017406463623	28.540075302124023
2.202526807785034	28.52266502380371
-7.195133686065674	29.610349655151367
-8.60053825378418	28.19732093811035
-17.028871536254883	21.871564865112305
3.7651212215423584	27.87790870666504
-10.536905288696289	26.986902236938477
-2.6799559593200684	19.8944149017334
4.2466607093811035	28.875925064086914
-6.694352626800537	22.962800979614258
-17.2451171875	21.225168228149414
-12.550519943237305	25.557268142700195
-17.21507453918457	21.328163146972656
-13.428909301757812	26.013734817504883
-15.363997459411621	20.234500885009766
-16.71646499633789	22.342042922973633
-11.22862720489502	22.614072799682617
-1.5078741312026978	24.558622360229492
-13.59515380859375	25.241994857788086
-17.348207473754883	22.49742889404297
-1.6390470266342163	27.52088737487793
-16.648263931274414	23.814714431762695
-12.805678367614746	24.987014770507812
-4.173449993133545	30.966426849365234
-11.4126558303833	27.695322036743164
-5.733561038970947	22.552642822265625
-1.2820096015930176	22.4774227142334
-5.308117389678955	26.406137466430664
-8.806801795959473	24.453001022338867
-10.518381118774414	26.778959274291992
1.2634323835372925	27.72083854675293
-12.236446380615234	24.350831985473633
4.2783050537109375	28.55167579650879
-9.801159858703613	28.31595230102539
-1.216652750968933	29.202260971069336
-2.439500331878662	23.76259422302246
-5.919783115386963	31.200977325439453
-0.5910865068435669	28.535430908203125
-15.500704765319824	21.728363037109375
-17.284719467163086	24.04446029663086
-13.535184860229492	18.78792381286621
4.462587356567383	28.314023971557617
-15.870277404785156	23.437557220458984
-18.54741668701172	21.81269645690918
2.499847173690796	27.539045333862305
-8.369059562683105	28.757373809814453
-16.775054931640625	23.352397918701172
-12.346965789794922	25.889360427856445
-2.3833377361297607	23.463417053222656
-4.523931503295898	23.229768753051758
-13.062704086303711	25.004831314086914
-3.8541693687438965	25.685808181762695
-10.03835391998291	27.767175674438477
-17.199520111083984	23.905908584594727
-17.468156814575195	22.63446044921875
-1.4514638185501099	30.223953247070312
-6.938614368438721	29.272218704223633
-14.94099235534668	21.14088249206543
-0.49652719497680664	27.37856674194336
-9.775850296020508	24.096576690673828
1.683042049407959	26.660036087036133
-16.906875610351562	22.571691513061523
-13.088348388671875	25.965909957885742
0.18995308876037598	25.87684440612793
-3.537555694580078	21.818124771118164
-8.190532684326172	29.666845321655273
-16.841033935546875	22.607173919677734
-2.5155763626098633	22.795223236083984
-12.995368957519531	25.623287200927734
3.9566590785980225	28.561296463012695
-1.2716774940490723	25.42893409729004
-16.640560150146484	20.654508590698242
-5.787720203399658	27.98216438293457
-15.654500007629395	18.9068660736084
-0.6134805679321289	26.819185256958008
-14.15205192565918	22.744325637817383
-1.4878724813461304	30.90056037902832
-10.151459693908691	27.85447883605957
-5.06052303314209	21.381916046142578
-9.802462577819824	18.643781661987305
-12.465583801269531	26.01799201965332
-3.3675246238708496	27.8641300201416
3.341956615447998	26.310136795043945
-2.986016273498535	32.47918701171875
-5.040515899658203	26.482728958129883
1.514887809753418	26.737567901611328
3.08088755607605	28.103303909301758
2.357114553451538	29.134939193725586
-6.889113426208496	27.41377830505371
-14.951505661010742	24.442720413208008
-0.47732579708099365	27.339929580688477
2.924213409423828	28.823698043823242
4.04518985748291	27.420433044433594
4.033610820770264	28.117698669433594
-15.211058616638184	19.181415557861328
3.6720521450042725	27.80336570739746
-2.328855037689209	30.4658260345459
-6.962843418121338	26.141782760620117
4.696666240692139	29.347871780395508
-12.799392700195312	24.83157730102539
-15.290433883666992	23.83043098449707
-0.7186589241027832	24.12046241760254
-6.108943462371826	30.7673397064209
-5.5751190185546875	27.000324249267578
-7.6862406730651855	27.48771858215332
-10.052827835083008	27.039339065551758
-4.915393352508545	27.196863174438477
-3.3598480224609375	24.51824951171875
-7.789774417877197	26.59313201904297
-12.14874267578125	22.484249114990234
-17.017261505126953	21.562440872192383
-5.807375431060791	26.563291549682617
-16.229598999023438	19.86581802368164
-8.900069236755371	24.92445182800293
-16.839757919311523	23.312131881713867
-10.05632495880127	24.604036331176758
-3.337214708328247	32.73677444458008
-11.113414764404297	27.969640731811523
-2.9955127239227295	32.16366958618164
-12.967000961303711	25.131263732910156
-4.266870021820068	25.88995933532715
-16.362503051757812	23.54297637939453
-5.145959854125977	30.751623153686523
-8.699064254760742	27.234756469726562
-12.934162139892578	25.355915069580078
-3.1164727210998535	31.360265731811523
-4.355688571929932	26.2775821685791
4.629218578338623	27.991254806518555
-7.922873020172119	29.716699600219727
-14.841753959655762	23.917238235473633
-2.0469202995300293	30.823551177978516
-17.737720489501953	22.10915184020996
-16.906597137451172	23.290218353271484
-5.738462448120117	21.506534576416016
-1.0223740339279175	25.42292594909668
-13.47393798828125	25.76312255859375
-7.219951152801514	28.67839241027832
-4.076436519622803	25.83858299255371
-1.137818455696106	23.443849563598633
2.9069766998291016	27.088476181030273
-5.80486536026001	20.13303565979004
1.979825735092163	25.28789520263672
-12.799395561218262	25.54445457458496
-12.264467239379883	26.107351303100586
2.4238438606262207	25.473665237426758
-2.4198110103607178	19.981685638427734
-16.43450164794922	20.945280075073242
2.124821186065674	27.36160659790039
-8.726688385009766	24.64542007446289
-2.0263514518737793	26.706314086914062
-16.941572189331055	22.338603973388672
-2.6733126640319824	28.355241775512695
-11.518638610839844	24.38799285888672
-13.288228034973145	26.267776489257812
-10.34179401397705	25.26590347290039
-8.83736801147461	27.972890853881836
-12.704877853393555	19.352949142456055
-5.3271708488464355	31.15667152404785
-11.259662628173828	25.204648971557617
-5.761477947235107	26.084976196289062
0.24552762508392334	25.86603355407715
-17.05890464782715	23.329544067382812
-16.410404205322266	23.622854232788086
-17.046817779541016	22.093069076538086
0.09569669514894485	29.016271591186523
-10.899192810058594	24.663467407226562
-5.4194440841674805	30.813617706298828
-14.811529159545898	24.059289932250977
-13.751309394836426	26.091970443725586
-13.41769027709961	19.20752716064453
1.5205062627792358	24.187028884887695
