1
-1.3917176723480225	46.09715270996094
-12.074275970458984	57.53565216064453
-3.3504607677459717	53.18972396850586
-0.7575290203094482	41.75234603881836
-4.748928546905518	54.59626007080078
-4.6033711433410645	51.98800277709961
-2.2951247692108154	52.5596809387207
-7.1442484855651855	48.368995666503906
1.309175729751587	51.540775299072266
4.693253993988037	39.956912994384766
-0.7186877727508545	46.239383697509766
1.7019884586334229	41.9743537902832
-13.910117149353027	49.39692687988281
-8.09865665435791	50.696292877197266
-3.176032781600952	45.99418640136719
6.474343776702881	42.377403259277344
-14.440085411071777	52.65230178833008
-15.443055152893066	51.029258728027344
-6.8151679039001465	54.68275451660156
-12.423759460449219	48.939517974853516
3.4913952350616455	46.23480224609375
-7.196884632110596	55.62929916381836
-4.678900241851807	53.44821548461914
-12.071969985961914	49.96792221069336
-14.83262825012207	50.27082443237305
-3.287052869796753	51.45402908325195
0.987067461013794	39.954124450683594
-14.010165214538574	52.67242431640625
0.24494673311710358	40.116798400878906
-7.847364902496338	56.47220993041992
-6.373852729797363	46.59260940551758
1.2852413654327393	44.042911529541016
3.460867166519165	48.889678955078125
-13.45932388305664	54.272911071777344
-11.044507026672363	53.545021057128906
5.925917148590088	42.14939498901367
-0.7553842067718506	43.18478012084961
-14.63305377960205	52.032840728759766
6.135936737060547	45.266483306884766
-13.107216835021973	53.6196174621582
2.3316195011138916	40.930259704589844
-11.770844459533691	57.721126556396484
-3.205190420150757	48.75898361206055
-2.3152987957000732	44.71666717529297
-11.085173606872559	51.4616584777832
6.240275859832764	41.131893157958984
-12.993082046508789	48.95987319946289
-12.804065704345703	55.168025970458984
-3.623669385910034	44.985416412353516
-9.392694473266602	53.07881164550781
-2.7644336223602295	49.402565002441406
-4.32046365737915	46.47227096557617
6.563538074493408	41.70714569091797
-8.64648723602295	56.572486877441406
-4.364486217498779	49.992305755615234
-9.876810073852539	52.27482604980469
-10.804508209228516	57.66819381713867
-2.768139600753784	48.16376876831055
-6.596750736236572	50.854740142822266
-5.607095241546631	48.65763854980469
-7.061839580535889	56.22324752807617
0.7292530536651611	51.56411361694336
-6.759982585906982	55.52029800415039
-8.26846981048584	55.97171401977539
1.0676586627960205	47.097896575927734
7.009734153747559	41.38717269897461
6.3821892738342285	41.97626495361328
-12.989709854125977	49.72354507446289
1.5134327411651611	45.91884231567383
4.757791042327881	41.77582550048828
-6.466389179229736	54.40205383300781
-4.631520748138428	53.47800827026367
-5.940684795379639	47.48817443847656
-15.558403968811035	50.0205078125
-1.5079591274261475	44.53773498535156
-4.378685474395752	42.43827438354492
-15.095738410949707	51.92274856567383
-3.425640821456909	51.91294479370117
-2.5239713191986084	45.249332427978516
4.9293694496154785	47.00944900512695
-12.44339656829834	53.577152252197266
4.498537540435791	43.195133209228516
-8.735552787780762	49.634334564208984
-2.4524447917938232	50.369354248046875
-10.537842750549316	51.676666259765625
-11.923730850219727	48.44676971435547
4.014632701873779	44.69045639038086
-3.7275474071502686	46.9638671875
-3.9579522609710693	53.15073776245117
-11.545059204101562	52.66231918334961
4.951704502105713	39.75796890258789
-11.475335121154785	49.61805725097656
-6.444639205932617	46.30884552001953
-5.4700469970703125	43.16604232788086
-3.035189390182495	48.56449508666992
-13.126238822937012	53.91069793701172
-3.9451816082000732	42.57966995239258
1.816687822341919	47.31003189086914
-13.945195198059082	48.68806457519531
-5.463842868804932	52.901268005371094
-5.526284694671631	48.80746078491211
-11.366606712341309	56.49202346801758
-1.868553876876831	52.23479461669922
7.367610454559326	41.46731185913086
2.6958811283111572	46.841365814208984
-5.591193199157715	43.21669387817383
1.7508938312530518	49.00090408325195
-4.789670467376709	52.585655212402344
1.8435299396514893	50.63365936279297
-10.737406730651855	55.415225982666016
0.6934874057769775	50.351219177246094
-14.997865676879883	49.644813537597656
-3.6657540798187256	49.69182205200195
-10.466283798217773	57.68192672729492
-12.202385902404785	55.35142135620117
-15.42204475402832	52.01044464111328
0.14243628084659576	44.745540618896484
1.1127455234527588	45.83256530761719
-12.932144165039062	56.43605422973633
4.497450351715088	42.98439407348633
-5.840428352355957	44.835269927978516
-0.3203446865081787	50.8173942565918
-10.940680503845215	53.13796615600586
-11.227697372436523	47.88066482543945
-13.729510307312012	49.01832962036133
-4.215199947357178	50.555267333984375
-5.623546123504639	51.20626449584961
-7.777790546417236	48.589664459228516
6.465117454528809	42.67873001098633
-12.939580917358398	53.73283004760742
-6.448215961456299	54.61991882324219
-7.722219944000244	47.87092590332031
-15.573012351989746	50.62154006958008
-16.03709602355957	51.438140869140625
-7.8376688957214355	53.086875915527344
2.8213131427764893	45.23367691040039
-12.281134605407715	48.51606369018555
-12.653966903686523	49.24329376220703
-3.3174846172332764	50.61570739746094
4.793164253234863	44.078426361083984
0.334972620010376	47.40447998046875
-9.171998977661133	57.12617111206055
-11.332686424255371	57.09020233154297
-14.842562675476074	51.943763732910156
-15.018720626831055	53.27399444580078
3.534355401992798	44.197940826416016
-15.557618141174316	51.72001266479492
1.1108324527740479	45.09895324707031
-1.319080114364624	42.941009521484375
-10.314876556396484	51.557373046875
-0.9455850124359131	45.00587463378906
2.996058702468872	41.955326080322266
1.3977558612823486	47.00288772583008
-10.471687316894531	57.50273132324219
-4.868862628936768	53.2770881652832
-5.1914544105529785	54.782649993896484
-12.235243797302246	53.55900955200195
-7.7037577629089355	55.46788024902344
-10.519084930419922	57.05713653564453
-12.621768951416016	48.773258209228516
2.9881784915924072	43.45718002319336
-13.559959411621094	53.38981628417969
-0.974628210067749	43.20112609863281
-8.55406379699707	49.59268569946289
4.30985164642334	42.308197021484375
3.755201578140259	44.65107345581055
3.5859529972076416	44.025638580322266
-6.676267147064209	50.886436462402344
-5.589741230010986	45.79928970336914
-12.206883430480957	54.65640640258789
3.0496389865875244	43.61338806152344
-13.418440818786621	48.020320892333984
-8.205395698547363	50.208194732666016
0.2677156925201416	50.92093276977539
1.9852964878082275	44.194278717041016
-12.132912635803223	57.685890197753906
-1.0740306377410889	42.9853401184082
4.103766918182373	44.1693000793457
2.552872896194458	44.62038803100586
-0.05193112790584564	48.14485168457031
-9.82830810546875	51.63141632080078
0.9232752323150635	46.000125885009766
-7.608936786651611	49.55603790283203
-4.8369221687316895	53.783695220947266
-2.1343228816986084	47.7412223815918
-0.8377349376678467	50.74716567993164
3.0203888416290283	38.85783386230469
-7.224648952484131	55.864036560058594
-13.04996109008789	55.68601989746094
0.9553492069244385	42.05168914794922
-11.90869426727295	52.24391174316406
-12.251138687133789	55.821956634521484
-4.820783615112305	45.66209030151367
-8.047422409057617	55.685791015625
5.760313034057617	39.6478385925293
-8.71568775177002	50.07955551147461
-9.666852951049805	53.375919342041016
-13.573572158813477	49.5128059387207
0.19227434694766998	49.4969596862793
4.090672016143799	41.00537109375
-8.21547794342041	54.27716064453125
-3.2836720943450928	49.956031799316406
3.101206064224243	46.97425079345703
-5.031886100769043	42.43491744995117
-9.603632926940918	52.70463943481445
-11.665902137756348	56.12520980834961
-2.1514365673065186	50.649478912353516
-2.5303075313568115	44.56468963623047
6.132193565368652	40.08867645263672
-2.7862918376922607	47.92116928100586
-7.260373592376709	56.38815689086914
-13.205710411071777	48.67390441894531
-11.538717269897461	47.993873596191406
-2.4005000591278076	50.312744140625
-5.451579570770264	48.25234603881836
-1.2983996868133545	44.2049674987793
-5.00692081451416	46.100852966308594
-12.142416954040527	51.31468963623047
4.7879533767700195	41.11722946166992
2.5661871433258057	50.12532043457031
-5.863205909729004	42.961090087890625
-7.453087329864502	55.98468780517578
1.1859524250030518	46.10860824584961
-9.502068519592285	55.115478515625
-9.945508003234863	52.13146209716797
-6.309976100921631	45.79427719116211
-5.3823466300964355	48.701148986816406
-4.245487689971924	53.99119567871094
-7.914902210235596	49.78297805786133
-8.041669845581055	49.64707946777344
-8.066710472106934	51.06288146972656
-2.443776845932007	49.662384033203125
3.1247284412384033	47.82413101196289
-16.24452018737793	51.49819564819336
2.8351376056671143	42.61143112182617
-0.3807713985443115	45.400909423828125
-10.304272651672363	56.157684326171875
4.098773956298828	38.227874755859375
-1.7496516704559326	49.69927215576172
-13.236105918884277	51.26116943359375
0.6976253986358643	42.49947738647461
-10.602020263671875	56.79104995727539
2.5340445041656494	47.46913528442383
-8.603041648864746	50.04159164428711
-12.953832626342773	54.15409851074219
-3.5556585788726807	41.704383850097656
4.748574256896973	41.763919830322266
-5.290431976318359	42.18418502807617
-4.41847562789917	45.71186447143555
3.359693765640259	45.26936721801758
4.0418171882629395	45.29080581665039
-5.789584159851074	45.35701370239258
5.25617790222168	39.37848663330078
-12.99896240234375	48.31156539916992
-0.7598121166229248	44.17554473876953
-10.44590950012207	56.213924407958984
6.794313430786133	42.4526252746582
0.5426266193389893	47.05756378173828
-7.97068452835083	51.64853286743164
-12.707462310791016	48.33290481567383
-8.233135223388672	53.23109436035156
-9.703065872192383	53.50301742553711
-7.4332404136657715	50.01028823852539
-4.196918964385986	44.5707893371582
-3.4204719066619873	46.42125701904297
1.1423485279083252	46.601314544677734
-7.973811626434326	54.092647552490234
-0.7773473262786865	51.55466079711914
-6.297689914703369	54.564537048339844
-1.23771071434021	47.197288513183594
-4.798691272735596	48.97381591796875
-5.682365894317627	43.352752685546875
-4.289991855621338	52.6964111328125
2.5563433170318604	41.81261444091797
-4.304287433624268	45.48200988769531
-8.627840042114258	56.353084564208984
-3.1622045040130615	43.26142120361328
-0.3176381587982178	44.941043853759766
-10.799729347229004	56.45451354980469
-8.297971725463867	56.24443435668945
-5.4898362159729	43.9498405456543
-7.503532886505127	56.03840255737305
-11.874526023864746	55.57219696044922
-7.020680904388428	49.45199966430664
1.1524689197540283	51.804603576660156
-5.897827625274658	54.60258865356445
-12.602988243103027	52.62495040893555
-1.3270690441131592	44.94524002075195
-3.82377028465271	51.995975494384766
-11.980157852172852	54.45618438720703
3.4736506938934326	40.61639404296875
-5.50547981262207	45.52897644042969
-4.32485818862915	48.98263931274414
-4.632222652435303	51.932777404785156
0.18103815615177155	51.21923065185547
-13.807936668395996	49.52827453613281
-2.1500041484832764	52.5456657409668
-5.241149425506592	47.46987533569336
-14.09712028503418	50.94159698486328
-1.5039021968841553	50.38286209106445
-3.305262327194214	50.88922119140625
-10.814885139465332	51.85625457763672
-15.488612174987793	50.43550491333008
-1.7879350185394287	44.6628532409668
-16.159730911254883	51.320556640625
-14.460495948791504	52.517459869384766
-13.882612228393555	54.14778518676758
1.2942860126495361	42.63498306274414
1.8549110889434814	47.96475601196289
-2.2875192165374756	43.69955825805664
-8.059698104858398	54.05915832519531
-10.221245765686035	53.2502555847168
-7.813253879547119	55.51338195800781
-11.622818946838379	56.26025390625
-5.39466667175293	44.31745147705078
-9.965680122375488	51.52467346191406
3.528834104537964	39.31911849975586
-11.633771896362305	48.653385162353516
-9.612895965576172	57.136783599853516
-11.854826927185059	57.422306060791016
-15.68645191192627	50.30986022949219
3.9059860706329346	44.2844352722168
-6.820562839508057	55.338768005371094
-7.833240032196045	55.282291412353516
-14.079757690429688	48.177555084228516
6.215028762817383	38.48263931274414
-0.3812129497528076	42.549346923828125
-11.462278366088867	50.22513198852539
-8.056585311889648	52.91380310058594
2.1876680850982666	40.47714614868164
-7.465988636016846	55.72325134277344
-11.69566822052002	52.83396911621094
-5.8988728523254395	46.423099517822266
-2.6958186626434326	46.482418060302734
-3.3794209957122803	45.559226989746094
-13.839730262756348	49.4202766418457
-4.721781253814697	53.46932601928711
-0.5297400951385498	51.2701301574707
-13.29088306427002	52.26615905761719
3.8507192134857178	40.02493667602539
-4.276068210601807	51.25697326660156
-10.773941993713379	52.46098327636719
-5.205506801605225	54.59805679321289
-0.2242276519536972	52.021034240722656
-10.272085189819336	56.53499984741211
-10.673932075500488	56.52785873413086
-7.89089822769165	49.88691711425781
-2.783517599105835	42.84794235229492
-5.013034343719482	51.03751754760742
-13.340160369873047	54.97552490234375
-7.382011890411377	55.226009368896484
-5.6099772453308105	54.21194839477539
-3.797534227371216	42.21443176269531
-11.592228889465332	53.738590240478516
-3.995558500289917	51.92189025878906
-5.691920280456543	46.25499725341797
-15.847270011901855	50.80138397216797
-0.817392110824585	50.89060974121094
-2.9060657024383545	44.64237976074219
-14.783210754394531	49.69077682495117
-13.159544944763184	54.084922790527344
-9.770606994628906	54.97574234008789
-13.456348419189453	54.91823959350586
-7.187769412994385	54.14004898071289
-14.317325592041016	52.0113525390625
-11.277164459228516	56.23513412475586
2.6345036029815674	49.61036682128906
-12.055428504943848	49.985252380371094
-10.1223783493042	54.56783676147461
1.6848175525665283	50.04774856567383
-9.708597183227539	52.14815139770508
-6.753640651702881	48.912620544433594
-2.7365987300872803	48.730350494384766
-6.265921115875244	48.41109848022461
-8.332357406616211	48.619869232177734
-15.950703620910645	50.38960647583008
-11.792689323425293	56.44859313964844
-11.659614562988281	54.82787322998047
0.23955561220645905	50.78224563598633
-9.263326644897461	54.669403076171875
-15.738791465759277	51.016395568847656
3.254509210586548	44.668521881103516
0.2854921817779541	42.97407913208008
5.180460453033447	46.893489837646484
6.026697635650635	40.81484603881836
-12.026413917541504	56.72459030151367
-1.4780948162078857	50.72589111328125
0.2225811630487442	46.085899353027344
-5.0869221687316895	48.357364654541016
-16.240779876708984	50.842071533203125
-12.56294059753418	51.294105529785156
-6.442615985870361	54.65811538696289
-5.809192180633545	47.45084762573242
-12.684408187866211	53.72835922241211
4.21401834487915	43.19651412963867
-14.97226619720459	49.778865814208984
-3.5137288570404053	45.10712814331055
2.3141567707061768	42.768306732177734
-7.504078388214111	51.08536148071289
-15.66386890411377	50.29209518432617
-15.641942024230957	52.42485809326172
-5.062849998474121	45.11737823486328
-13.498574256896973	51.84980010986328
-12.469168663024902	51.20743942260742
-0.9612948894500732	44.076255798339844
-5.132958889007568	42.44070053100586
-5.4795308113098145	53.84159851074219
-13.508317947387695	53.747806549072266
5.482492446899414	42.22138977050781
-7.833441257476807	48.01043701171875
-3.155897378921509	42.117671966552734
-8.934030532836914	50.87510299682617
-13.707167625427246	49.41183090209961
-1.7541520595550537	46.72188186645508
-10.191987037658691	57.592132568359375
5.1926960945129395	44.314537048339844
4.07786750793457	39.693302154541016
-13.391769409179688	50.918025970458984
-6.566972732543945	46.15980529785156
-14.377399444580078	49.38969802856445
-5.730072498321533	44.50062561035156
1.2446377277374268	45.49055862426758
-3.4380834102630615	44.409183502197266
1.1777374744415283	40.509437561035156
2.1103813648223877	42.863067626953125
-6.708312511444092	48.43605422973633
-16.120695114135742	50.218265533447266
-8.176636695861816	56.55544662475586
-11.613428115844727	54.33234786987305
-5.136889934539795	51.97322463989258
-12.922417640686035	54.477420806884766
1.0197317600250244	49.46185302734375
-11.33304500579834	56.2296028137207
-3.939094305038452	52.991092681884766
0.7146265506744385	49.243194580078125
-13.437128067016602	49.489505767822266
-8.893999099731445	49.93185043334961
4.756340503692627	39.97429275512695
-9.5835599899292	56.96437454223633
-8.311056137084961	56.82194519042969
-3.227553129196167	51.36160659790039
-5.607455253601074	45.48037338256836
-12.098771095275879	56.24504089355469
0.4482719898223877	43.52729797363281
-5.360724925994873	51.58476257324219
4.824038028717041	42.1831169128418
-4.94120454788208	54.2272834777832
0.9340460300445557	46.97221755981445
1.2788736820220947	46.889217376708984
-16.0906925201416	50.28927230834961
-14.296987533569336	52.326263427734375
-4.211977481842041	52.78376388549805
-13.808355331420898	53.88501739501953
-13.541182518005371	48.49899673461914
-8.379722595214844	56.44933319091797
2.5832102298736572	46.883827209472656
-12.436001777648926	48.026397705078125
-10.24987506866455	51.94355392456055
-4.007747173309326	42.9759407043457
2.771226167678833	47.576942443847656
-1.0122649669647217	50.96611785888672
-12.351982116699219	49.02671432495117
0.337566614151001	43.201271057128906
-7.235291957855225	50.5594367980957
-7.108120441436768	55.49275588989258
-5.203514575958252	43.97124481201172
-4.858643054962158	46.89847183227539
-10.625216484069824	55.76069259643555
-1.813108205795288	49.794410705566406
-5.09438419342041	43.233951568603516
-7.60754919052124	57.02884292602539
-14.876835823059082	49.61524200439453
-9.630456924438477	52.82954406738281
5.754908084869385	40.778255462646484
-15.863665580749512	50.17421340942383
-1.7846620082855225	46.195919036865234
-5.950357913970947	46.59600067138672
3.9691898822784424	43.82614517211914
-9.458222389221191	52.85125732421875
-6.8427605628967285	51.41701889038086
4.8645734786987305	44.110530853271484
-1.2331016063690186	46.8908576965332
-4.939943790435791	52.84395980834961
-15.47289752960205	50.10053253173828
-6.767344951629639	52.35383224487305
-7.692965984344482	48.960994720458984
-4.997884273529053	50.964942932128906
0.28055500984191895	43.13144302368164
-12.272054672241211	50.73703384399414
-3.583036184310913	48.82212448120117
-15.695301055908203	51.1571159362793
-8.80389404296875	54.332115173339844
2.4317781925201416	40.467655181884766
-7.606191158294678	52.43550491333008
-6.677979946136475	46.721981048583984
1.6479380130767822	44.21250915527344
-7.064667224884033	51.482295989990234
-14.438263893127441	49.7126579284668
-14.659754753112793	50.40007400512695
-11.87845516204834	49.66832733154297
-6.05814266204834	45.74985122680664
-15.252147674560547	49.48957061767578
-13.06867790222168	55.828731536865234
-10.52904987335205	51.5034294128418
-7.294511318206787	54.821861267089844
0.36002373695373535	43.846763610839844
-14.108624458312988	51.2894172668457
-12.460052490234375	57.00762939453125
-2.782271146774292	52.27349090576172
-2.444385290145874	52.71915817260742
-14.041794776916504	49.829097747802734
0.6340458393096924	44.50498962402344
-9.538334846496582	51.907081604003906
-12.475152015686035	51.5257568359375
-4.685906410217285	43.81532287597656
-10.770413398742676	56.4797248840332
3.086305856704712	40.192386627197266
-15.323705673217773	52.719173431396484
5.838443279266357	40.25345993041992
-15.08740234375	50.220489501953125
-6.502817630767822	47.938682556152344
6.802180290222168	41.05995178222656
-5.937364101409912	54.43672180175781
-11.671782493591309	51.81247329711914
2.6225674152374268	48.68665313720703
-1.3193557262420654	48.49907684326172
2.795299768447876	40.824405670166016
-1.641716718673706	51.982173919677734
6.9777045249938965	45.07870864868164
-11.586272239685059	56.86405944824219
1.0863831043243408	45.26456832885742
3.3805325031280518	41.24668502807617
0.776932954788208	51.55576705932617
-3.27482008934021	45.604801177978516
-11.784744262695312	49.306644439697266
4.008792400360107	46.493797302246094
1.8010227680206299	39.081058502197266
-3.976918935775757	45.40324401855469
-2.543060064315796	43.676292419433594
0.9649488925933838	45.9653205871582
1.6498863697052002	44.35716247558594
-2.7956435680389404	44.18901443481445
-4.837056636810303	54.26375961303711
-1.1512296199798584	42.85426712036133
2.3446543216705322	50.90049362182617
3.802293062210083	42.9874382019043
6.601752281188965	40.61005783081055
-6.471312046051025	48.179054260253906
-12.086718559265137	54.766273498535156
-6.625013828277588	47.95472717285156
-10.164254188537598	55.59758377075195
2.1179182529449463	40.16075134277344
-3.5081145763397217	49.19477462768555
-8.482461929321289	56.909324645996094
1.4819109439849854	51.797794342041016
-9.471623420715332	56.77252960205078
-13.36533260345459	49.934852600097656
1.0994131565093994	45.22140121459961
-0.008009657263755798	47.3719482421875
-7.699896335601807	49.152854919433594
-6.64475679397583	55.7193489074707
-6.409634113311768	55.04084014892578
-1.6397721767425537	50.907108306884766
-8.457183837890625	52.45459747314453
-14.822587013244629	53.036617279052734
0.48346447944641113	43.60570526123047
-7.5897297859191895	53.1479377746582
-1.3192050457000732	51.753719329833984
-11.400614738464355	56.3179817199707
4.810307502746582	40.82200241088867
-14.119523048400879	48.66106033325195
-4.436059951782227	42.398712158203125
-0.3312699794769287	44.05770492553711
-11.996487617492676	56.56468200683594
-12.569158554077148	56.23726272583008
-2.7864387035369873	45.126800537109375
-3.4616687297821045	48.834228515625
2.4554636478424072	48.853843688964844
-8.86852741241455	56.41085433959961
-1.5515220165252686	51.579891204833984
-5.660862922668457	42.50005340576172
-5.1328125	42.655391693115234
4.929675102233887	39.24451446533203
-14.098528861999512	49.69533920288086
-2.812917470932007	53.03778076171875
-9.705106735229492	56.03310775756836
-5.910986423492432	55.68185806274414
1.2737095355987549	45.745365142822266
-12.226902961730957	56.924320220947266
-0.3695094585418701	50.960289001464844
-5.618778705596924	44.7464599609375
-14.791141510009766	51.832027435302734
-11.276939392089844	52.78360366821289
5.458982944488525	44.891780853271484
2.115208864212036	42.67108917236328
1.81081223487854	45.5472412109375
-3.4824273586273193	51.38887405395508
1.35732102394104	45.10842514038086
-4.623166561126709	54.219749450683594
-11.939703941345215	53.20192337036133
-6.364681720733643	47.53190994262695
-9.708864212036133	54.90110778808594
-5.795410633087158	46.11721420288086
-4.341770648956299	51.757850646972656
-5.767383098602295	49.41688537597656
-8.117706298828125	49.24842071533203
4.598130226135254	41.71538162231445
-7.0049309730529785	53.77104949951172
-4.751473903656006	50.657352447509766
-8.372244834899902	55.48495864868164
1.807959794998169	46.34963607788086
2.876802682876587	44.05182647705078
-7.654810428619385	48.97434616088867
-1.6136853694915771	52.01998519897461
2.4772627353668213	48.03047561645508
-13.626066207885742	51.90590286254883
-12.643927574157715	50.78422927856445
5.075088977813721	44.904197692871094
2.0976526737213135	42.877010345458984
5.536358833312988	41.13698196411133
-15.007658004760742	51.85902786254883
3.969510793685913	42.067901611328125
-5.496184825897217	43.51300048828125
3.269953966140747	46.89506149291992
3.1323254108428955	48.25420379638672
-2.2706973552703857	42.74240493774414
4.069736003875732	39.34325408935547
-5.219974040985107	44.58705139160156
-1.2543046474456787	42.8674201965332
-6.470376491546631	51.60186767578125
-12.165472030639648	57.280391693115234
-11.912686347961426	53.53971862792969
-10.056391716003418	56.02629089355469
-4.615932464599609	45.494529724121094
-14.337721824645996	48.494266510009766
-6.496720790863037	46.76527786254883
-0.6777856349945068	42.38645553588867
-14.320706367492676	48.84745788574219
1.070049524307251	45.31422424316406
-11.120813369750977	53.32052230834961
5.221980571746826	39.302486419677734
-8.101603507995605	50.606937408447266
-11.892287254333496	57.34547805786133
0.4581148624420166	51.6428337097168
-13.883434295654297	54.9769172668457
-10.45667552947998	54.70475387573242
5.7349982261657715	44.51134490966797
-7.999454975128174	56.54762649536133
-1.9292094707489014	51.487220764160156
-1.341092824935913	52.38809585571289
-1.682708501815796	49.09921646118164
-13.299124717712402	55.19636917114258
-9.788273811340332	56.373504638671875
-14.454514503479004	48.67269515991211
-15.500292778015137	50.48891830444336
-13.643000602722168	51.3336181640625
5.2351531982421875	39.720333099365234
6.206306457519531	39.20964813232422
-4.8003926277160645	48.584495544433594
3.639643907546997	43.9670295715332
-6.786182880401611	47.61556625366211
0.5221636295318604	46.73799514770508
7.428295135498047	40.757347106933594
-0.9041717052459717	41.38219451904297
-1.7449843883514404	41.81358337402344
-10.088240623474121	52.11293411254883
-8.409520149230957	48.12458419799805
-9.067330360412598	49.106536865234375
-2.936922788619995	52.40851593017578
-3.0692427158355713	42.18583679199219
-5.208776473999023	42.84758758544922
3.1186931133270264	40.48332214355469
-4.251526355743408	47.10554122924805
-3.8803632259368896	52.98578643798828
-5.654510021209717	49.29972839355469
-9.327555656433105	55.21031188964844
0.7311756610870361	50.838565826416016
-4.985278606414795	42.50238800048828
-2.632535696029663	53.19614791870117
-8.22680950164795	53.272552490234375
-3.295427083969116	48.25778579711914
-8.685297966003418	44.56964111328125
-6.875180721282959	53.007102966308594
-3.4400861263275146	47.56158447265625
-10.01110553741455	54.55604553222656
1.981384515762329	45.71428680419922
-3.655034303665161	43.7038688659668
1.907137155532837	44.3487663269043
1.1105272769927979	47.142372131347656
-1.28159499168396	52.3238410949707
-10.762009620666504	54.858768463134766
0.3814108371734619	40.44966506958008
3.9170658588409424	44.35637664794922
-6.556138515472412	53.25165557861328
-14.500713348388672	53.120182037353516
-7.947815418243408	55.64861297607422
-1.8137567043304443	46.66002655029297
-6.805239200592041	47.588871002197266
-2.4266812801361084	43.41404724121094
-0.08326791226863861	47.60811233520508
-4.9904046058654785	53.58419418334961
-2.10217547416687	45.06599807739258
-0.8140809535980225	48.99283218383789
-7.14784574508667	47.4286994934082
-14.238250732421875	51.23112106323242
-10.149341583251953	53.9562873840332
-8.897417068481445	57.22678756713867
5.108231544494629	44.7001953125
-13.503799438476562	49.03316879272461
-12.079853057861328	48.28059768676758
-0.6511104106903076	42.32540512084961
5.744034290313721	38.8160514831543
-13.139370918273926	54.125396728515625
2.5931026935577393	47.3910026550293
-15.786032676696777	51.397708892822266
-16.063880920410156	51.20338439941406
-10.8679780960083	55.50071334838867
-6.208560466766357	46.41998291015625
-2.2048003673553467	45.069480895996094
-3.267937421798706	41.79977035522461
-3.515475034713745	49.99148178100586
-3.870471715927124	52.73081588745117
-6.50329065322876	46.51468276977539
-6.06790828704834	46.4293212890625
-5.096377849578857	44.34123611450195
-4.482061862945557	44.2139778137207
-7.675912380218506	56.31638717651367
-11.380891799926758	51.241371154785156
1.8202106952667236	43.201698303222656
-7.827791690826416	54.52677536010742
4.932806491851807	41.28433609008789
-2.6002566814422607	48.7042236328125
4.801774978637695	41.297332763671875
-7.23346471786499	55.44839859008789
-5.991998195648193	45.550758361816406
-13.77404499053955	53.433650970458984
-5.072144508361816	42.8006706237793
-3.9060370922088623	49.2348747253418
-15.72572135925293	49.692562103271484
-9.719622611999512	51.10451889038086
-15.618180274963379	51.08828353881836
-10.106867790222168	54.242530822753906
-4.827690601348877	43.45648956298828
-15.8141508102417	50.26838302612305
-4.5339508056640625	42.205928802490234
-6.200900554656982	50.58415603637695
-7.10162878036499	56.5506706237793
-11.575222969055176	56.01744842529297
-15.413663864135742	49.39579772949219
-4.389887809753418	44.168067932128906
2.279430627822876	50.88172912597656
-3.411407232284546	47.206817626953125
-5.845329284667969	45.758968353271484
5.401780605316162	41.69752502441406
-9.285717010498047	52.485042572021484
1.5698816776275635	44.79348373413086
0.6225311756134033	51.37895202636719
4.592724323272705	43.22962188720703
-4.500426769256592	45.46479415893555
-16.08172035217285	51.357173919677734
-7.5903754234313965	51.267513275146484
-12.65605354309082	53.1231575012207
-8.636116027832031	55.79330062866211
-2.91044020652771	52.57475662231445
3.2175514698028564	45.826507568359375
-11.539507865905762	56.971866607666016
-6.124457836151123	54.0877571105957
5.264530658721924	43.27224349975586
-0.57554030418396	48.74441146850586
-7.050600528717041	54.61956787109375
-15.091532707214355	52.155967712402344
-9.001764297485352	54.04376983642578
-7.0460333824157715	46.268001556396484
-4.912075519561768	54.499305725097656
-16.03901481628418	50.45753860473633
-8.459720611572266	54.74384307861328
-6.189610958099365	46.265716552734375
-9.344385147094727	50.02760696411133
-0.8856141567230225	49.166221618652344
-15.000535011291504	52.134178161621094
-5.433016300201416	48.45247268676758
0.6275217533111572	44.14259719848633
-8.926705360412598	54.01835250854492
-3.5956504344940186	41.63932800292969
-15.91907787322998	50.94676971435547
-8.302735328674316	52.56948471069336
0.5770494937896729	51.79500961303711
1.6179134845733643	43.13216781616211
-2.772730588912964	47.58981704711914
-5.0115227699279785	52.72539138793945
-8.341445922851562	56.91622543334961
-10.283112525939941	54.9182014465332
3.936340570449829	43.782554626464844
-8.859079360961914	57.808841705322266
1.7819416522979736	46.56364822387695
-16.201004028320312	50.67527770996094
-16.186376571655273	49.75102996826172
-2.7602832317352295	51.9010124206543
-0.0029408782720565796	48.33662033081055
1.073706865310669	45.94670486450195
4.82416296005249	38.83591842651367
-11.760830879211426	50.955204010009766
-3.496201753616333	42.781272888183594
-9.361897468566895	52.52389144897461
2.0978405475616455	43.72166442871094
-6.430290699005127	46.75978469848633
-4.658397197723389	53.03718185424805
4.534997463226318	41.416160583496094
-3.820024251937866	53.165008544921875
-16.173044204711914	51.1279296875
-3.086937665939331	49.068992614746094
-6.151271343231201	55.17245864868164
-14.884615898132324	50.8363037109375
-5.166041851043701	52.76401138305664
-5.7760233879089355	46.776344299316406
-5.050029277801514	47.74560546875
-6.2197418212890625	45.145259857177734
-11.380252838134766	56.10491180419922
-11.925235748291016	57.499874114990234
-3.8669326305389404	41.56258773803711
-5.266427993774414	43.80086898803711
4.334714412689209	45.63762283325195
-12.314873695373535	49.70756530761719
-6.867874622344971	47.333492279052734
-10.575512886047363	57.23767852783203
-1.7156188488006592	51.236427307128906
1.1216137409210205	46.0098762512207
5.033597946166992	40.47408676147461
-11.505396842956543	53.66583251953125
-3.5733020305633545	52.263790130615234
-15.237953186035156	51.340030670166016
-15.909796714782715	50.63349914550781
-3.6968438625335693	44.5384407043457
-11.244982719421387	53.569759368896484
4.250593662261963	44.33711624145508
2.1150715351104736	46.79081726074219
-11.844314575195312	55.33376693725586
-9.709961891174316	55.21056365966797
-4.349925994873047	43.020286560058594
-4.9778828620910645	44.64345932006836
1.4139769077301025	44.773563385009766
-6.248255729675293	45.87925338745117
0.0013153702020645142	44.050167083740234
6.096047401428223	42.72960662841797
3.8698999881744385	42.04214859008789
-4.410791873931885	53.25233840942383
-5.063099384307861	54.4127082824707
-7.275370121002197	54.539615631103516
-6.933906078338623	54.84088134765625
-7.788107395172119	55.034034729003906
-4.983749866485596	53.822025299072266
2.306830644607544	50.567020416259766
-5.010412693023682	52.06001281738281
-16.009431838989258	49.3151741027832
-7.912765026092529	48.18680191040039
-11.860499382019043	55.99142837524414
-7.738444805145264	56.4287223815918
-5.998391151428223	45.30721664428711
-12.484289169311523	55.979393005371094
-7.142063617706299	47.94083023071289
-3.6944081783294678	49.55299758911133
3.9598228931427	45.71531677246094
-5.013576030731201	47.47983932495117
-9.433520317077637	48.99858856201172
-5.3275651931762695	43.94260787963867
-1.44187331199646	44.97829055786133
-1.2667853832244873	43.34965896606445
-15.530752182006836	50.01808166503906
-14.017833709716797	48.580745697021484
4.602674961090088	44.1121826171875
-13.98553466796875	52.33781433105469
-11.43271541595459	55.728450775146484
1.334580659866333	49.64785385131836
-14.23336410522461	50.71653366088867
-6.895447254180908	48.050559997558594
1.5608341693878174	43.78150177001953
-5.022817134857178	46.47993087768555
-0.7089183330535889	42.80780792236328
-1.499657392501831	48.66415786743164
-1.9289968013763428	46.60503387451172
-2.5086381435394287	43.77225112915039
-7.71630334854126	54.86126708984375
5.376527786254883	43.65662384033203
4.018094062805176	40.47347640991211
-2.9797556400299072	41.72547912597656
-10.368947982788086	52.36567306518555
-10.341606140136719	56.33952713012695
-5.383349418640137	46.63722610473633
-14.546910285949707	48.78998947143555
-11.175864219665527	48.22209167480469
-13.453113555908203	49.03450393676758
2.9693634510040283	43.48093795776367
3.616304636001587	41.64824676513672
-5.2631964683532715	42.725074768066406
-12.625192642211914	48.777587890625
-10.707917213439941	57.45877456665039
-6.354895114898682	45.8078498840332
-5.915249347686768	48.96771240234375
-8.388482093811035	49.81156539916992
-8.545409202575684	47.48593521118164
-6.112395763397217	51.75247573852539
-6.835191249847412	47.59882736206055
-9.48095989227295	54.59413528442383
-8.605982780456543	51.329254150390625
-12.089898109436035	53.709285736083984
-10.07431697845459	57.04936981201172
-6.481500148773193	50.075050354003906
-10.207975387573242	56.03746795654297
-2.145737409591675	43.4675178527832
-7.7617316246032715	49.60197448730469
-5.778506755828857	54.7133903503418
-3.0829055309295654	48.41761016845703
-13.548099517822266	51.67988586425781
-15.68250846862793	50.36256408691406
0.5994770526885986	50.208248138427734
-10.696468353271484	56.26173782348633
-4.659756183624268	49.391536712646484
-10.7477388381958	55.15977096557617
-4.936720371246338	51.99263000488281
-4.6802897453308105	44.767513275146484
-0.6549088954925537	44.445133209228516
-15.259676933288574	49.54385757446289
2.828483819961548	47.8834114074707
-1.9911925792694092	45.67241668701172
-8.778085708618164	55.68906021118164
-4.971510887145996	44.24773025512695
-8.047191619873047	54.33742141723633
-2.447767972946167	48.61165237426758
-7.022347927093506	55.82920837402344
-10.896618843078613	56.81187057495117
-0.010273680090904236	45.239383697509766
1.0978376865386963	51.17670440673828
-3.0553042888641357	53.176612854003906
-7.468167781829834	56.24349594116211
-2.7710015773773193	50.8917350769043
-13.913585662841797	49.83438491821289
-9.452984809875488	56.852264404296875
6.411698818206787	40.820411682128906
-15.099536895751953	51.11982727050781
-8.990592956542969	53.364070892333984
1.3828356266021729	48.02438735961914
-5.489878177642822	55.0103874206543
-15.660077095031738	51.623435974121094
-4.804384708404541	54.788082122802734
-15.81063175201416	50.50926208496094
-6.968569278717041	55.6722297668457
-4.54374361038208	53.301631927490234
-15.023967742919922	51.348907470703125
-2.0241219997406006	51.28028106689453
-4.217153549194336	44.68100357055664
-0.79752516746521	51.07490921020508
-3.7230708599090576	48.43425369262695
4.984623908996582	41.843772888183594
-0.6105325222015381	45.11091995239258
-9.965349197387695	56.38096237182617
1.1828253269195557	46.99859619140625
-8.289435386657715	57.02164077758789
-8.722915649414062	56.349727630615234
-10.76982593536377	53.60915756225586
-14.999149322509766	50.78822326660156
-1.106067419052124	46.57943344116211
-14.448254585266113	49.60563278198242
-5.007091045379639	47.962303161621094
-11.684121131896973	55.923954010009766
-12.547965049743652	55.77540588378906
-12.824228286743164	49.796119689941406
-5.88363790512085	50.273529052734375
1.0765259265899658	51.036231994628906
1.2479660511016846	47.90936279296875
-7.114281177520752	46.958980560302734
-10.946382522583008	50.76808166503906
4.750759124755859	43.78608322143555
-11.418292045593262	51.71364974975586
-15.160094261169434	52.41648483276367
-7.822855472564697	49.435489654541016
-9.816046714782715	52.31722640991211
-10.453144073486328	55.75345993041992
-12.62002182006836	48.64987564086914
-4.961261749267578	42.92198181152344
-14.584396362304688	51.313232421875
-7.30863618850708	54.55977249145508
-8.194530487060547	53.888790130615234
-15.043146133422852	51.66005325317383
-6.470611095428467	56.40105056762695
-10.397737503051758	57.15672302246094
-6.482063293457031	43.504024505615234
-15.857111930847168	49.943965911865234
-13.106895446777344	48.7614860534668
-4.326171398162842	49.613243103027344
-4.981805324554443	53.69001388549805
-0.44280409812927246	42.553009033203125
2.9454729557037354	46.073143005371094
4.739412784576416	42.79206085205078
-9.851899147033691	57.19621658325195
-11.954937934875488	48.384517669677734
-11.365715026855469	52.318538665771484
-8.043456077575684	56.50458908081055
-10.040389060974121	51.045684814453125
5.97562313079834	44.240962982177734
-5.411731719970703	42.658111572265625
-14.763050079345703	51.8238410949707
-8.237030982971191	56.268463134765625
-3.869119882583618	43.34730911254883
-9.1119384765625	53.733436584472656
0.5708954334259033	43.50296401977539
-14.567035675048828	51.83829879760742
-1.20231032371521	48.152496337890625
2.4179155826568604	41.156490325927734
-1.7641932964324951	46.1624870300293
-3.586010694503784	50.97434616088867
-11.194185256958008	57.1230583190918
-5.25241231918335	48.05838394165039
5.877877235412598	41.139671325683594
-16.41102409362793	49.37468338012695
-0.9832503795623779	52.14474868774414
-3.3207757472991943	49.90041732788086
-15.544012069702148	50.35753631591797
-10.804954528808594	54.486488342285156
-4.052026271820068	46.978858947753906
-8.997127532958984	57.072669982910156
-1.649352788925171	52.129486083984375
-15.496472358703613	51.54510498046875
-5.965432167053223	45.916595458984375
-5.138034343719482	52.89642333984375
-5.774655818939209	54.90660095214844
-12.554207801818848	56.40217208862305
-10.677440643310547	55.75817108154297
1.8290321826934814	44.98519515991211
-4.991995334625244	49.68442153930664
-5.741488933563232	43.117828369140625
-7.243493556976318	56.01963424682617
-7.408376216888428	55.06923294067383
-13.262874603271484	47.69643783569336
-11.161996841430664	57.121604919433594
-6.029386043548584	54.320152282714844
-2.952233076095581	47.902862548828125
3.848980188369751	46.56949234008789
-2.7154901027679443	47.193756103515625
-7.83831262588501	54.85822296142578
-14.894147872924805	51.34590148925781
3.9045279026031494	47.17569351196289
-10.285306930541992	53.80012130737305
-1.535698652267456	45.198097229003906
-2.7491328716278076	48.906272888183594
0.02642466127872467	44.47841262817383
-11.60770320892334	56.611175537109375
-12.216156005859375	57.34995651245117
-7.884144306182861	56.16304016113281
-10.435931205749512	51.179813385009766
-8.461958885192871	49.61094284057617
-7.7023234367370605	56.03990173339844
6.684285640716553	39.34133529663086
-11.571630477905273	49.50886535644531
-6.680568218231201	47.8091926574707
4.024252414703369	43.76901626586914
-11.18858528137207	57.9919548034668
-14.300602912902832	50.455718994140625
2.1007187366485596	41.5660400390625
-12.124276161193848	48.67329788208008
-15.499608039855957	51.16017532348633
-1.4726674556732178	43.158504486083984
-5.965157985687256	54.15501022338867
-11.358809471130371	54.0051155090332
-11.180065155029297	54.20241165161133
-6.316140651702881	43.363590240478516
-6.599252223968506	46.98390579223633
-10.100290298461914	56.469120025634766
0.45915818214416504	47.505157470703125
-7.181373119354248	51.706695556640625
-6.4626946449279785	54.12935256958008
-7.44259786605835	49.568145751953125
-14.823153495788574	51.55854415893555
5.653562068939209	41.09144592285156
-3.992543935775757	51.72953414916992
-5.934786319732666	55.46797180175781
3.074098825454712	44.65018844604492
-8.97932243347168	52.38838577270508
-9.819096565246582	54.125160217285156
4.017519474029541	39.59682083129883
-5.591822624206543	44.63315200805664
-5.199915409088135	49.894771575927734
-10.565865516662598	54.508487701416016
-8.615497589111328	56.40057373046875
-14.781927108764648	52.16028594970703
3.780254602432251	45.06336975097656
5.328542232513428	42.1279182434082
2.2966949939727783	47.232913970947266
-8.650396347045898	53.8333625793457
7.1524481773376465	41.402076721191406
-6.150465488433838	54.415550231933594
1.2505676746368408	50.417457580566406
-10.768559455871582	56.56034851074219
-9.273641586303711	54.877098083496094
-6.705305576324463	55.69477844238281
2.4379074573516846	40.57868576049805
4.603083610534668	42.636207580566406
5.2949700355529785	40.82067108154297
-6.45723295211792	54.6891975402832
-9.134215354919434	56.391510009765625
-1.1220471858978271	45.21831130981445
-4.591250896453857	51.832176208496094
-10.845198631286621	53.08143615722656
2.971461534500122	48.93051528930664
-7.743529796600342	55.87987518310547
-10.301436424255371	56.89851760864258
3.4919540882110596	46.50704574584961
4.584743022918701	42.9730224609375
-11.756731986999512	56.32107925415039
-11.323127746582031	55.625606536865234
-5.601964473724365	44.445556640625
-4.660632610321045	50.262245178222656
-15.017789840698242	49.178958892822266
5.560642242431641	42.04212188720703
-5.393796443939209	54.838905334472656
-9.431830406188965	50.701072692871094
-12.311141967773438	56.7190055847168
-0.27748560905456543	41.846683502197266
-4.299637317657471	50.055301666259766
-5.57528829574585	44.90455627441406
-1.43802809715271	52.96213912963867
1.8398878574371338	51.150169372558594
-3.8268277645111084	52.11314010620117
-5.095617771148682	50.35481643676758
-1.412433385848999	51.669219970703125
4.555568218231201	44.534149169921875
-6.855442523956299	49.54378890991211
3.2897274494171143	44.34782791137695
6.207992076873779	41.68478012084961
7.195366859436035	43.176849365234375
-4.982778072357178	53.65190887451172
-9.575765609741211	56.31269836425781
-11.148984909057617	55.128543853759766
-10.198454856872559	56.40403366088867
-10.407731056213379	55.36659622192383
-11.591386795043945	56.48505783081055
-7.858191967010498	54.663387298583984
-10.594025611877441	57.36384201049805
-11.001797676086426	52.76466369628906
3.0681822299957275	40.14479446411133
-16.230268478393555	51.313079833984375
2.4342052936553955	46.287330627441406
-4.701833248138428	42.09724426269531
-14.585880279541016	51.41105270385742
-10.840567588806152	55.037445068359375
-14.034255027770996	48.642330169677734
1.1228277683258057	43.43286895751953
-5.307924747467041	42.41954040527344
-3.0341622829437256	52.06801223754883
-14.0394926071167	51.46273422241211
3.9536755084991455	40.5323600769043
-5.0279669761657715	54.295597076416016
0.5671684741973877	51.830482482910156
-4.709164619445801	42.22772979736328
-5.648805141448975	46.677982330322266
-5.766191005706787	53.088130950927734
-10.144067764282227	56.80375671386719
-12.360655784606934	54.942970275878906
-2.916198492050171	49.558048248291016
-0.19864724576473236	40.63411331176758
-8.792490005493164	52.682212829589844
-3.3604438304901123	44.222862243652344
1.6861565113067627	49.080482482910156
-15.246408462524414	52.3351936340332
1.47865891456604	44.405052185058594
-5.545922756195068	47.6776123046875
0.3392155170440674	43.188419342041016
-0.8739078044891357	50.13176727294922
3.4556829929351807	41.100433349609375
5.2216362953186035	40.299720764160156
-13.84327220916748	48.8682975769043
7.614279747009277	40.69187545776367
-12.826117515563965	48.0620002746582
-11.290851593017578	49.54437255859375
-15.32400894165039	49.942501068115234
-0.21771596372127533	45.14558029174805
-7.39623498916626	54.32664108276367
-2.204582929611206	51.58098602294922
-8.509263038635254	51.26451110839844
3.2056877613067627	45.32829284667969
-11.937984466552734	54.889427185058594
-5.613485813140869	52.78084945678711
1.7260611057281494	49.41796875
-3.2740180492401123	43.94725036621094
-4.923462390899658	51.49634552001953
4.748183727264404	40.81489181518555
-4.626960277557373	48.34895324707031
-0.5416877269744873	52.14628601074219
-12.017449378967285	53.50944137573242
1.3030083179473877	48.47393798828125
-14.182547569274902	49.099552154541016
-15.506791114807129	52.30166244506836
-9.357073783874512	55.3929443359375
-8.048224449157715	54.44074249267578
-10.901307106018066	57.01578140258789
5.865994930267334	40.301246643066406
-12.734404563903809	51.08430099487305
-15.073898315429688	51.84958267211914
-10.057766914367676	52.230411529541016
-5.49502420425415	44.13847732543945
-15.176558494567871	51.727291107177734
-8.230695724487305	56.960205078125
-16.121191024780273	50.98812484741211
1.7896597385406494	39.8553352355957
-6.565457820892334	46.673770904541016
0.5627739429473877	49.58149337768555
-11.579776763916016	51.931339263916016
-15.298487663269043	51.91911697387695
-3.3689210414886475	48.43775939941406
-0.19837068021297455	49.52845764160156
-10.158418655395508	51.60581970214844
4.186072826385498	40.209197998046875
-14.985573768615723	51.07686233520508
3.976926565170288	39.68971252441406
-7.043609142303467	55.509395599365234
-8.012685775756836	50.0648078918457
-7.1272873878479	48.427608489990234
-15.276079177856445	50.604740142822266
-9.189542770385742	49.83522415161133
-5.776112079620361	54.51857376098633
-15.383230209350586	52.13678741455078
-10.119950294494629	55.611289978027344
2.5056869983673096	41.12028121948242
-8.94161319732666	53.46913146972656
1.2356140613555908	48.51105499267578
-11.901915550231934	53.18106460571289
-8.183526039123535	49.733863830566406
0.1486971527338028	45.947357177734375
-6.3565239906311035	46.77396774291992
-15.900834083557129	49.759010314941406
2.3726160526275635	46.69717025756836
-3.26261305809021	46.75303268432617
-8.260209083557129	50.0085334777832
-8.078861236572266	53.36919021606445
0.39847683906555176	52.33056640625
-0.10891030728816986	44.090946197509766
0.775763750076294	43.040287017822266
-6.659188747406006	50.42534637451172
-11.20918083190918	50.909366607666016
-14.933987617492676	51.35163879394531
-4.160518169403076	45.31105422973633
-5.0365986824035645	42.62724304199219
2.9664671421051025	44.21176528930664
-8.998526573181152	49.94139862060547
1.4610111713409424	40.52302932739258
-14.3848295211792	50.18278884887695
-16.71329689025879	50.5370979309082
1.375307321548462	43.438148498535156
-0.3246324062347412	51.73556137084961
-13.393707275390625	53.373680114746094
-5.691531658172607	52.11909866333008
4.73409366607666	42.43686294555664
-5.484277248382568	44.58892059326172
3.82936692237854	41.91379165649414
-11.586798667907715	48.70680236816406
-1.2144362926483154	42.714813232421875
2.0936872959136963	43.47915267944336
-11.797247886657715	57.677833557128906
-5.155384540557861	42.76503372192383
6.533195495605469	43.122459411621094
-9.633201599121094	51.964866638183594
-7.868435382843018	49.32344055175781
-8.412393569946289	56.451602935791016
-8.21345329284668	57.15845489501953
4.032238483428955	47.742469787597656
-2.7605769634246826	42.80105972290039
-6.843905925750732	53.89824676513672
-9.864185333251953	55.73795700073242
-0.5268905162811279	52.446563720703125
-3.04355788230896	42.454463958740234
-4.3947367668151855	42.882266998291016
3.6023218631744385	42.5753059387207
-1.3560130596160889	45.6617317199707
-4.160991191864014	53.47370910644531
-16.122343063354492	51.42089080810547
-8.470186233520508	48.77259826660156
-11.403068542480469	56.80231475830078
6.492806434631348	40.54084014892578
-15.455976486206055	51.74196243286133
-0.5664536952972412	51.92081832885742
-5.814321041107178	55.67862319946289
-6.441296100616455	55.66359329223633
4.134476184844971	39.7700309753418
-9.466227531433105	49.292789459228516
-6.0037126541137695	45.6508674621582
-2.0525310039520264	43.22611618041992
-7.468635082244873	55.57152557373047
-13.18270492553711	55.949100494384766
-15.52439022064209	51.358497619628906
-3.2814033031463623	52.881126403808594
-13.093546867370605	48.057308197021484
-5.4737772941589355	55.12755584716797
-0.781172513961792	46.27119827270508
-9.118258476257324	50.16735076904297
6.266419887542725	42.942142486572266
2.3364622592926025	50.15481185913086
-10.104206085205078	51.83283996582031
-4.468931674957275	52.81818771362305
-10.425329208374023	51.32805252075195
4.910667896270752	42.326908111572266
-12.275181770324707	57.463985443115234
-2.060898542404175	49.598594665527344
-14.8687105178833	51.50751876831055
-3.4737374782562256	51.37727737426758
-5.563936710357666	53.470882415771484
1.05220627784729	45.74549865722656
-0.6568858623504639	47.06569290161133
6.464376449584961	39.05834197998047
-1.841632604598999	44.745887756347656
-8.588003158569336	48.37678146362305
-7.9554123878479	55.56364440917969
-5.938313007354736	55.39262008666992
-12.529247283935547	55.6741828918457
-11.667935371398926	49.958927154541016
-6.3514580726623535	55.18164825439453
-6.918941020965576	55.801021575927734
-8.154297828674316	49.40496063232422
-6.592799663543701	46.520790100097656
-4.040859699249268	52.767913818359375
-3.840667963027954	42.491119384765625
-14.359384536743164	49.35778045654297
-16.012174606323242	49.73512268066406
-9.38718032836914	55.25577163696289
-0.527510404586792	47.17570877075195
-6.279177188873291	54.48080062866211
2.1755917072296143	50.806461334228516
-5.897348880767822	54.60818862915039
2.2625839710235596	39.290409088134766
5.596027851104736	38.29988479614258
-1.2157304286956787	48.65625
-8.704265594482422	56.333316802978516
3.235168218612671	38.747135162353516
2.9752180576324463	40.949119567871094
0.7079613208770752	50.670047760009766
-15.898978233337402	50.73749923706055
0.32801079750061035	43.90700912475586
-5.300881862640381	54.307273864746094
-8.144368171691895	56.421756744384766
-4.666647434234619	46.54007339477539
-4.57403039932251	52.080726623535156
-12.069316864013672	48.80629348754883
-3.8363215923309326	42.1944694519043
-8.285974502563477	57.3460578918457
-1.1392686367034912	50.040794372558594
-7.18456506729126	55.83394241333008
-10.826922416687012	51.77891540527344
-14.372337341308594	51.19977569580078
-7.83518648147583	56.64255142211914
-6.028319835662842	49.80548095703125
-11.683232307434082	52.81654357910156
-4.934253215789795	45.930965423583984
-12.670282363891602	47.770721435546875
-9.864323616027832	50.622779846191406
-13.747817993164062	48.3022346496582
-15.091629028320312	50.8071403503418
-12.356331825256348	48.413211822509766
-5.956186771392822	52.461326599121094
-10.961519241333008	56.56718444824219
-6.098339557647705	44.37149429321289
3.85524582862854	45.79088592529297
-10.756409645080566	52.21279525756836
2.7195723056793213	48.60179901123047
-2.3262202739715576	44.80325698852539
-6.773829936981201	49.2423210144043
-9.049466133117676	54.55412673950195
-15.831358909606934	50.43109130859375
4.121993541717529	39.4637336730957
-11.247140884399414	55.590003967285156
-4.661888122558594	42.30277633666992
-15.3259916305542	50.226810455322266
-14.777458190917969	52.322391510009766
5.407254695892334	41.43199157714844
-15.009379386901855	51.72647476196289
-1.0164563655853271	45.04441452026367
-12.307373046875	53.38827133178711
-14.4181489944458	50.01838684082031
-8.937429428100586	54.9305305480957
-6.304689884185791	55.28805923461914
-14.181282043457031	52.874610900878906
-5.130664825439453	46.56241226196289
-1.3396880626678467	42.87898254394531
-5.29729700088501	42.75136947631836
-11.9697904586792	56.49705505371094
-5.191810607910156	44.65865707397461
-14.812768936157227	49.90761947631836
4.663650989532471	40.4151725769043
-6.244572162628174	46.268001556396484
-10.230676651000977	54.41615295410156
-9.765028953552246	57.42173385620117
-2.489128828048706	52.73281478881836
-5.738574504852295	47.59092330932617
-12.22022533416748	54.42461013793945
-8.239876747131348	50.99983596801758
-10.996952056884766	55.83383560180664
3.735718011856079	46.9500732421875
5.038139820098877	42.30461502075195
1.645331621170044	41.567989349365234
-6.845071315765381	56.52046203613281
-11.03895378112793	53.37905502319336
-5.073981761932373	45.00843048095703
-2.1936824321746826	52.35954666137695
-5.6286139488220215	47.398033142089844
-3.6260859966278076	52.48120880126953
-6.51865816116333	51.28180694580078
-10.698613166809082	55.80143356323242
-3.488420248031616	51.00893783569336
-10.993651390075684	57.60255432128906
0.3602488040924072	43.19706726074219
-12.731649398803711	57.21285629272461
-6.356222629547119	50.446754455566406
5.578336715698242	40.63998031616211
0.855698823928833	44.261146545410156
4.9171342849731445	41.44108200073242
-7.876502513885498	49.451297760009766
-10.385114669799805	56.57382583618164
4.403309345245361	40.94329833984375
-5.428955078125	42.728790283203125
-8.328251838684082	55.628238677978516
-0.927570104598999	41.7285270690918
-6.297811508178711	45.90041732788086
-2.8684604167938232	50.68442153930664
-7.216187000274658	55.86558151245117
4.656938076019287	45.09483337402344
-9.347063064575195	55.85385513305664
-1.829857587814331	50.55887985229492
-5.770236492156982	42.973148345947266
-9.542220115661621	57.13869094848633
-5.918275356292725	45.51932144165039
-1.916741132736206	41.42532730102539
-0.2534911632537842	51.92891311645508
-15.360600471496582	51.353275299072266
2.549879312515259	44.340938568115234
-3.0045182704925537	44.411293029785156
-11.71263599395752	56.56038284301758
-9.167974472045898	54.583984375
-0.32314181327819824	45.52098846435547
2.5386154651641846	46.60744857788086
-10.076571464538574	57.2118034362793
-4.867283344268799	46.911041259765625
-1.1021363735198975	47.67950439453125
-1.1982448101043701	51.12397766113281
-3.9428040981292725	51.85917663574219
-6.242969989776611	53.57341003417969
-8.16601848602295	55.91340255737305
-8.50876235961914	56.428340911865234
-5.161506175994873	54.089054107666016
-4.749162197113037	50.499202728271484
-15.853781700134277	50.97705078125
-9.547846794128418	55.24030303955078
-9.363296508789062	50.88862609863281
-5.598537921905518	50.3117561340332
-10.698665618896484	54.17218780517578
1.479809045791626	46.47137451171875
2.6463634967803955	40.331024169921875
-0.15599893033504486	51.01878356933594
1.5123064517974854	47.40910720825195
-4.897615909576416	44.08000946044922
1.123194932937622	50.62470245361328
-4.583369255065918	44.316219329833984
-12.48048210144043	48.291656494140625
-7.249844074249268	54.60165023803711
-9.20824146270752	52.79058074951172
-6.0198774337768555	44.724822998046875
-8.775918006896973	53.89894485473633
-0.5235488414764404	44.21708297729492
-9.379318237304688	50.38711929321289
-0.38626933097839355	45.54119873046875
-10.064550399780273	51.911739349365234
-4.930577754974365	53.81785583496094
5.924015522003174	41.428096771240234
-7.334860324859619	50.36640930175781
2.734384775161743	43.08929443359375
3.5633575916290283	44.443973541259766
-8.235692024230957	55.74519729614258
-3.7794597148895264	51.17146682739258
-5.13753080368042	48.61366271972656
-6.6693339347839355	47.45458221435547
-6.100121974945068	55.18682098388672
-9.801467895507812	51.42398452758789
-4.81866979598999	53.39500045776367
-5.034810543060303	50.95563507080078
0.8530991077423096	47.3759880065918
0.2844698429107666	47.0302848815918
-4.353997707366943	52.902278900146484
-15.824851036071777	49.18706130981445
-6.55697774887085	50.732784271240234
-3.176503896713257	49.162330627441406
-1.7807376384735107	43.34612274169922
2.976994752883911	46.76044464111328
-3.3088719844818115	52.015655517578125
-6.289317607879639	54.83999252319336
5.681732654571533	40.4312629699707
-2.7606770992279053	51.97884750366211
-3.1990573406219482	44.43034744262695
-10.515995979309082	57.256683349609375
-10.179368019104004	54.25679397583008
2.866701364517212	46.74983215332031
-9.238478660583496	55.849365234375
0.8082983493804932	50.53089141845703
2.1998350620269775	41.813541412353516
-11.89922046661377	52.523929595947266
1.0550940036773682	43.266944885253906
1.3112080097198486	45.736385345458984
0.4248507022857666	50.32746505737305
-2.3779780864715576	50.282161712646484
6.317934989929199	41.91221618652344
4.232387065887451	40.576385498046875
-1.0640923976898193	43.38284683227539
-9.963183403015137	54.75509262084961
-10.221332550048828	51.28449630737305
5.460275173187256	41.87392044067383
3.34334397315979	42.654422760009766
-5.3015923500061035	52.05171203613281
-13.043758392333984	48.29135513305664
-0.01065133512020111	47.052738189697266
-5.745457649230957	43.257362365722656
-10.413725852966309	56.195919036865234
4.983646392822266	43.044761657714844
-11.358963966369629	53.9514045715332
-14.553206443786621	49.501461029052734
-8.657551765441895	51.523807525634766
-3.679168462753296	42.01117706298828
-5.542746543884277	46.16386032104492
-11.599464416503906	53.471221923828125
-6.309725284576416	49.47425842285156
2.085150957107544	42.968509674072266
-2.322833776473999	44.26311111450195
-10.000204086303711	54.91508483886719
-5.875606060028076	54.014766693115234
-9.87408447265625	57.34257125854492
2.514509439468384	40.95275115966797
-10.87139892578125	57.462310791015625
4.519779682159424	44.61481857299805
-11.276053428649902	51.755821228027344
-14.531729698181152	51.69482421875
-1.4418532848358154	47.451629638671875
0.32430291175842285	44.708011627197266
-15.435221672058105	50.42100143432617
-10.328060150146484	52.33195877075195
-2.196305990219116	52.43604278564453
-6.057492733001709	47.1136589050293
-15.497719764709473	49.41685104370117
-9.270100593566895	48.49176788330078
-5.071844577789307	43.04899597167969
-0.21224664151668549	49.51002883911133
-0.5023210048675537	45.95214080810547
-5.957543849945068	53.849334716796875
-12.894537925720215	54.59695816040039
6.599298477172852	42.042259216308594
-1.7786433696746826	52.469757080078125
3.6680471897125244	44.162559509277344
-8.079140663146973	53.95499801635742
-3.355147123336792	52.76392364501953
-2.640986204147339	51.00035095214844
-10.968124389648438	52.179264068603516
-4.627938747406006	45.42145919799805
-13.974329948425293	49.17537307739258
-1.9432342052459717	46.9504280090332
-16.19430923461914	51.11161422729492
-8.280948638916016	56.591278076171875
-3.1009175777435303	44.76837921142578
-0.8524768352508545	44.04746627807617
1.6157886981964111	51.846466064453125
-8.165995597839355	50.312557220458984
-3.3494069576263428	52.14816665649414
-11.678702354431152	55.94941711425781
-14.731050491333008	53.16130447387695
-12.419088363647461	54.634986877441406
-8.223073959350586	49.26918411254883
-1.4708850383758545	48.84067916870117
-15.6668701171875	52.03253173828125
3.6369307041168213	46.651363372802734
-6.469237804412842	51.75340270996094
-4.124904155731201	53.957027435302734
-4.13347053527832	44.77602005004883
-11.208560943603516	53.34628677368164
-10.533547401428223	57.53236770629883
-10.936982154846191	56.243675231933594
-9.237068176269531	57.73487091064453
-10.493003845214844	51.891136169433594
-10.533100128173828	53.04595947265625
-6.3121209144592285	53.72798156738281
-12.679859161376953	49.77425003051758
-3.8736789226531982	48.5163688659668
1.06081223487854	44.0909538269043
-11.861565589904785	49.43278884887695
-10.57695198059082	52.55194091796875
0.4183170795440674	42.53310012817383
-10.870346069335938	54.725013732910156
-8.966109275817871	55.734718322753906
-12.856131553649902	49.73468017578125
-12.369583129882812	56.586116790771484
1.0404770374298096	50.43968200683594
-5.525365352630615	49.53416442871094
-9.158927917480469	50.694515228271484
-3.742302656173706	52.356868743896484
-4.254161357879639	52.18360900878906
-8.274673461914062	53.90061569213867
-2.0005977153778076	49.11972427368164
-11.780111312866211	55.562015533447266
-9.188213348388672	53.53766632080078
-13.771772384643555	49.386871337890625
-9.63748836517334	50.92060089111328
3.6982691287994385	46.70640563964844
-15.69762134552002	51.2664909362793
-9.36759090423584	50.48929214477539
-4.802369594573975	44.8613166809082
-13.462307929992676	48.73896789550781
-6.515980243682861	51.34820556640625
-16.169218063354492	51.22298812866211
-13.918710708618164	54.01536178588867
-3.972130537033081	46.5422248840332
-8.117181777954102	54.58546829223633
-14.109392166137695	50.68763732910156
-4.081116199493408	52.210697174072266
-12.092087745666504	49.16216278076172
0.3052332401275635	50.7962532043457
4.611445426940918	41.29346466064453
-8.285667419433594	57.05275344848633
-3.3027846813201904	48.52655029296875
-3.7732980251312256	52.69924545288086
-0.09167931973934174	42.69411849975586
3.9235661029815674	42.47528839111328
-10.663036346435547	56.80972671508789
-1.6910483837127686	43.96177291870117
-0.5502917766571045	51.67414474487305
-5.998269557952881	49.25688552856445
-6.6862359046936035	47.31229782104492
-12.251803398132324	55.37395095825195
-5.856260776519775	53.94428253173828
-9.050978660583496	51.726837158203125
-3.67622447013855	52.233943939208984
-7.909554958343506	48.98674774169922
-16.45303726196289	51.26567459106445
3.394435167312622	42.02177047729492
5.606258392333984	41.486244201660156
1.8646166324615479	41.97834777832031
-8.206974983215332	56.81004333496094
3.9461519718170166	45.9242057800293
-2.4949071407318115	52.726192474365234
-14.481073379516602	52.708614349365234
-14.70856761932373	51.99251937866211
4.109603404998779	43.8488655090332
-14.519209861755371	50.72462463378906
-12.64297866821289	51.962284088134766
-15.221693992614746	50.32260513305664
-8.771829605102539	52.560054779052734
0.04939962923526764	51.46701431274414
2.619525194168091	40.36714553833008
0.8092033863067627	45.23321533203125
3.8985483646392822	43.81496047973633
2.035562753677368	47.09809494018555
-6.080013751983643	44.5736083984375
-7.2629008293151855	47.791053771972656
-3.2721030712127686	50.895999908447266
-4.812857151031494	54.26070022583008
-12.865677833557129	49.22628402709961
-5.122010707855225	54.29124069213867
-12.600584983825684	55.17566680908203
-8.121548652648926	49.705989837646484
-8.299287796020508	53.462100982666016
-10.034880638122559	57.21133804321289
-11.475159645080566	53.19086837768555
-5.841201305389404	50.0188102722168
-13.27929401397705	48.92001724243164
-15.414690017700195	49.78326416015625
4.883390426635742	41.27080154418945
-3.028771162033081	43.727935791015625
0.8953373432159424	50.60391616821289
1.4199888706207275	43.834320068359375
-12.14396858215332	55.72032165527344
-13.084627151489258	54.71304702758789
-10.846026420593262	58.13142013549805
-14.333410263061523	49.984867095947266
-6.165674686431885	46.25521469116211
-9.508245468139648	54.39161682128906
-5.898595333099365	52.83488082885742
-4.751955986022949	42.49550247192383
-5.258224010467529	48.78398513793945
1.4317009449005127	40.38425064086914
-15.742523193359375	50.765411376953125
-1.779205083847046	48.149845123291016
-2.1106088161468506	51.7250862121582
-5.969295978546143	45.689964294433594
-3.9587514400482178	49.35447692871094
-1.1087653636932373	51.98334884643555
3.3859846591949463	46.16238784790039
-7.313962459564209	55.52890396118164
5.947020053863525	42.74776840209961
-5.014428615570068	49.264991760253906
1.8916723728179932	50.80071258544922
4.123920917510986	44.17900085449219
-8.82901382446289	52.633018493652344
-4.01874303817749	48.31729507446289
5.524692535400391	38.982452392578125
-3.5727994441986084	51.9400520324707
-10.196171760559082	56.71445083618164
-5.467637538909912	49.867225646972656
-11.81893253326416	57.220767974853516
2.612743616104126	41.802555084228516
-3.495457410812378	46.56863021850586
-11.30309009552002	55.536041259765625
-6.296252727508545	48.969547271728516
-12.706838607788086	48.178279876708984
-0.6952874660491943	47.687984466552734
-8.901605606079102	48.56936264038086
-2.9897267818450928	48.9531135559082
-0.5862185955047607	40.7811164855957
-12.037073135375977	50.477928161621094
-14.722017288208008	50.76663589477539
-5.6327290534973145	53.88278579711914
2.2002909183502197	44.59222412109375
-7.309689998626709	55.198875427246094
-7.835591793060303	56.00233459472656
4.627702713012695	43.90657043457031
2.908290147781372	45.438114166259766
-11.885306358337402	53.671630859375
-6.736879825592041	55.04633331298828
-3.798419713973999	51.852664947509766
2.363250970840454	50.69610595703125
-14.695724487304688	49.9467887878418
2.026639223098755	41.698753356933594
-5.487504482269287	54.059593200683594
-11.091948509216309	48.53193283081055
6.147720813751221	41.34434127807617
-8.920231819152832	50.28299331665039
-14.60068416595459	48.47967529296875
-6.28316068649292	51.68018341064453
-4.838183879852295	53.51651382446289
-11.699305534362793	53.240867614746094
-11.71878433227539	55.40876007080078
-10.96456241607666	56.84676742553711
-5.69527530670166	44.8278694152832
2.7691853046417236	47.80325698852539
-7.487062931060791	55.2858772277832
5.218297481536865	46.630393981933594
-0.6117208003997803	50.76858139038086
-4.527893543243408	47.051918029785156
-12.978200912475586	49.3176155090332
-3.84814715385437	53.281925201416016
-4.657742977142334	53.009613037109375
-15.015344619750977	52.03324508666992
-15.589460372924805	51.77180480957031
-1.6032054424285889	48.188228607177734
1.4896767139434814	47.96083450317383
2.373889207839966	45.80893325805664
-4.646920680999756	43.66232681274414
-12.545624732971191	55.53759765625
-10.460306167602539	57.10319137573242
-3.691263437271118	41.743309020996094
-4.280930995941162	49.955570220947266
-12.565909385681152	48.753822326660156
-16.400747299194336	50.47075271606445
2.9138481616973877	45.61648941040039
-14.989407539367676	49.66291427612305
2.195369005203247	43.145355224609375
-5.307788848876953	42.95940399169922
-7.220998287200928	48.87502670288086
-9.758504867553711	52.55234909057617
-12.452652931213379	57.082454681396484
-9.887840270996094	57.683284759521484
-11.02968978881836	51.60066223144531
-3.01468825340271	51.7631950378418
-0.3022124767303467	44.859554290771484
-5.74768590927124	51.031654357910156
-12.264022827148438	56.83258819580078
-12.990920066833496	54.13228988647461
-7.4997782707214355	52.4588737487793
-4.52024507522583	49.160499572753906
-5.965080261230469	43.00722885131836
4.7183661460876465	39.16876220703125
-15.310750007629395	50.32329559326172
1.0374605655670166	43.580528259277344
4.664245128631592	42.608890533447266
0.09066702425479889	49.89435577392578
-14.178412437438965	49.90688705444336
-9.599352836608887	55.80641174316406
-15.5786714553833	51.52699279785156
-11.296574592590332	56.42890548706055
-9.87891960144043	53.85102462768555
-7.351074695587158	48.69178771972656
-12.306231498718262	48.52799606323242
-5.618558406829834	45.108455657958984
-6.0314106941223145	43.89939498901367
-7.8731513023376465	54.74443435668945
-8.151891708374023	53.146575927734375
-9.97801685333252	57.89387130737305
-3.9935262203216553	52.49413299560547
-3.9955012798309326	48.26793670654297
4.487313747406006	40.680973052978516
-0.14983056485652924	43.722389221191406
-4.417689800262451	54.161354064941406
-1.1159675121307373	44.17489242553711
-6.566896438598633	45.94558334350586
-14.824556350708008	52.07273483276367
-11.251256942749023	56.578678131103516
-14.968196868896484	49.7043342590332
-5.1994805335998535	42.58744430541992
-14.20251178741455	49.378807067871094
-6.625025272369385	48.6576042175293
-16.134349822998047	50.493412017822266
-5.837224960327148	46.466243743896484
-4.4921956062316895	50.396583557128906
-15.212961196899414	52.09809494018555
3.988046884536743	46.695945739746094
6.482381343841553	40.23359298706055
0.7329657077789307	45.48287582397461
-5.33634090423584	44.64302444458008
-5.432108402252197	48.34331512451172
5.086270809173584	40.290584564208984
-14.179542541503906	49.254093170166016
-5.083547592163086	43.14319610595703
-8.172489166259766	49.849449157714844
-5.655012607574463	48.37076187133789
-3.5423362255096436	53.02023696899414
-8.554472923278809	50.60504150390625
0.989309549331665	50.97038269042969
-10.835966110229492	54.44782638549805
-6.960831165313721	48.38475799560547
-2.9088504314422607	52.03068923950195
-12.292346000671387	56.17936325073242
-0.99405837059021	51.728065490722656
4.278604030609131	41.256446838378906
-16.229520797729492	50.49485397338867
-4.281808376312256	53.36094665527344
-2.0121371746063232	52.5299186706543
0.3381683826446533	45.32027053833008
-8.32934856414795	56.563743591308594
-6.58314847946167	55.44679260253906
1.51058030128479	51.26858901977539
-13.632689476013184	50.583595275878906
1.6391918659210205	44.462764739990234
-6.724193096160889	55.10811233520508
-13.027854919433594	51.60250473022461
-10.226394653320312	54.821014404296875
-5.616023540496826	45.05836486816406
-4.82217264175415	53.63419723510742
-6.836985111236572	47.0969352722168
-16.14410972595215	50.652896881103516
-11.853564262390137	56.25404739379883
-16.218568801879883	50.66030502319336
-14.035591125488281	49.59708786010742
-3.0244367122650146	49.06013488769531
2.753469705581665	47.87251281738281
5.14534330368042	45.77534484863281
-11.614507675170898	55.489437103271484
-8.711519241333008	55.90843963623047
4.6383562088012695	43.18794631958008
-6.649211406707764	46.954368591308594
3.6315500736236572	42.039710998535156
-5.870370388031006	48.62846755981445
-11.641008377075195	53.11784744262695
2.0927069187164307	50.16773986816406
-13.284012794494629	49.55934143066406
-2.7278687953948975	47.848751068115234
-5.947576999664307	45.580326080322266
-16.269147872924805	50.586063385009766
-6.025508403778076	51.54095458984375
-3.574883222579956	52.663394927978516
1.692267656326294	46.47198486328125
-14.815614700317383	52.44339370727539
-8.832900047302246	50.59075927734375
-6.3263983726501465	54.424556732177734
-4.112656116485596	50.26498794555664
0.32941174507141113	48.47625732421875
-9.946817398071289	49.16809844970703
-5.344228267669678	53.82244110107422
1.087378740310669	52.13010787963867
-13.163836479187012	54.329017639160156
-1.022139310836792	43.01529312133789
-7.654377460479736	49.38628005981445
1.7366936206817627	46.246463775634766
-12.312091827392578	48.96619415283203
2.452054262161255	49.4066162109375
-15.281474113464355	51.65404510498047
-2.222799062728882	51.94662857055664
-5.95813512802124	55.370941162109375
1.1453545093536377	41.88384246826172
-4.812493801116943	51.27950668334961
-11.611973762512207	49.343292236328125
4.018372058868408	42.6275634765625
6.323333263397217	40.61102294921875
4.375674247741699	40.88638687133789
1.585486650466919	42.268863677978516
-5.202627658843994	53.12295913696289
3.682157278060913	38.285404205322266
6.516278266906738	39.468814849853516
-3.732795476913452	47.2655029296875
4.148525714874268	41.97896194458008
-3.0617616176605225	51.947425842285156
-12.70367431640625	48.945045471191406
-6.632558345794678	48.42989730834961
2.1580116748809814	42.4890251159668
-12.373610496520996	52.358646392822266
-7.219131946563721	54.626949310302734
-10.985918998718262	49.49348831176758
-11.167724609375	58.03782272338867
-6.796258449554443	54.31059646606445
-10.392352104187012	51.61872863769531
-5.109932899475098	46.20930862426758
-14.11276626586914	53.3123664855957
-10.869759559631348	56.780059814453125
-8.802266120910645	51.29348373413086
4.330448627471924	43.157657623291016
1.4150755405426025	50.725257873535156
-2.951099157333374	51.760284423828125
-14.20067310333252	49.547061920166016
1.79121994972229	45.95412826538086
-15.023663520812988	51.681251525878906
-4.763283729553223	42.467552185058594
3.5560009479522705	46.967742919921875
-4.380581378936768	46.10291290283203
-12.870386123657227	55.34428024291992
-9.379382133483887	56.197200775146484
-10.104378700256348	53.29500198364258
-9.516550064086914	50.999755859375
-6.031712532043457	45.00163650512695
-9.608259201049805	48.48383712768555
3.5715115070343018	41.85090255737305
-7.269805431365967	55.41537094116211
-10.211979866027832	56.644798278808594
-10.941401481628418	56.71122741699219
-2.6557013988494873	50.56245040893555
1.5190517902374268	42.77178192138672
1.402217149734497	51.66897964477539
-2.9321906566619873	44.02256774902344
-13.50613784790039	48.218990325927734
2.714411973953247	43.611793518066406
-16.010231018066406	51.58905792236328
4.785662651062012	38.17876052856445
-12.364547729492188	56.59782791137695
-5.707478046417236	54.46743392944336
-14.341836929321289	48.08282470703125
2.6506283283233643	39.04843521118164
-11.478044509887695	57.35810470581055
-5.817004680633545	54.822757720947266
-6.4753031730651855	46.43079376220703
-7.727169513702393	56.09502029418945
-14.811532020568848	50.67693328857422
-8.615915298461914	49.34183120727539
-11.63037109375	55.78806686401367
3.1833155155181885	41.22452926635742
-7.406510829925537	55.817020416259766
1.7630980014801025	46.08906555175781
-6.9593939781188965	54.95646667480469
-8.248577117919922	56.75050735473633
-8.109692573547363	55.589683532714844
-14.2600679397583	49.390174865722656
-0.11651109158992767	44.623348236083984
-7.226585865020752	52.56577682495117
-10.083331108093262	55.76987838745117
3.909886598587036	48.26102828979492
-11.14870834350586	54.82512283325195
-11.503301620483398	47.744712829589844
-6.919654369354248	54.08491134643555
-2.8526065349578857	49.52669906616211
-9.23238754272461	53.9146614074707
-11.183048248291016	53.62290573120117
-3.911707639694214	52.59298324584961
-0.40901637077331543	50.53437805175781
1.1759130954742432	42.89570236206055
-10.795161247253418	56.52695083618164
-14.138163566589355	49.292755126953125
-12.74107837677002	56.76054000854492
-4.23799467086792	45.26909255981445
-9.509840965270996	56.75458908081055
-15.25115966796875	49.45489501953125
3.8366777896881104	45.79893112182617
0.49111008644104004	51.7487678527832
-14.873777389526367	49.83842086791992
-8.572844505310059	54.347511291503906
-15.230332374572754	51.45023727416992
-4.727513313293457	43.15767288208008
2.0323374271392822	45.01726150512695
-3.5559661388397217	41.598365783691406
-14.718114852905273	50.09971237182617
-4.241426467895508	42.28030014038086
-6.727717876434326	49.96757888793945
-14.825724601745605	51.883766174316406
-12.71102523803711	48.17817687988281
6.327170372009277	41.3739128112793
-9.7166166305542	57.33357238769531
-8.24670124053955	44.087799072265625
-10.654574394226074	56.2322998046875
0.5619442462921143	49.73998260498047
-7.954470157623291	57.1099739074707
-5.663148403167725	42.897212982177734
-6.571909427642822	54.89329147338867
-6.832722187042236	53.409385681152344
-6.207705020904541	54.46576690673828
6.041275978088379	42.70480728149414
1.1026031970977783	47.1275634765625
-4.113009929656982	45.391414642333984
4.658296585083008	40.95540237426758
-11.877020835876465	56.92271423339844
-14.736672401428223	48.86721420288086
-11.925250053405762	50.95008087158203
-13.10301685333252	54.46514129638672
-0.2705647945404053	42.86225891113281
-4.801331043243408	42.34184265136719
-8.184821128845215	54.45222854614258
