1
0.451315701007843	0.5128023624420166
0.5320117473602295	0.6267039179801941
0.47171449661254883	0.5469925403594971
0.44959205389022827	0.5196126103401184
0.48501402139663696	0.5631757974624634
0.47522759437561035	0.5471066832542419
0.29141199588775635	0.31525322794914246
0.5818440318107605	0.6976109147071838
0.25834059715270996	0.27273285388946533
0.47061651945114136	0.5398350358009338
0.3146136403083801	0.3432183861732483
0.4944832921028137	0.5756761431694031
0.3644031286239624	0.40582525730133057
0.48787355422973633	0.5642952919006348
0.2544182538986206	0.26898089051246643
0.44928377866744995	0.5230549573898315
0.20575086772441864	0.20727182924747467
0.6350485682487488	0.7750842571258545
0.6344837546348572	0.7750772833824158
0.4992215633392334	0.5798929333686829
0.46890944242477417	0.53565913438797
0.52308589220047	0.6180306673049927
0.36391013860702515	0.4059258699417114
0.4773837924003601	0.5547986030578613
0.4682543873786926	0.5435215830802917
0.5102406740188599	0.5970124006271362
0.5792459845542908	0.6966782808303833
0.4321519732475281	0.49215561151504517
0.7010133862495422	0.8700667023658752
0.4553285241127014	0.5260770320892334
0.5015493035316467	0.5854102969169617
0.3090124726295471	0.33502230048179626
0.46074843406677246	0.527760922908783
0.4581008553504944	0.5237749814987183
0.7074040770530701	0.8801388740539551
0.4541231393814087	0.5196561813354492
0.5028445720672607	0.5849891304969788
0.4841863512992859	0.5599872469902039
0.5640783905982971	0.6750426292419434
0.48614388704299927	0.5677939653396606
0.4767943024635315	0.5503490567207336
0.49109160900115967	0.5706067681312561
0.47425806522369385	0.5492803454399109
0.47705787420272827	0.5524367094039917
0.49236541986465454	0.5717414021492004
0.4147742986679077	0.46871882677078247
0.474495530128479	0.552600622177124
0.47143805027008057	0.54296875
0.29257410764694214	0.31614428758621216
0.27142876386642456	0.2891826331615448
0.26320940256118774	0.2798854112625122
0.5425546169281006	0.6431620717048645
0.6465286016464233	0.7946653962135315
0.5211189389228821	0.6173720359802246
0.7616131901741028	0.955043375492096
0.5029956102371216	0.5880928039550781
0.7326884865760803	0.9141186475753784
0.3198056221008301	0.3495658040046692
0.6812893748283386	0.842807412147522
0.7074839472770691	0.8759385943412781
0.509148895740509	0.5986456274986267
0.5365747809410095	0.6353517770767212
0.4412893056869507	0.5029631853103638
0.6878001689910889	0.851198136806488
0.6042896509170532	0.7311877608299255
0.6466257572174072	0.7910631895065308
0.3350018858909607	0.36934199929237366
0.46193182468414307	0.5349709987640381
0.2959721088409424	0.32018783688545227
0.6352514624595642	0.7766438126564026
0.6248781085014343	0.7594886422157288
0.5575143694877625	0.6639755368232727
0.4692002534866333	0.5468187928199768
0.4123879671096802	0.4652155935764313
0.23791345953941345	0.2480129599571228
0.6243948340415955	0.7597184777259827
0.713233470916748	0.8876205086708069
0.779957115650177	0.9791377186775208
0.5567232370376587	0.6613999605178833
0.47602707147598267	0.5496770739555359
0.4366186261177063	0.49454280734062195
0.6751694083213806	0.8332535624504089
0.1625971645116806	0.1536150425672531
0.4861621856689453	0.5630133748054504
0.4937451481819153	0.5740654468536377
0.47994464635849	0.5563033223152161
0.43739092350006104	0.5066184401512146
0.4748924970626831	0.5466675162315369
0.3350236415863037	0.36857083439826965
0.4375472664833069	0.5033039450645447
0.5563413500785828	0.6623075604438782
0.49688804149627686	0.5819478631019592
0.6732790470123291	0.8317778706550598
0.44500529766082764	0.5046866536140442
0.4320170283317566	0.4890047311782837
0.4715278744697571	0.5395832657814026
0.4530293345451355	0.5169610381126404
0.6256856322288513	0.7626938223838806
0.6732767224311829	0.8305597901344299
0.4856571555137634	0.5663647055625916
0.5001899003982544	0.5837833285331726
0.479269802570343	0.5554600358009338
0.527043342590332	0.6215780973434448
0.6463811993598938	0.7912276983261108
0.34946775436401367	0.3872523307800293
0.4728999137878418	0.5431027412414551
0.4868943691253662	0.5696395039558411
0.662312388420105	0.8141455054283142
0.46703004837036133	0.532963752746582
0.3505173325538635	0.38804852962493896
0.48552435636520386	0.5612844228744507
0.4589170217514038	0.5279719233512878
0.4998670816421509	0.5848388075828552
0.41867780685424805	0.47148555517196655
0.29206931591033936	0.31552305817604065
0.5985487699508667	0.72574782371521
0.7030207514762878	0.8723798394203186
0.6751074194908142	0.8311272263526917
0.6644310355186462	0.8160588145256042
0.4836346507072449	0.5624549984931946
0.33134186267852783	0.36420726776123047
0.4780380129814148	0.5514377951622009
0.5035102963447571	0.5883699655532837
0.72327721118927	0.9009677767753601
0.46604180335998535	0.5368900895118713
0.4791092276573181	0.5579164624214172
0.3084879517555237	0.3345736861228943
0.2981613874435425	0.32162877917289734
0.4669440984725952	0.5444595813751221
0.4579499363899231	0.5321075320243835
0.45504260063171387	0.5262975096702576
0.3074561357498169	0.33400100469589233
0.49359017610549927	0.5767413973808289
0.47233790159225464	0.5480329394340515
0.44093894958496094	0.5004517436027527
0.49387139081954956	0.5757107138633728
0.48883676528930664	0.5718730092048645
0.48358088731765747	0.5581754446029663
0.6352523565292358	0.7752583622932434
0.6626655459403992	0.8146331906318665
0.6555885076522827	0.806219756603241
0.6136768460273743	0.7447547316551208
0.61603182554245	0.7496163845062256
0.7117530107498169	0.883917510509491
0.48484355211257935	0.5651829838752747
0.49119704961776733	0.5721319317817688
0.48228025436401367	0.5615870356559753
0.4864627718925476	0.5653966069221497
0.6396635174751282	0.7837480902671814
0.48434293270111084	0.5621534585952759
0.4982669949531555	0.5815516710281372
0.6124663352966309	0.7423661351203918
0.5450814962387085	0.6436702013015747
0.4815240502357483	0.5542269349098206
0.46273183822631836	0.5350781083106995
0.44806087017059326	0.5086593627929688
0.471077024936676	0.5417855978012085
0.4883382320404053	0.5675817131996155
0.23431524634361267	0.241153284907341
0.47546136379241943	0.5468571186065674
0.46789777278900146	0.5370339751243591
0.48466092348098755	0.5630367994308472
0.49684667587280273	0.5798304677009583
0.5927613973617554	0.716148316860199
0.4050688147544861	0.4577987492084503
0.6281578540802002	0.7662354111671448
0.4473406672477722	0.5142393708229065
0.4701801538467407	0.5403862595558167
0.4859369397163391	0.5631144642829895
0.4526718258857727	0.5280507206916809
0.6667986512184143	0.821648895740509
0.4961630702018738	0.5804014801979065
0.4482903480529785	0.5099002718925476
0.4909042716026306	0.5729231238365173
0.48109692335128784	0.5638118982315063
0.4497385025024414	0.510696291923523
0.42626023292541504	0.4827222228050232
0.4450613260269165	0.5046504735946655
0.6546671986579895	0.8047658205032349
0.6143440008163452	0.7472506165504456
0.5999025106430054	0.7260201573371887
0.42167407274246216	0.47560304403305054
0.4776473641395569	0.5511959791183472
0.47890955209732056	0.5578111410140991
0.6252828240394592	0.7652176022529602
0.6700626015663147	0.8290843367576599
0.5499163866043091	0.6557990908622742
0.7497041821479797	0.9381099343299866
0.1970192939043045	0.1976967751979828
0.47960084676742554	0.5543317198753357
0.454598069190979	0.5267031192779541
0.4202585816383362	0.4845985472202301
0.5092906355857849	0.5988155603408813
0.3574368357658386	0.3964410722255707
0.4915364384651184	0.5711097717285156
0.16154611110687256	0.15285345911979675
0.4492020606994629	0.5098262429237366
0.40959233045578003	0.46125662326812744
0.5564283728599548	0.6602844595909119
0.6384687423706055	0.7810315489768982
0.49043506383895874	0.5689992904663086
0.466525673866272	0.534736692905426
0.4666869640350342	0.5366635918617249
0.48328959941864014	0.5605666041374207
0.46259963512420654	0.532765805721283
0.7092917561531067	0.8834767937660217
0.4711347818374634	0.5452477335929871
0.4614095687866211	0.5273410677909851
0.5902097821235657	0.7096008658409119
0.46054112911224365	0.5339728593826294
0.47081369161605835	0.538971483707428
0.6416252851486206	0.7861758470535278
0.47388339042663574	0.5476604700088501
0.4738627076148987	0.5425137877464294
0.6526249051094055	0.7986827492713928
0.2672896683216095	0.28426170349121094
0.7057290077209473	0.8771956562995911
0.6126436591148376	0.7422735095024109
0.4637996554374695	0.5332514047622681
0.5640468001365662	0.6783460378646851
0.5134353637695312	0.6044944524765015
0.4788109064102173	0.554311215877533
0.45207715034484863	0.5164754390716553
0.49875813722610474	0.5803225636482239
0.45457547903060913	0.5212279558181763
0.43063676357269287	0.4897255301475525
0.3246643543243408	0.3554559648036957
0.4611304998397827	0.5377070903778076
0.38365602493286133	0.42921561002731323
0.61813884973526	0.7576208710670471
0.6402971148490906	0.7826547026634216
0.21560560166835785	0.2206520140171051
0.4957146644592285	0.5812726020812988
0.46006178855895996	0.5289291143417358
0.4649500846862793	0.5397276282310486
0.5146023035049438	0.6043625473976135
0.5172898769378662	0.6060701012611389
0.4526016116142273	0.5155906081199646
0.48701173067092896	0.5650477409362793
0.47335344552993774	0.5474472641944885
0.6722557544708252	0.8266503214836121
0.7460311055183411	0.93370521068573
0.4809066653251648	0.554204523563385
0.4597746729850769	0.5350700616836548
0.49081331491470337	0.5688179135322571
0.49385613203048706	0.5735967755317688
0.22409644722938538	0.22947610914707184
0.4543744921684265	0.5182620882987976
0.45954394340515137	0.5338535904884338
0.3379833698272705	0.3717270791530609
0.4980431795120239	0.5786293148994446
0.5575183033943176	0.6672206521034241
0.22511430084705353	0.23081715404987335
0.46128493547439575	0.526295006275177
0.4955928325653076	0.5791869759559631
0.23328585922718048	0.24217891693115234
0.46442490816116333	0.5300742387771606
0.4917842745780945	0.5725534558296204
0.5925049185752869	0.7139133214950562
0.4584837555885315	0.5259962677955627
0.49428313970565796	0.5784940123558044
0.7096973061561584	0.8801873326301575
0.4829255938529968	0.5608261227607727
0.6146104335784912	0.749163806438446
0.46824508905410767	0.5356003642082214
0.4313095808029175	0.48668766021728516
0.5864210724830627	0.7060538530349731
0.461037278175354	0.527771532535553
0.4466014504432678	0.5088769197463989
0.4534626007080078	0.5273581147193909
0.6874398589134216	0.8506531119346619
0.48296087980270386	0.5578573346138
0.5733378529548645	0.6846745014190674
0.44097501039505005	0.5072675347328186
0.37647223472595215	0.4199274182319641
0.453288197517395	0.5169591307640076
0.5591031312942505	0.6661425828933716
0.2427399605512619	0.2540944814682007
0.4913455843925476	0.5719893574714661
0.6699153780937195	0.8233054280281067
0.6785444617271423	0.83611661195755
0.27895158529281616	0.29890117049217224
0.4940812587738037	0.5742524266242981
0.6369402408599854	0.7786080241203308
0.703957736492157	0.8732388615608215
0.22752557694911957	0.23591427505016327
0.4986286163330078	0.5828571915626526
0.48900890350341797	0.565268874168396
0.48666322231292725	0.565967857837677
0.4958048462867737	0.5779491662979126
0.47969895601272583	0.5513129830360413
0.45569348335266113	0.5268408060073853
0.36112695932388306	0.40238964557647705
0.6786749958992004	0.8378274440765381
0.46356141567230225	0.5328550934791565
0.47435301542282104	0.5468662977218628
0.1455579698085785	0.13286542892456055
0.4250478744506836	0.4884790778160095
0.47994959354400635	0.5564805269241333
0.7506495118141174	0.9396383762359619
0.3761652112007141	0.4245731830596924
0.2286161631345749	0.23583871126174927
0.630388617515564	0.7668469548225403
0.5502125024795532	0.6575638651847839
0.5444539189338684	0.6468810439109802
0.17845655977725983	0.17323142290115356
0.46378594636917114	0.5379278063774109
0.48450177907943726	0.5622305870056152
0.4848036766052246	0.5627763271331787
0.41764408349990845	0.4810333847999573
0.35245323181152344	0.39000219106674194
0.2849556803703308	0.3063720166683197
0.4243326187133789	0.48010730743408203
0.3450881838798523	0.3826078474521637
0.4676089882850647	0.537070631980896
0.5048854947090149	0.591069221496582
0.48360079526901245	0.5597531199455261
0.47009843587875366	0.5403667688369751
0.5237981677055359	0.6172341108322144
0.49333274364471436	0.5763192176818848
0.45751720666885376	0.5213399529457092
0.41530025005340576	0.47789451479911804
0.4749414324760437	0.5488361716270447
0.47418636083602905	0.5460541844367981
0.6142821311950684	0.7451117634773254
0.4500064253807068	0.5197317004203796
0.5173806548118591	0.6112009882926941
0.47692471742630005	0.5471389889717102
0.19544140994548798	0.19442786276340485
0.4839966893196106	0.5602726340293884
0.509209930896759	0.5967976450920105
0.641461968421936	0.7845374345779419
0.49014538526535034	0.5706313848495483
0.49793195724487305	0.5788008570671082
0.3185070753097534	0.34808576107025146
0.7359039187431335	0.9200629591941833
0.5977800488471985	0.7230803966522217
0.7451695799827576	0.9325019717216492
0.21759659051895142	0.22384275496006012
0.4917590022087097	0.5698043704032898
0.3529185652732849	0.3921259045600891
0.5245369672775269	0.6153846383094788
0.5191479325294495	0.6085585355758667
0.24235841631889343	0.25513410568237305
0.4927446246147156	0.5735069513320923
0.48736751079559326	0.5618669390678406
0.2660236954689026	0.2825145721435547
0.42606449127197266	0.4889930486679077
0.4922349452972412	0.5724566578865051
0.47418707609176636	0.5466572046279907
0.4911506772041321	0.5701878666877747
0.48171085119247437	0.554939866065979
0.1817319095134735	0.17733237147331238
0.4881567358970642	0.5673983097076416
0.612921953201294	0.741392195224762
0.6849383115768433	0.849274218082428
0.4801199436187744	0.5542155504226685
0.5053744316101074	0.5888273119926453
0.5634798407554626	0.6760647296905518
0.47183650732040405	0.5450074076652527
0.7276762127876282	0.9086722731590271
0.7161974906921387	0.8931648135185242
0.47524040937423706	0.5458464622497559
0.22020305693149567	0.2259109914302826
0.49734121561050415	0.5825335383415222
0.6046731472015381	0.7330566048622131
0.4402730464935303	0.5070986151695251
0.4607987403869629	0.5278944969177246
0.49122071266174316	0.5738758444786072
0.44856494665145874	0.511917769908905
0.46402621269226074	0.5334407687187195
0.4645532965660095	0.5337133407592773
0.5492718815803528	0.6520995497703552
0.6964423656463623	0.8656161427497864
0.16606517136096954	0.1588512361049652
0.5061776638031006	0.5930631756782532
0.4818933606147766	0.55931556224823
0.6762757897377014	0.8334702849388123
0.4724823832511902	0.5491425395011902
0.506532609462738	0.5976881980895996
0.6181046962738037	0.7516489624977112
0.47813713550567627	0.5519084334373474
0.48485642671585083	0.5656806230545044
0.4938841462135315	0.5751404166221619
0.2713938355445862	0.2893299460411072
0.20992229878902435	0.21233820915222168
0.4584580063819885	0.5238789916038513
0.5619396567344666	0.6704877018928528
0.6610941290855408	0.8119556307792664
0.7119149565696716	0.8860008120536804
0.5028182864189148	0.5890241861343384
0.5323854684829712	0.6345028281211853
0.45815128087997437	0.5223100781440735
0.3998097777366638	0.45111358165740967
0.7157774567604065	0.8920143246650696
0.46081721782684326	0.5301888585090637
0.5816811323165894	0.6991201639175415
0.3399234414100647	0.37432044744491577
0.4733920693397522	0.5447465777397156
0.7370097041130066	0.9211634993553162
0.24612362682819366	0.2569010853767395
0.28707394003868103	0.30980491638183594
0.34502726793289185	0.38064342737197876
0.4461027979850769	0.5137671232223511
0.7234671115875244	0.9022082686424255
0.5817355513572693	0.7035678625106812
0.4664466381072998	0.5371242165565491
0.4700297713279724	0.5394479036331177
0.7175684571266174	0.8911417126655579
0.5155797004699707	0.6060383915901184
0.4605538249015808	0.5308807492256165
0.4628828763961792	0.5300033688545227
0.4918566346168518	0.5711987614631653
0.420285701751709	0.4736332893371582
0.43902742862701416	0.4978196620941162
0.4617597460746765	0.5311486124992371
0.45254188776016235	0.520423173904419
0.4882503151893616	0.5666413903236389
0.5578498244285583	0.6702104210853577
0.4190537929534912	0.4761852025985718
0.7581527233123779	0.9490786194801331
0.7286807894706726	0.9072052836418152
0.49914681911468506	0.5842435956001282
0.5607976317405701	0.6706923842430115
0.425373375415802	0.4799845814704895
0.3181871175765991	0.3457562327384949
0.5044416785240173	0.5908336043357849
0.2929629981517792	0.316297709941864
0.5066058039665222	0.5945905447006226
0.22382697463035583	0.23021332919597626
0.4549332857131958	0.5184439420700073
0.4683055877685547	0.5361602902412415
0.4912493824958801	0.5708779692649841
0.32749319076538086	0.358998566865921
0.4926341772079468	0.5720681548118591
0.7035983204841614	0.8754871487617493
0.4707316756248474	0.5414330959320068
0.42300063371658325	0.4775300920009613
0.48671823740005493	0.5688808560371399
0.6196972727775574	0.7596328258514404
0.37900257110595703	0.4237631857395172
0.6254674792289734	0.7624494433403015
0.5772730112075806	0.6922745108604431
0.2644011676311493	0.28103843331336975
0.46040648221969604	0.526667594909668
0.49350041151046753	0.5732101798057556
0.31543654203414917	0.3452637195587158
0.5526735186576843	0.6574115753173828
0.4842417240142822	0.5656926035881042
0.4934162497520447	0.5716586709022522
0.45242732763290405	0.5151717066764832
0.4870128631591797	0.5678384900093079
0.4461964964866638	0.5053018927574158
0.636635959148407	0.778253436088562
0.44193899631500244	0.5022080540657043
0.4883040189743042	0.5656388401985168
0.46534156799316406	0.5345141887664795
0.36957281827926636	0.4134366512298584
0.44741010665893555	0.509925127029419
0.35988932847976685	0.3976486623287201
0.5956317186355591	0.7186581492424011
0.5520313382148743	0.6557450890541077
0.4842216968536377	0.5650264620780945
0.4654095768928528	0.5335568785667419
0.5928378105163574	0.7207406163215637
0.4656829237937927	0.5397450923919678
0.7376285791397095	0.9229728579521179
0.4438250660896301	0.5136961340904236
0.4628697633743286	0.529992938041687
0.7222447991371155	0.8995323777198792
0.4619477391242981	0.528515636920929
0.2566998600959778	0.27155882120132446
0.4703643321990967	0.5426035523414612
0.45255047082901	0.5232299566268921
0.4786641001701355	0.5565489530563354
0.2358427345752716	0.2451736032962799
0.5425950884819031	0.6424705386161804
0.47502416372299194	0.5522129535675049
0.46249938011169434	0.5304497480392456
0.4369107484817505	0.49697935581207275
0.5641002655029297	0.6709641814231873
0.4538232088088989	0.5174499154090881
0.47322767972946167	0.5501078963279724
0.22901204228401184	0.23771488666534424
0.4603252410888672	0.5323156714439392
0.6207261681556702	0.7532026171684265
0.17252492904663086	0.167047381401062
0.4764900803565979	0.5505989789962769
0.4780488610267639	0.5525373816490173
0.49492108821868896	0.5746362805366516
0.7280080914497375	0.906909167766571
0.2144184559583664	0.2189115583896637
0.3943158984184265	0.44236522912979126
0.42236560583114624	0.48470109701156616
0.4207090139389038	0.47558680176734924
0.4610525369644165	0.5355314612388611
0.46753591299057007	0.5362783074378967
0.567435085773468	0.6830745339393616
0.6594244837760925	0.8109496235847473
0.4805334806442261	0.553353488445282
0.47745591402053833	0.5540851950645447
0.46706634759902954	0.539821207523346
0.6808405518531799	0.8417033553123474
0.42736542224884033	0.48402637243270874
0.4899224638938904	0.5677282214164734
0.6939094662666321	0.8622586131095886
0.38240766525268555	0.42643192410469055
0.6946097612380981	0.8606743216514587
0.4488038420677185	0.5146308541297913
0.6683524250984192	0.8218961358070374
0.48370641469955444	0.5642405152320862
0.43579912185668945	0.5017799139022827
0.4645498991012573	0.5291812419891357
0.4853411316871643	0.5588071346282959
0.4362645149230957	0.49889975786209106
0.4586982727050781	0.5231257081031799
0.5182279348373413	0.6091583371162415
0.45688551664352417	0.5206336975097656
0.48836326599121094	0.5654181838035583
0.4596056342124939	0.5279476642608643
0.6011397242546082	0.7254570126533508
0.46365153789520264	0.5292393565177917
0.4738508462905884	0.5493596196174622
0.4857479929924011	0.5611676573753357
0.42506492137908936	0.4876408874988556
0.5072484612464905	0.5960947275161743
0.6311072707176208	0.7684087157249451
0.5025866031646729	0.5861305594444275
0.44274431467056274	0.5028421878814697
0.4598890542984009	0.532731831073761
0.2956193685531616	0.319471150636673
0.7767346501350403	0.974750816822052
0.22834843397140503	0.23655633628368378
0.6965060234069824	0.8622151017189026
0.481346070766449	0.5577822923660278
0.49531495571136475	0.5784884691238403
0.5536993145942688	0.6595399975776672
0.4699695110321045	0.545316755771637
0.39018356800079346	0.43735140562057495
0.4715520739555359	0.543371856212616
0.4779142141342163	0.5495157241821289
0.4868096113204956	0.560640275478363
0.24170070886611938	0.2525727152824402
0.5682814717292786	0.6778083443641663
0.44848984479904175	0.5194558501243591
0.4406219720840454	0.5018436312675476
0.34801071882247925	0.38555192947387695
0.36210477352142334	0.4041113257408142
0.44381123781204224	0.5065096020698547
0.39862877130508423	0.4489780068397522
0.5777240991592407	0.6941993236541748
0.6182002425193787	0.7516950368881226
0.48464053869247437	0.5624930262565613
0.5015909075737	0.5900716185569763
0.38924986124038696	0.43574023246765137
0.5227625966072083	0.612866997718811
0.4663565754890442	0.5424352288246155
0.4766293168067932	0.5479881763458252
0.4892978072166443	0.5652942061424255
0.36659055948257446	0.4080728590488434
0.5812995433807373	0.6971911191940308
0.42102837562561035	0.47705793380737305
0.6827717423439026	0.8447472453117371
0.44826436042785645	0.5077387094497681
0.6159399151802063	0.7478132843971252
0.7208015322685242	0.8959405422210693
0.5380891561508179	0.639107882976532
0.7316086292266846	0.913004457950592
0.5919858813285828	0.715995728969574
0.5106792449951172	0.5987592935562134
0.46830278635025024	0.5359875559806824
0.7244256138801575	0.9055384993553162
0.30016666650772095	0.3241564631462097
0.42881494760513306	0.48521438241004944
0.26488161087036133	0.2817653715610504
0.5101673603057861	0.5958265066146851
0.45855021476745605	0.5217413306236267
0.47836601734161377	0.5577064156532288
0.4161737561225891	0.4780810475349426
0.48016923666000366	0.5531828999519348
0.4631458520889282	0.5295819640159607
0.44752830266952515	0.5173145532608032
0.4835051894187927	0.560549259185791
0.49338674545288086	0.5738764405250549
0.5467845797538757	0.6518089175224304
0.5079197287559509	0.5945462584495544
0.4261874556541443	0.48709434270858765
0.3189276456832886	0.34808799624443054
0.5613970160484314	0.6681901216506958
0.46472662687301636	0.5342760682106018
0.672626256942749	0.8291521072387695
0.5618676543235779	0.6714829802513123
0.4725990891456604	0.5459490418434143
0.6325883865356445	0.7732975482940674
0.3450101613998413	0.38233691453933716
0.6308084726333618	0.7691561579704285
0.42980456352233887	0.4867854118347168
0.6592469811439514	0.8095013499259949
0.6072609424591064	0.7326977252960205
0.7196580767631531	0.8958028554916382
0.4771198034286499	0.5555750727653503
0.5596725344657898	0.6680030822753906
0.47594159841537476	0.5477993488311768
0.450031042098999	0.5244284272193909
0.4874234199523926	0.5691623091697693
0.4931883215904236	0.5733804702758789
0.4745168089866638	0.5491271615028381
0.49049633741378784	0.5708077549934387
0.5245247483253479	0.6191571354866028
0.6677811741828918	0.8206484317779541
0.44788163900375366	0.5213833451271057
0.4776045083999634	0.5554320812225342
0.4828757047653198	0.559657871723175
0.5188083648681641	0.6120802760124207
0.6803699135780334	0.844197154045105
0.44936448335647583	0.5130602717399597
0.43182939291000366	0.49894019961357117
0.5345632433891296	0.6341341137886047
0.5574788451194763	0.6644468307495117
0.4889945387840271	0.5674000382423401
0.18305623531341553	0.17941054701805115
0.4782228469848633	0.5519816279411316
0.7360411286354065	0.9196974039077759
0.48049473762512207	0.5588504672050476
0.5387476086616516	0.640473484992981
0.4955899715423584	0.5772095918655396
0.5002245903015137	0.5839096903800964
0.5133481025695801	0.6056385636329651
0.5066865086555481	0.5912047028541565
0.470305860042572	0.5486818552017212
0.4949655532836914	0.5778873562812805
0.45775115489959717	0.5278658270835876
0.6141423583030701	0.7458946108818054
0.42536717653274536	0.48089349269866943
0.6994503736495972	0.867321252822876
0.5221623778343201	0.6132848858833313
0.49130475521087646	0.572503387928009
0.7059422135353088	0.8759573698043823
0.627159059047699	0.7636966109275818
0.5155771970748901	0.606631875038147
0.48886048793792725	0.5678266286849976
0.2200978398323059	0.2272215038537979
0.4677621126174927	0.5405381917953491
0.4705703854560852	0.5411915183067322
0.4493071436882019	0.514805257320404
0.7394692301750183	0.9231613278388977
0.47597646713256836	0.5523222088813782
0.48539143800735474	0.5634592771530151
0.6690288186073303	0.8243409991264343
0.47616058588027954	0.5505312085151672
0.31277573108673096	0.3383103311061859
0.6047725081443787	0.7330767512321472
0.4665318727493286	0.5405667424201965
0.6521366834640503	0.802839994430542
0.4603254199028015	0.5317526459693909
0.26768290996551514	0.2854587733745575
0.7522822022438049	0.9410600662231445
0.48919862508773804	0.5643850564956665
0.465012788772583	0.5364696383476257
0.49418026208877563	0.5785655975341797
0.7650534510612488	0.9577131867408752
0.4533514976501465	0.5219714045524597
0.4654994606971741	0.5339884161949158
0.4368879795074463	0.5022176504135132
0.28187549114227295	0.301997572183609
0.45898985862731934	0.5229368209838867
0.4613102078437805	0.5304456353187561
0.5026177167892456	0.5857347846031189
0.4556393027305603	0.521509051322937
0.570379376411438	0.6823537945747375
0.46483319997787476	0.5333658456802368
0.5909759402275085	0.7133545279502869
0.47241657972335815	0.5429289937019348
0.39060020446777344	0.4381455183029175
0.6989832520484924	0.8658308982849121
0.4733847975730896	0.5503618121147156
0.45402705669403076	0.5156324505805969
0.6795771718025208	0.837955892086029
0.491380512714386	0.5675783753395081
0.5366007685661316	0.6334801912307739
0.23403850197792053	0.24277669191360474
0.5657978653907776	0.6766206622123718
0.2729463279247284	0.29242396354675293
0.6134382486343384	0.7452861666679382
0.6748924851417542	0.8317690491676331
0.5038944482803345	0.5907903909683228
0.6279792785644531	0.7676127552986145
0.48959171772003174	0.568968653678894
0.4815306067466736	0.5547203421592712
0.2978789806365967	0.3235926330089569
0.4347645044326782	0.5058823227882385
0.3164142966270447	0.3458794951438904
0.43120110034942627	0.4881036579608917
0.5527151226997375	0.6613888144493103
0.4575355648994446	0.5223124027252197
0.23974861204624176	0.25083938241004944
0.6582120060920715	0.8075238466262817
0.47796958684921265	0.5534046292304993
0.2173496037721634	0.222903311252594
0.6505874395370483	0.7984875440597534
0.49257099628448486	0.57565838098526
0.5157760381698608	0.6071413159370422
0.4777904152870178	0.5552857518196106
0.584267795085907	0.7010207772254944
0.470922589302063	0.5493749976158142
0.4755825400352478	0.5509575009346008
0.4561196565628052	0.5208456516265869
0.6467308402061462	0.7945399880409241
0.5467110276222229	0.6479542255401611
0.4911265969276428	0.5760807394981384
0.7269218564033508	0.9051286578178406
0.45776551961898804	0.5254479050636292
0.3307601809501648	0.36396709084510803
0.4632452130317688	0.5372084975242615
0.5018039345741272	0.5876136422157288
0.44700175523757935	0.5071716904640198
0.48628830909729004	0.569888710975647
0.47415804862976074	0.5470041036605835
0.45445340871810913	0.5204460024833679
0.5190224647521973	0.6109247207641602
0.4585198163986206	0.5235984921455383
0.3133273720741272	0.3431779742240906
0.6161755919456482	0.7477813363075256
0.49304062128067017	0.5732144117355347
0.3587297797203064	0.3977188766002655
0.4528946876525879	0.5161485075950623
0.47593462467193604	0.548388659954071
0.4698711633682251	0.545074999332428
0.3071589469909668	0.3343898355960846
0.4163143038749695	0.47195276618003845
0.48224103450775146	0.5567289590835571
0.49956703186035156	0.5844293832778931
0.5505180954933167	0.6539228558540344
0.45255517959594727	0.5160188674926758
0.4938242435455322	0.5731403231620789
0.4650360345840454	0.5395291447639465
0.4935094118118286	0.5692605972290039
0.48863494396209717	0.5672427415847778
0.4953349232673645	0.5768229365348816
0.45033764839172363	0.5206663608551025
0.30001652240753174	0.3250357210636139
0.4741191864013672	0.5447595715522766
0.4726218581199646	0.5448997020721436
0.48431718349456787	0.5596787333488464
0.4540131092071533	0.5200352668762207
0.4656180739402771	0.5332161784172058
0.25244423747062683	0.26601332426071167
0.228127583861351	0.2367786467075348
0.666748046875	0.8223262429237366
0.5515834093093872	0.6549782156944275
0.180559903383255	0.17622490227222443
0.281780868768692	0.30103152990341187
0.46353137493133545	0.5357511043548584
0.4883727431297302	0.566957414150238
0.4672676920890808	0.5356619954109192
0.6678359508514404	0.8220423460006714
0.47909820079803467	0.551293134689331
0.48779958486557007	0.5644222497940063
0.3081415891647339	0.33425599336624146
0.48325926065444946	0.5592173337936401
0.4616652727127075	0.5264630913734436
0.48555052280426025	0.5609508752822876
0.5171663761138916	0.6084687113761902
0.4630679488182068	0.531303346157074
0.5089543461799622	0.5977670550346375
0.31552934646606445	0.3441159725189209
0.3747522830963135	0.41764020919799805
0.533447265625	0.6316862106323242
0.4802148938179016	0.5595982074737549
0.4620392918586731	0.53119295835495
0.33119356632232666	0.3625933527946472
0.44131672382354736	0.5006588101387024
0.4903354048728943	0.5715489983558655
0.45513981580734253	0.5250738859176636
0.6738069653511047	0.8300254940986633
0.35476869344711304	0.3940461575984955
0.4865153431892395	0.5690203905105591
0.5186057090759277	0.6111012697219849
0.30351799726486206	0.3307487368583679
0.4867238998413086	0.5667670369148254
0.4632801413536072	0.5275751948356628
0.2543189525604248	0.2689427435398102
0.4667091965675354	0.5397024750709534
0.4293636083602905	0.4876353144645691
0.6720520853996277	0.8269264698028564
0.45284366607666016	0.514238715171814
0.6908717751502991	0.8562477827072144
0.5170056819915771	0.6058337092399597
0.37760037183761597	0.4221169054508209
0.2629947066307068	0.2784336805343628
0.46847057342529297	0.5388574600219727
0.6636968851089478	0.8168745040893555
0.46494966745376587	0.536783754825592
0.43755096197128296	0.49730384349823
0.3783493638038635	0.42375484108924866
0.7177585363388062	0.8954492211341858
0.4106050729751587	0.46204203367233276
0.4856750965118408	0.5601643919944763
0.4841184616088867	0.5616217851638794
0.7001700401306152	0.867333173751831
0.3981087803840637	0.4481750428676605
0.19516924023628235	0.19465957581996918
0.24382729828357697	0.25586748123168945
0.5007293820381165	0.5854255557060242
0.47300124168395996	0.5513905882835388
0.480659544467926	0.5551648736000061
0.47183024883270264	0.5408159494400024
0.4458693861961365	0.5064556002616882
0.4684079885482788	0.5450218319892883
0.24941079318523407	0.2612765431404114
0.3740215301513672	0.41558295488357544
0.4625679850578308	0.5301684737205505
0.3263553977012634	0.35791125893592834
0.5010511875152588	0.5844822525978088
0.624330461025238	0.7589100003242493
0.45271390676498413	0.5165337324142456
0.4869939088821411	0.5624309182167053
0.49510657787323	0.5776705741882324
0.6356382369995117	0.7797188758850098
0.47118914127349854	0.5444739460945129
0.35153263807296753	0.389337420463562
0.33546799421310425	0.37000522017478943
0.40555673837661743	0.4567410349845886
0.48189330101013184	0.5608658194541931
0.6349189281463623	0.7770887017250061
0.47229206562042236	0.5433064103126526
0.46370017528533936	0.5309142470359802
0.7136061787605286	0.8876060843467712
0.5087670683860779	0.5961002111434937
0.7055152654647827	0.8776689767837524
0.5049711465835571	0.5917999744415283
0.4168110489845276	0.4710453152656555
0.4825795292854309	0.5618953108787537
0.4678429365158081	0.541597306728363
0.146366149187088	0.13464723527431488
0.19966290891170502	0.20076611638069153
0.7172598242759705	0.893886148929596
0.4455522894859314	0.5046891570091248
0.43708091974258423	0.506584107875824
0.47779399156570435	0.551323413848877
0.4710732698440552	0.5434032678604126
0.47719037532806396	0.5465040802955627
0.21264123916625977	0.2170426994562149
0.6638710498809814	0.8190630078315735
0.4989014267921448	0.5777832865715027
0.4549839496612549	0.5268972516059875
0.47734755277633667	0.5520108342170715
0.17247064411640167	0.16617166996002197
0.47657543420791626	0.5511975288391113
0.38880616426467896	0.4352201819419861
0.5589056611061096	0.6650463938713074
0.46305322647094727	0.5305156111717224
0.4283578395843506	0.48372650146484375
0.48470109701156616	0.5628963112831116
0.4715649485588074	0.5436583161354065
0.693770706653595	0.8588531017303467
0.5586593747138977	0.6704767346382141
0.599999189376831	0.726078987121582
0.19133120775222778	0.18945930898189545
0.7354725003242493	0.9179785847663879
0.5091222524642944	0.5979344248771667
0.4547525644302368	0.5188220143318176
0.4402807950973511	0.4990740418434143
0.6212344765663147	0.7530495524406433
0.3843383193016052	0.430168092250824
0.37951725721359253	0.424319863319397
0.4754874110221863	0.554355263710022
0.47316980361938477	0.5479857921600342
0.48583126068115234	0.5604912042617798
0.2597716450691223	0.27390435338020325
0.7375990152359009	0.9223948121070862
0.4596332311630249	0.5317005515098572
0.3426777720451355	0.37979230284690857
0.24893447756767273	0.26196369528770447
0.46503013372421265	0.5398290753364563
0.4320020079612732	0.48897409439086914
0.4566437602043152	0.5300470590591431
0.5006352066993713	0.5837541222572327
0.5246689319610596	0.6190747618675232
0.4903649091720581	0.5681136250495911
0.3243328332901001	0.35597968101501465
0.46493637561798096	0.5349436402320862
0.5612106323242188	0.6717875599861145
0.4653579592704773	0.5350508093833923
0.47036415338516235	0.5390560030937195
0.4447168707847595	0.5146763920783997
0.595796525478363	0.7192474007606506
0.6892263293266296	0.851756751537323
0.47625911235809326	0.5539365410804749
0.49715203046798706	0.579986035823822
0.5696004033088684	0.6814697980880737
0.5564972758293152	0.6622989177703857
0.4028666615486145	0.4528247117996216
0.4813859462738037	0.5554395914077759
0.4960923194885254	0.5817175507545471
0.44615548849105835	0.5153688788414001
0.39053815603256226	0.4378434419631958
0.4858574867248535	0.5631700158119202
0.3697749376296997	0.4119413495063782
0.4813581705093384	0.5567553639411926
0.4017449617385864	0.4499056935310364
0.5386754274368286	0.6386875510215759
0.4115527272224426	0.4636862277984619
0.4046247601509094	0.45525020360946655
0.49466007947921753	0.5775421261787415
0.48211055994033813	0.5554834008216858
0.26161623001098633	0.27629929780960083
0.49031615257263184	0.567035973072052
0.2567451000213623	0.27232521772384644
0.478971004486084	0.5503196716308594
0.4906378388404846	0.5777522921562195
0.4599480628967285	0.5348193645477295
0.47937726974487305	0.5512903332710266
0.49229246377944946	0.5723968148231506
0.510226845741272	0.59824538230896
0.45778888463974	0.5290157198905945
0.49631261825561523	0.5775136351585388
0.47047752141952515	0.5493949055671692
0.3612319827079773	0.4021719694137573
0.5000340938568115	0.5825421214103699
0.49046093225479126	0.5718972682952881
0.24494220316410065	0.25617414712905884
0.46300578117370605	0.5364314317703247
0.24083057045936584	0.2506878077983856
0.4537908434867859	0.5187451243400574
0.43254637718200684	0.4976044297218323
0.6615898013114929	0.8134714961051941
0.43152284622192383	0.5011605620384216
0.5004380941390991	0.5828586220741272
0.3731430172920227	0.41486766934394836
0.5870856642723083	0.7062445878982544
0.44624054431915283	0.5079267024993896
0.4798385500907898	0.5544396042823792
0.4426862597465515	0.5032649636268616
0.5563735961914062	0.6650113463401794
0.6879168152809143	0.8491478562355042
0.47322577238082886	0.5448277592658997
0.6651490330696106	0.8174707293510437
0.45778316259384155	0.5241998434066772
0.4876236319541931	0.5659977793693542
0.6457127332687378	0.7917723059654236
0.7532328367233276	0.9432124495506287
0.20812007784843445	0.2114368975162506
0.6051700115203857	0.7327448725700378
0.6725438237190247	0.8311976790428162
0.4491186738014221	0.519879162311554
0.6179936528205872	0.7505167722702026
0.7311795353889465	0.9128671288490295
0.45153558254241943	0.5131452083587646
0.20449647307395935	0.2069982886314392
0.5591201782226562	0.6708799004554749
0.49212968349456787	0.5745417475700378
0.46337687969207764	0.532815158367157
0.4624186158180237	0.536919116973877
0.4359350800514221	0.49349647760391235
0.4363522529602051	0.5032254457473755
0.3879849910736084	0.4348714053630829
0.46475690603256226	0.536971390247345
0.4809267520904541	0.5567597150802612
0.48828446865081787	0.5675265192985535
0.35397273302078247	0.3998505473136902
0.29874539375305176	0.32317954301834106
0.41627150774002075	0.4687712788581848
0.4733009934425354	0.5414331555366516
0.5003284811973572	0.5843967795372009
0.4979209303855896	0.5795187950134277
0.44399017095565796	0.5061996579170227
0.46121037006378174	0.5284440517425537
0.7069212794303894	0.8793116211891174
0.4811403751373291	0.5552342534065247
0.3555481433868408	0.3957676291465759
0.5382416844367981	0.6385238766670227
0.46213042736053467	0.5383520722389221
0.6697463393211365	0.8256052136421204
0.21105806529521942	0.21444623172283173
0.49055492877960205	0.5702301859855652
0.4638717770576477	0.5350939035415649
0.6137992143630981	0.7461785078048706
0.49142199754714966	0.570451557636261
0.47256869077682495	0.5489992499351501
0.49606168270111084	0.5818673968315125
0.6661524772644043	0.8230559229850769
0.48585832118988037	0.5613890886306763
0.4730686545372009	0.5434678196907043
0.44758301973342896	0.5085626840591431
0.673205554485321	0.8340188264846802
0.4913748502731323	0.5713424682617188
0.493206262588501	0.5736856460571289
0.5056301951408386	0.5913454294204712
0.4887387752532959	0.5678694844245911
0.4515417814254761	0.5132839679718018
0.6590391993522644	0.8091334104537964
0.6163070201873779	0.7494003176689148
0.48817408084869385	0.5669949054718018
0.4540485143661499	0.5243901014328003
0.551622748374939	0.6572453379631042
0.4847073554992676	0.5642618536949158
0.6687650084495544	0.8246344327926636
0.4577765464782715	0.5246610641479492
0.4590725302696228	0.5327984094619751
0.4995175004005432	0.5802141427993774
0.501893937587738	0.5882859826087952
0.4025934338569641	0.4545176029205322
0.4748014211654663	0.5464615821838379
0.46299654245376587	0.530661940574646
0.6091845631599426	0.7450512051582336
0.45583468675613403	0.5191178917884827
0.38131141662597656	0.42611801624298096
0.4586027264595032	0.5264481902122498
0.6550881266593933	0.8012766242027283
0.4860416650772095	0.5654945373535156
0.681988537311554	0.8438416123390198
0.504702627658844	0.5906458497047424
0.4739922285079956	0.5443321466445923
0.49089568853378296	0.567509114742279
0.4868229627609253	0.5651149153709412
0.47208094596862793	0.5450763702392578
0.4977791905403137	0.5833197236061096
0.6576598882675171	0.808266282081604
0.4636501669883728	0.5333830714225769
0.4618247151374817	0.5349549651145935
0.2858089208602905	0.3070377707481384
0.45349276065826416	0.5243582129478455
0.635102391242981	0.7775136828422546
0.466381311416626	0.5361555218696594
0.1973574012517929	0.19832760095596313
0.5026455521583557	0.5887852907180786
0.5708456635475159	0.6828508973121643
0.4895555377006531	0.5711377263069153
0.4815845489501953	0.5578376650810242
0.22723791003227234	0.233543261885643
0.5857018828392029	0.7050628662109375
0.42047572135925293	0.47740575671195984
0.6299736499786377	0.7677043080329895
0.7473523020744324	0.9356828331947327
0.5162829756736755	0.6059837937355042
0.2230236530303955	0.23005573451519012
0.6964578628540039	0.8651538491249084
0.591896116733551	0.7107570767402649
0.27784615755081177	0.29762405157089233
0.4610377550125122	0.5322883725166321
0.4766042232513428	0.5479978322982788
0.2694915533065796	0.28727346658706665
0.3137795329093933	0.3429528772830963
0.5182769298553467	0.6125339269638062
0.4731302857398987	0.5418528914451599
0.5098134279251099	0.6003704071044922
0.6205273270606995	0.7583758234977722
0.5043365359306335	0.5889523029327393
0.3652915954589844	0.4059230387210846
0.5535552501678467	0.6648895740509033
0.6007476449012756	0.7271515727043152
0.2803639769554138	0.30015021562576294
0.6066577434539795	0.7377429604530334
0.6536677479743958	0.8014276623725891
0.27823999524116516	0.298081636428833
0.4792554974555969	0.5589699149131775
0.2700766921043396	0.2885899841785431
0.4750049114227295	0.5472599864006042
0.44202089309692383	0.5023276805877686
0.17338648438453674	0.1674388349056244
0.4063376784324646	0.4564499855041504
0.41734206676483154	0.4714300334453583
0.5156525373458862	0.6062890887260437
0.47987544536590576	0.5559609532356262
0.49308401346206665	0.5746563076972961
0.6202567219734192	0.7539810538291931
0.5086082220077515	0.5967236757278442
0.4787794351577759	0.5574253797531128
0.4117266535758972	0.4717997908592224
0.47254371643066406	0.5425775647163391
0.6690194010734558	0.8238323330879211
0.33210253715515137	0.3664030432701111
0.4848654270172119	0.5628867149353027
0.4698111414909363	0.5417203307151794
0.4671406149864197	0.5368635654449463
0.4550914764404297	0.5213543176651001
0.3735229969024658	0.41567370295524597
0.3806721568107605	0.42396289110183716
0.6064403653144836	0.7353946566581726
0.47808724641799927	0.5538886785507202
0.2650696933269501	0.28214573860168457
0.40018749237060547	0.45250579714775085
0.4594072103500366	0.5266333222389221
0.5795382857322693	0.6951779127120972
0.4632214307785034	0.5298832058906555
0.4935128688812256	0.5772388577461243
0.4724574685096741	0.5453134775161743
0.3296935558319092	0.3617510199546814
0.49132758378982544	0.5732362866401672
0.2557404637336731	0.26960933208465576
0.4999173879623413	0.5857539772987366
0.6944722533226013	0.8616214394569397
0.49524039030075073	0.5791911482810974
0.2887767553329468	0.3119858503341675
0.47365808486938477	0.5454643964767456
0.6719558835029602	0.827353298664093
0.4694417119026184	0.5372068285942078
0.4803099036216736	0.5507144927978516
0.4759061932563782	0.5534722805023193
0.6561625003814697	0.8057604432106018
0.4867463707923889	0.564475953578949
0.35792768001556396	0.39613077044487
0.2439071536064148	0.2550342082977295
0.49605298042297363	0.5784791707992554
0.5059328675270081	0.5926963686943054
0.47083187103271484	0.5411533713340759
0.3222517967224121	0.35207170248031616
0.47441017627716064	0.5464929938316345
0.4472551941871643	0.513818085193634
0.5059205293655396	0.5912898778915405
0.4845462441444397	0.5594169497489929
0.7240269780158997	0.9019200205802917
0.41769081354141235	0.47758519649505615
0.47307515144348145	0.5448057055473328
0.6705794930458069	0.8260377049446106
0.4665181636810303	0.5404788255691528
0.5055699348449707	0.5925204753875732
0.48133063316345215	0.5520432591438293
0.5302875638008118	0.6285184025764465
0.6926755309104919	0.8568180203437805
0.46228575706481934	0.5268034338951111
0.1808418482542038	0.1760716587305069
0.3539465665817261	0.393387109041214
0.4735960364341736	0.543928861618042
0.343548059463501	0.37898069620132446
0.7174503207206726	0.8918223977088928
0.44602423906326294	0.5159134268760681
0.44715142250061035	0.5108637809753418
0.5016700029373169	0.5834113359451294
0.4753628969192505	0.5487115383148193
0.4267920255661011	0.48240917921066284
0.6377792358398438	0.7799538969993591
0.40232229232788086	0.45288145542144775
0.4452868700027466	0.5120713114738464
0.4731479287147522	0.5450618267059326
0.2817344665527344	0.3024114966392517
0.36079728603363037	0.4000082015991211
0.4676637053489685	0.5436360836029053
0.572785496711731	0.6843028664588928
0.48306846618652344	0.5602802634239197
0.6503792405128479	0.7988079190254211
0.6458039879798889	0.7910959720611572
0.493563711643219	0.5754535794258118
0.43345749378204346	0.49374639987945557
0.6566241383552551	0.8064436316490173
0.5109043121337891	0.5982649326324463
0.44777530431747437	0.5110480189323425
0.3581937551498413	0.398244708776474
0.7270422577857971	0.90621417760849
0.5222532153129578	0.6212644577026367
0.45542025566101074	0.51823890209198
0.48144906759262085	0.5565515160560608
0.3545973300933838	0.392082154750824
0.30870896577835083	0.3364246189594269
0.54730224609375	0.6541396379470825
0.3351655602455139	0.3689369559288025
0.46940839290618896	0.5463994741439819
0.6418384909629822	0.7866315245628357
0.44822603464126587	0.5204386115074158
0.36348628997802734	0.403109073638916
0.4741106629371643	0.5442745089530945
0.46634840965270996	0.5316877961158752
0.46989959478378296	0.5372213125228882
0.45262980461120605	0.5210223197937012
0.3831617832183838	0.43611887097358704
0.470813512802124	0.5497313141822815
0.3208029866218567	0.3518090844154358
0.4715380072593689	0.5476876497268677
0.6957845091819763	0.8635242581367493
0.45007628202438354	0.5213199257850647
0.41820651292800903	0.4803188145160675
0.446927011013031	0.5072028636932373
0.49737828969955444	0.5773237347602844
0.4571301341056824	0.524609386920929
0.48725616931915283	0.5655800104141235
0.505968451499939	0.5928826332092285
0.5703489184379578	0.6799651384353638
0.4598512649536133	0.5380282998085022
0.3383318781852722	0.3719714879989624
0.649543046951294	0.7957349419593811
0.4735516309738159	0.5425055623054504
0.5017482042312622	0.587735652923584
0.5448116660118103	0.6434524655342102
0.46416884660720825	0.5327252745628357
0.3171693682670593	0.34627029299736023
0.2995738983154297	0.3251715898513794
0.42689430713653564	0.4828644394874573
0.48536962270736694	0.5615133047103882
0.3949781060218811	0.44272351264953613
0.22786004841327667	0.23614168167114258
0.6131005883216858	0.7441498637199402
0.14989057183265686	0.13876913487911224
0.5794774889945984	0.6965696811676025
0.4997214078903198	0.5804225206375122
0.467773973941803	0.5370561480522156
0.6648637652397156	0.8158926963806152
0.40079784393310547	0.4493785798549652
0.47627174854278564	0.552383542060852
0.48847073316574097	0.5682138204574585
0.4808123707771301	0.5534504652023315
0.4452669620513916	0.5158287882804871
0.30376511812210083	0.3296734392642975
0.1975543349981308	0.19748800992965698
0.4380837678909302	0.4957469701766968
0.39855092763900757	0.4475087821483612
0.6658183932304382	0.8206455111503601
0.5003526210784912	0.5835548043251038
0.4692644476890564	0.5411273837089539
0.27680739760398865	0.2976100444793701
0.4959767460823059	0.5769528746604919
0.6228062510490417	0.7598852515220642
0.6343989968299866	0.7739623188972473
0.4771844148635864	0.5533539056777954
0.6430525183677673	0.7901396155357361
0.2502264976501465	0.26290032267570496
0.507249116897583	0.593599259853363
0.477214515209198	0.5487315058708191
0.34614497423171997	0.3819578289985657
0.7199108004570007	0.896945059299469
0.4779442548751831	0.5552594065666199
0.47171908617019653	0.5418524146080017
0.47601616382598877	0.5506522059440613
0.6571225523948669	0.8074879050254822
0.6663113832473755	0.8203839659690857
0.49332481622695923	0.5745707154273987
0.4610704779624939	0.532170832157135
0.23555393517017365	0.24535828828811646
0.3439275622367859	0.3816777467727661
0.4714815616607666	0.543607771396637
0.4967576265335083	0.5786382555961609
0.49195176362991333	0.5734091401100159
0.4922647476196289	0.5748651027679443
0.5428112149238586	0.6428112387657166
0.6703957319259644	0.8287020325660706
0.4879058599472046	0.5711970329284668
0.4829787611961365	0.5576295852661133
0.4903791546821594	0.5743137001991272
0.5629258155822754	0.6740235686302185
0.4758487939834595	0.5543304681777954
0.47017842531204224	0.5454847812652588
0.4826926589012146	0.5591093301773071
0.4434286952018738	0.5130097270011902
0.4827418923377991	0.5539540648460388
0.4673968553543091	0.5413103699684143
0.5739563703536987	0.6874226927757263
0.4911644458770752	0.5728052854537964
0.48737412691116333	0.562108039855957
0.47709745168685913	0.5535103678703308
0.546522855758667	0.6496215462684631
0.5009118318557739	0.5852082967758179
0.6062377095222473	0.7365005612373352
0.49791091680526733	0.579842209815979
0.3157652020454407	0.3438763916492462
0.48438823223114014	0.5620747804641724
0.6970277428627014	0.8622028231620789
0.4206860661506653	0.4864546060562134
0.4835575819015503	0.5635859370231628
0.37268251180648804	0.4143297076225281
0.4772053360939026	0.5470127463340759
0.2599257528781891	0.27563926577568054
0.5120540261268616	0.60184645652771
0.47054439783096313	0.5492159128189087
0.32516759634017944	0.3568834364414215
0.48293155431747437	0.5608561635017395
0.518028974533081	0.6129342913627625
0.4767909049987793	0.5500892996788025
0.22522665560245514	0.23312518000602722
0.4343780279159546	0.49359869956970215
0.7057452201843262	0.8755283951759338
0.4299967288970947	0.48818668723106384
0.3036687970161438	0.3302360773086548
0.5067338943481445	0.5951220989227295
0.2480001002550125	0.25999701023101807
0.4670448303222656	0.537140429019928
0.45814192295074463	0.5241812467575073
0.45609593391418457	0.5221318602561951
0.6718565225601196	0.8311912417411804
0.4293903112411499	0.4934272766113281
0.35521024465560913	0.3917447328567505
0.4770064353942871	0.5480453372001648
0.358897864818573	0.39717671275138855
0.5495216250419617	0.6553186774253845
0.5005355477333069	0.5842216610908508
0.48700857162475586	0.5661558508872986
0.4255002737045288	0.48780548572540283
0.5337329506874084	0.6284817457199097
0.5603200793266296	0.6686588525772095
0.49341893196105957	0.5729373693466187
0.4637536406517029	0.529390811920166
0.4548593759536743	0.5246827006340027
0.4624031186103821	0.5305510759353638
0.2652764916419983	0.2814127504825592
0.5107305645942688	0.596914529800415
0.4102408289909363	0.4622902274131775
0.4625425934791565	0.5378574132919312
0.46089887619018555	0.5343292355537415
0.5205835700035095	0.61598140001297
0.40959107875823975	0.4619196057319641
0.45711278915405273	0.5215857028961182
0.5123924016952515	0.6017982363700867
0.5914486646652222	0.7149497270584106
0.504789412021637	0.5935477614402771
0.3379870057106018	0.37374424934387207
0.4775799512863159	0.5523503422737122
0.4767987132072449	0.5538553595542908
0.49477458000183105	0.5748350024223328
0.47850102186203003	0.5513454079627991
0.4744054079055786	0.5455133318901062
0.7027761340141296	0.8695518374443054
0.5394629836082458	0.6374112367630005
0.4822461009025574	0.5584204792976379
0.6370652318000793	0.7782115340232849
0.46344202756881714	0.5292403101921082
0.7287141680717468	0.9090895056724548
0.4361233711242676	0.5053977966308594
0.4723626971244812	0.5451758503913879
0.2145131379365921	0.21985822916030884
0.4868374466896057	0.5665279626846313
0.7643839716911316	0.9574595093727112
0.6917352080345154	0.8559742569923401
0.47264307737350464	0.549278974533081
0.12399391084909439	0.10636545717716217
0.48248302936553955	0.5568724870681763
0.4690396785736084	0.5437012910842896
0.5988125801086426	0.7222587466239929
0.4834199547767639	0.5607979893684387
0.2314540296792984	0.23973700404167175
0.5394768118858337	0.6453031897544861
0.4807230234146118	0.558408260345459
0.4879074692726135	0.5687822103500366
0.6631979942321777	0.8158230185508728
0.468375563621521	0.5396398901939392
0.47855550050735474	0.550701916217804
0.45091092586517334	0.5218507051467896
0.5963979363441467	0.7254365086555481
0.5694586038589478	0.6823264956474304
0.44835805892944336	0.5134586691856384
0.4537755846977234	0.527972400188446
0.46520572900772095	0.5380738377571106
0.45685046911239624	0.5241348147392273
0.445043683052063	0.504826545715332
0.4604179859161377	0.5249212980270386
0.297268807888031	0.32518094778060913
0.7139095067977905	0.889526903629303
0.3278888463973999	0.3608483374118805
0.6284554600715637	0.7679113149642944
0.47033774852752686	0.5469929575920105
0.4994277358055115	0.5825783610343933
0.4924720525741577	0.5732501149177551
0.45613664388656616	0.5263129472732544
0.46176081895828247	0.5301175713539124
0.6754042506217957	0.833305835723877
0.5251688361167908	0.6187995076179504
0.4922870993614197	0.5728428363800049
0.4549083709716797	0.5264613628387451
0.4459148049354553	0.5088778138160706
0.4541139006614685	0.518753170967102
0.4187714457511902	0.4745519161224365
0.2542036175727844	0.26893848180770874
0.4770048260688782	0.5580742955207825
0.4966132640838623	0.5802612900733948
0.46763914823532104	0.5363032221794128
0.4614461660385132	0.5298112034797668
0.45348143577575684	0.5167165994644165
0.4164106845855713	0.469107985496521
0.4965830445289612	0.577995240688324
0.6042975783348083	0.7310857772827148
0.7317075133323669	0.9135388731956482
0.45323532819747925	0.5248039364814758
0.4399346709251404	0.5058954358100891
0.5013637542724609	0.5869166851043701
0.4695918560028076	0.5416254997253418
0.44454681873321533	0.5056444406509399
0.4604529142379761	0.5331852436065674
0.43794679641723633	0.5001271963119507
0.524135410785675	0.6204800009727478
0.45285284519195557	0.5181915163993835
0.7139730453491211	0.8891972303390503
0.48270589113235474	0.5557331442832947
0.4368710517883301	0.4959861636161804
0.50117027759552	0.5880640149116516
0.445411741733551	0.5130221843719482
0.4512626528739929	0.5146931409835815
0.4489620327949524	0.5105547904968262
0.4935911297798157	0.5761107802391052
0.5048105120658875	0.5889694094657898
0.5817174911499023	0.7011435627937317
0.46494919061660767	0.5373117923736572
0.4890020489692688	0.572624146938324
0.46520543098449707	0.5447826981544495
0.4638534188270569	0.5392159819602966
0.39328545331954956	0.4397552013397217
0.40930891036987305	0.4605538845062256
0.4266538619995117	0.4836992025375366
0.46568429470062256	0.5358852744102478
0.4580097198486328	0.5244264006614685
0.4890895485877991	0.5688114762306213
0.7086549401283264	0.8824866414070129
0.468009352684021	0.5353471636772156
0.47918546199798584	0.5528535842895508
0.6632247567176819	0.8195021152496338
0.49280446767807007	0.5742442607879639
0.500938355922699	0.5871772170066833
0.46318525075912476	0.5306944251060486
0.3903602361679077	0.4376071095466614
0.6364640593528748	0.78163081407547
0.665547788143158	0.81900554895401
0.38950759172439575	0.44091683626174927
0.4858151078224182	0.5642580389976501
0.7108535170555115	0.883228600025177
0.4964614510536194	0.5806654095649719
0.30493414402008057	0.3322769105434418
0.5560706257820129	0.6626664400100708
0.5010331273078918	0.5891185402870178
0.48187345266342163	0.5574114918708801
0.6900255680084229	0.8538265824317932
0.4360656142234802	0.5010159015655518
0.4265452027320862	0.48184332251548767
0.4552445411682129	0.5196241736412048
0.47340327501296997	0.545074999332428
0.6547572016716003	0.8031921982765198
0.4730258584022522	0.5448287129402161
0.49076229333877563	0.5686044096946716
0.46800220012664795	0.5394147038459778
0.1204516589641571	0.10113666951656342
0.31916362047195435	0.34841227531433105
0.5303672552108765	0.6252433657646179
0.3517586588859558	0.39320245385169983
0.6094877123832703	0.7376790642738342
0.6387810707092285	0.7827606797218323
0.49176937341690063	0.5706978440284729
0.46251457929611206	0.5315023064613342
0.6415270566940308	0.7830109000205994
0.2799132466316223	0.30094030499458313
0.5612631440162659	0.6714214086532593
0.43485957384109497	0.5033401250839233
0.5984535217285156	0.7264618873596191
0.6916868090629578	0.8575817942619324
0.4981479048728943	0.5806675553321838
0.4445335865020752	0.5049746632575989
0.49093884229660034	0.5712447762489319
0.4836266040802002	0.5607617497444153
0.48430687189102173	0.5618606805801392
0.5067014694213867	0.5929064154624939
0.47005796432495117	0.5414112210273743
0.5569331049919128	0.6639184951782227
0.4572390913963318	0.5227935314178467
0.4540039896965027	0.5165544152259827
0.3842116594314575	0.429826021194458
0.4620831608772278	0.5296000242233276
0.46885448694229126	0.5357263684272766
0.4828357696533203	0.5618346929550171
0.4878653883934021	0.5679522156715393
0.7434980273246765	0.9306228756904602
0.4616518020629883	0.5270559191703796
0.5053650736808777	0.5916070342063904
0.6575300097465515	0.8076501488685608
0.49957436323165894	0.5838760733604431
0.6057573556900024	0.7348286509513855
0.44084668159484863	0.5060916543006897
0.33870625495910645	0.3732425272464752
0.4553107023239136	0.5181447863578796
0.23320291936397552	0.2426471710205078
0.46873897314071655	0.5460370182991028
0.46265316009521484	0.5291325449943542
0.4554722309112549	0.5282744765281677
0.4766893982887268	0.5480783581733704
0.5440831780433655	0.6497818827629089
0.44231539964675903	0.5028437972068787
0.4744698405265808	0.5481640696525574
0.5049518346786499	0.5917420983314514
0.48101985454559326	0.5535704493522644
0.4860246777534485	0.5588690042495728
0.7396516799926758	0.9226914048194885
0.738731861114502	0.923695981502533
0.4623163342475891	0.5334150195121765
0.4674460291862488	0.5335021018981934
0.4900320768356323	0.5692456364631653
0.6631079912185669	0.8144403100013733
0.16928794980049133	0.16286243498325348
0.47530555725097656	0.5514693856239319
0.48723435401916504	0.5648712515830994
0.633324384689331	0.777111828327179
0.5052215456962585	0.59220290184021
0.2611863911151886	0.275760293006897
0.47185325622558594	0.5437144041061401
0.26830804347991943	0.28506654500961304
0.4900476336479187	0.5696261525154114
0.3987412452697754	0.4476920962333679
0.5502203106880188	0.6547008752822876
0.4729381799697876	0.5445237159729004
0.47498059272766113	0.5548595190048218
0.6598203182220459	0.8119980692863464
0.4829028844833374	0.5533470511436462
0.38274097442626953	0.43662869930267334
0.4764150381088257	0.5469644069671631
0.4683501720428467	0.5393044948577881
0.7121036648750305	0.8862709403038025
0.4295750856399536	0.4848659038543701
0.44829297065734863	0.5085782408714294
0.3479423522949219	0.3831888735294342
0.4997444152832031	0.5838618874549866
0.5907696485519409	0.7124230265617371
0.4679558277130127	0.5353364944458008
0.6181743741035461	0.7504298686981201
0.6674016714096069	0.821054995059967
0.5978524088859558	0.726159930229187
0.32867300510406494	0.36162519454956055
0.4835819602012634	0.5588990449905396
0.4728745222091675	0.5456505417823792
0.40041154623031616	0.4573989510536194
0.4343872666358948	0.49180275201797485
0.43744033575057983	0.5052518248558044
0.4787106513977051	0.5558089017868042
0.5093210935592651	0.6007391214370728
0.5009675025939941	0.5846061706542969
0.4504004716873169	0.5108957886695862
0.49106061458587646	0.5698018670082092
0.4842231273651123	0.5594841837882996
0.19725541770458221	0.19801117479801178
0.6422842741012573	0.78457111120224
0.4953919053077698	0.5777108073234558
0.47540003061294556	0.5467212796211243
0.6541098356246948	0.8037957549095154
0.438789963722229	0.5019363164901733
0.47742199897766113	0.5523386597633362
0.5244711637496948	0.6167766451835632
0.5792314410209656	0.6931998133659363
0.19896556437015533	0.19873949885368347
0.4393479824066162	0.5016705393791199
0.48921066522598267	0.568808376789093
0.4745222330093384	0.543714702129364
0.618761420249939	0.7543798089027405
0.5018628239631653	0.5857776403427124
0.5832996368408203	0.706846296787262
0.4669871926307678	0.5355531573295593
0.6466147899627686	0.7926066517829895
0.18772687017917633	0.1857055276632309
0.3822540044784546	0.42709919810295105
0.46445608139038086	0.5346593260765076
0.45248645544052124	0.525452196598053
0.41901731491088867	0.48334482312202454
0.4483112096786499	0.5196785926818848
0.47629326581954956	0.5555030107498169
0.5133610963821411	0.609569787979126
0.6025179028511047	0.73125821352005
0.4995245933532715	0.5859968662261963
0.46850675344467163	0.5431651473045349
0.38886094093322754	0.4346889853477478
0.3580027222633362	0.3971044421195984
0.4639880061149597	0.5323389768600464
0.4875490665435791	0.5667217373847961
0.6394827961921692	0.7808667421340942
0.2884688377380371	0.3109707534313202
0.5179283618927002	0.6134262681007385
0.4355810880661011	0.5052679181098938
0.47905147075653076	0.5533632636070251
0.18721112608909607	0.18530842661857605
0.49347347021102905	0.5782894492149353
0.23275087773799896	0.24194368720054626
0.3794717788696289	0.42423683404922485
0.42061567306518555	0.48379582166671753
0.6898064613342285	0.8521148562431335
0.49997544288635254	0.583603024482727
0.43884795904159546	0.49981310963630676
0.5033876895904541	0.5860185027122498
0.45544981956481934	0.5273136496543884
0.6958459615707397	0.8630914092063904
0.5046424865722656	0.589605987071991
0.4761889576911926	0.545674741268158
0.7476808428764343	0.9345570206642151
0.44950592517852783	0.51605224609375
0.48362845182418823	0.5636923313140869
0.7436140775680542	0.9299824833869934
0.24894572794437408	0.26181724667549133
0.5753480195999146	0.6911472082138062
0.48613810539245605	0.5649287104606628
0.49288904666900635	0.577221691608429
0.6033764481544495	0.7306943535804749
0.18913891911506653	0.18685439229011536
0.6001555323600769	0.72538161277771
0.5275551080703735	0.6240343451499939
0.29257816076278687	0.31562480330467224
0.4514566659927368	0.5174599289894104
0.47992199659347534	0.5539750456809998
0.5058916807174683	0.5963177680969238
0.49220889806747437	0.5708149075508118
0.3622596859931946	0.4010998606681824
0.5627468824386597	0.6739643812179565
0.4647754430770874	0.5301863551139832
0.3328189253807068	0.3650623559951782
0.45292091369628906	0.5227516293525696
0.4743928909301758	0.5475586652755737
0.6685376763343811	0.8251716494560242
0.642174482345581	0.7865347266197205
0.48942697048187256	0.5677939057350159
0.47961699962615967	0.5554670691490173
0.4628725051879883	0.5298512578010559
0.4635502099990845	0.5290753245353699
0.5077829360961914	0.5932521224021912
0.3208276629447937	0.3501509130001068
0.4625667333602905	0.5285716652870178
0.45019733905792236	0.5189751386642456
0.45440196990966797	0.5189480185508728
0.5463768839836121	0.6477195024490356
0.5000214576721191	0.584342896938324
0.6642349362373352	0.817990779876709
0.5313065648078918	0.6296679377555847
0.46588605642318726	0.5365776419639587
0.5188641548156738	0.6084040403366089
0.6166102886199951	0.7481295466423035
0.39723771810531616	0.4452967047691345
0.48372477293014526	0.5586225986480713
0.6293447017669678	0.7655103802680969
0.48989951610565186	0.5689235329627991
0.47621315717697144	0.5497353672981262
0.47452104091644287	0.5427859425544739
0.5068706274032593	0.5925472974777222
0.45474064350128174	0.5166967511177063
0.5038610100746155	0.5902525186538696
0.7305721640586853	0.9109259247779846
0.5268659591674805	0.621718168258667
0.31718045473098755	0.34629255533218384
0.3739192485809326	0.41605228185653687
0.28581419587135315	0.30772483348846436
0.7320348620414734	0.9137514233589172
0.469196617603302	0.536561906337738
0.4744647741317749	0.5421481728553772
0.46711987257003784	0.5368684530258179
0.6274802684783936	0.7655333876609802
0.7336615920066833	0.9141194224357605
0.4730501174926758	0.550368070602417
0.29236701130867004	0.3137131929397583
0.5667744278907776	0.6752998232841492
0.744344174861908	0.9297574162483215
0.7109719514846802	0.885066568851471
0.654059886932373	0.8006525635719299
0.3967677354812622	0.44669705629348755
0.5666526556015015	0.6786859631538391
0.29098594188690186	0.3144614100456238
0.4971070885658264	0.581403374671936
0.4892967939376831	0.5688192248344421
0.49558770656585693	0.578900158405304
0.46540743112564087	0.5333513617515564
0.5019463300704956	0.5857583284378052
0.6189001202583313	0.7506647109985352
0.46832478046417236	0.5385581851005554
0.649533212184906	0.7973126769065857
0.6345804929733276	0.7738425731658936
0.4833635687828064	0.5604466795921326
0.4618207812309265	0.5298272371292114
0.4777516722679138	0.5516634583473206
0.7386948466300964	0.9235235452651978
0.7009299397468567	0.8704243302345276
0.48270273208618164	0.5602205991744995
0.39260852336883545	0.44081687927246094
0.24885672330856323	0.26096275448799133
0.4916185140609741	0.5710418224334717
0.6405327320098877	0.782553493976593
0.4833645224571228	0.5627231597900391
0.7176498770713806	0.8894620537757874
0.4060242176055908	0.45715057849884033
0.5274007320404053	0.6216285824775696
0.5152553915977478	0.6065030694007874
0.42770910263061523	0.48621469736099243
0.2895108461380005	0.31177186965942383
0.4336605668067932	0.49244073033332825
0.48638010025024414	0.5650742053985596
0.4995505213737488	0.5843104124069214
0.4884733557701111	0.5663354396820068
0.4598765969276428	0.5295324921607971
0.2826612591743469	0.3039141893386841
0.4666135907173157	0.536505401134491
0.33129817247390747	0.36455249786376953
0.48370224237442017	0.5586954951286316
0.5802282691001892	0.6953215003013611
0.6406566500663757	0.7849544882774353
0.33580929040908813	0.36970871686935425
0.4949483871459961	0.577416181564331
0.21199184656143188	0.21600393950939178
0.7211925387382507	0.8994356393814087
0.4575846791267395	0.5231156945228577
0.4790534973144531	0.5547162294387817
0.7258023619651794	0.9064944982528687
0.29181814193725586	0.31349724531173706
0.5859857201576233	0.7046014070510864
0.4427814483642578	0.5118436813354492
0.5086895227432251	0.5948171019554138
0.45664501190185547	0.5209521651268005
0.5004710555076599	0.5848322510719299
0.7487867474555969	0.93544602394104
0.4691649079322815	0.5387799739837646
0.46023231744766235	0.5326421856880188
0.5355379581451416	0.6369624733924866
0.4838067293167114	0.5608189702033997
0.464044451713562	0.5317239165306091
0.4955417513847351	0.581447422504425
0.48431122303009033	0.5588973760604858
0.25228777527809143	0.2658977508544922
0.5713752508163452	0.6844070553779602
0.47272270917892456	0.5497117638587952
0.7227256894111633	0.8993478417396545
0.47746986150741577	0.5476556420326233
0.6654567122459412	0.8188549876213074
0.6286265254020691	0.7659035325050354
0.4859013557434082	0.5662086606025696
0.42689889669418335	0.49260270595550537
0.44575703144073486	0.5139063596725464
0.5118653774261475	0.5992212891578674
0.6824067831039429	0.8426899313926697
0.7393659949302673	0.9240582585334778
0.4548491835594177	0.5179067850112915
0.25532442331314087	0.26987218856811523
0.7522620558738708	0.941634476184845
0.59836745262146	0.7280437350273132
0.49633336067199707	0.5795568823814392
0.47876203060150146	0.5518128871917725
0.6797666549682617	0.8396691083908081
0.48136937618255615	0.5610267519950867
0.6045085787773132	0.7363385558128357
0.6382367014884949	0.7798283696174622
0.7215825915336609	0.9005506634712219
0.6685704588890076	0.8254972100257874
0.4159797430038452	0.47112521529197693
0.6883466839790344	0.8497838377952576
0.7169710993766785	0.8896207213401794
0.4912896752357483	0.5720922350883484
0.348074734210968	0.38723224401474
0.49310624599456787	0.5739672780036926
0.5210354924201965	0.6123406291007996
0.6288214921951294	0.7677841186523438
0.19840410351753235	0.19997623562812805
0.4439491033554077	0.5087092518806458
0.48890042304992676	0.5662665367126465
0.5495049357414246	0.6555287837982178
0.5041762590408325	0.5868311524391174
0.45151031017303467	0.5141863822937012
0.5333906412124634	0.6287502646446228
0.7394107580184937	0.9234927296638489
0.5093368291854858	0.5944628119468689
0.6858435273170471	0.8484765887260437
0.4516925811767578	0.514986515045166
0.4749486446380615	0.5446087121963501
0.4601498246192932	0.5242308974266052
0.4653528332710266	0.5405144691467285
0.4870848059654236	0.5689186453819275
0.6078974604606628	0.7359911799430847
0.47649508714675903	0.5483487248420715
0.46161067485809326	0.5279800891876221
0.5616445541381836	0.6696346402168274
0.45330673456192017	0.5162103772163391
0.7343348264694214	0.9181589484214783
0.49445170164108276	0.5710174441337585
0.23200954496860504	0.24147383868694305
0.32376164197921753	0.3543716371059418
0.6943166255950928	0.8615774512290955
0.48826706409454346	0.5698404908180237
0.4181935787200928	0.47327619791030884
0.5131791830062866	0.6039618849754333
0.6954719424247742	0.8616113066673279
0.23033176362514496	0.23988059163093567
0.2867036461830139	0.30844569206237793
0.20887409150600433	0.2116135060787201
0.46745234727859497	0.5333131551742554
0.6116029024124146	0.7400310635566711
0.4710657596588135	0.5397800803184509
0.5495294332504272	0.6517868638038635
0.6272822022438049	0.7625192999839783
0.4751356244087219	0.5514342188835144
0.4336719512939453	0.49949294328689575
0.49554216861724854	0.5781499147415161
0.4994649291038513	0.5835312008857727
0.464158296585083	0.5325504541397095
0.5006049275398254	0.5869853496551514
0.45368069410324097	0.5259671211242676
0.49056798219680786	0.573785662651062
0.1804615706205368	0.17549727857112885
0.4583014249801636	0.5310692191123962
0.6291581392288208	0.7691150903701782
0.4956986904144287	0.5777880549430847
0.5746206045150757	0.6906108260154724
0.40054696798324585	0.4492543339729309
0.4880732297897339	0.5682933330535889
0.6236921548843384	0.7596644759178162
0.2509925961494446	0.26359832286834717
0.5283570885658264	0.623036801815033
0.40905410051345825	0.45971250534057617
0.259684681892395	0.2755921483039856
0.4779514670372009	0.551703155040741
0.45199185609817505	0.5168086886405945
0.5677993893623352	0.6791213154792786
0.4815348982810974	0.5581297874450684
0.6314228177070618	0.7763968110084534
0.4865643382072449	0.569128155708313
0.45005249977111816	0.5112857222557068
0.48923259973526	0.5758045315742493
0.49018675088882446	0.5673728585243225
0.4873958230018616	0.5632362961769104
0.19412709772586823	0.19328275322914124
0.5894970297813416	0.7092679738998413
0.4871205687522888	0.5661130547523499
0.4831671714782715	0.5553629994392395
0.6411781907081604	0.7868396639823914
0.48975902795791626	0.5650439858436584
0.6957798004150391	0.8596081137657166
0.6106867790222168	0.741771936416626
0.4810402989387512	0.5528879761695862
0.5167109966278076	0.6082330346107483
0.46223145723342896	0.5307758450508118
0.4746330976486206	0.5511207580566406
0.5003442764282227	0.5892147421836853
0.3963676691055298	0.44510334730148315
0.2725696563720703	0.2912824749946594
0.4735848903656006	0.5443285703659058
0.47926604747772217	0.5560824871063232
0.4824502468109131	0.5588804483413696
0.4914991855621338	0.5715444684028625
0.4751952886581421	0.5486608147621155
0.46943390369415283	0.5404387712478638
0.43903207778930664	0.49747616052627563
0.4784775376319885	0.5540472269058228
0.18039840459823608	0.17749951779842377
0.4652321934700012	0.5367724299430847
0.4867377281188965	0.5623019933700562
0.18905971944332123	0.18663783371448517
0.4723396301269531	0.5436151623725891
0.44554847478866577	0.5117591023445129
0.47242069244384766	0.5445919632911682
0.5075926780700684	0.5980097651481628
0.4546639919281006	0.5242431163787842
0.6935631632804871	0.8595770597457886
0.47605401277542114	0.5492253303527832
0.3648337721824646	0.4088016450405121
0.6870896220207214	0.8510698080062866
0.5587367415428162	0.6667034029960632
0.47745370864868164	0.55018550157547
0.47368401288986206	0.5433928370475769
0.44687700271606445	0.5086015462875366
0.5978497266769409	0.7258617877960205
0.7627647519111633	0.9556589126586914
0.6517137885093689	0.7983118295669556
0.2645109295845032	0.2821647524833679
0.4029996991157532	0.4552202820777893
0.46790748834609985	0.5361530780792236
0.4506458044052124	0.5140190124511719
0.4848899245262146	0.5632501244544983
0.3005034327507019	0.3263445496559143
0.4976475238800049	0.58414626121521
0.6873225569725037	0.850371241569519
0.4037439823150635	0.45451369881629944
0.48231685161590576	0.5559780597686768
0.4501034617424011	0.5194575786590576
0.5025674700737	0.5891615152359009
0.46120548248291016	0.5269565582275391
0.23217904567718506	0.24228999018669128
0.6490370631217957	0.7958554625511169
0.46096622943878174	0.527165949344635
0.48223352432250977	0.5572086572647095
0.36522650718688965	0.40794238448143005
0.46776169538497925	0.5346102118492126
0.49489259719848633	0.5747414231300354
0.4761103391647339	0.5487722754478455
0.42626363039016724	0.4833328127861023
0.45498138666152954	0.5206640958786011
0.6541512608528137	0.803638756275177
0.6446178555488586	0.7881264090538025
0.30434179306030273	0.33103394508361816
0.6770802736282349	0.8345346450805664
0.6262933015823364	0.7648023962974548
0.4177379012107849	0.4710896909236908
0.48106086254119873	0.5617792010307312
0.5850246548652649	0.708294153213501
0.2804919183254242	0.3006887435913086
0.43123865127563477	0.4870399832725525
0.45386767387390137	0.5157575011253357
0.6274846196174622	0.7653382420539856
0.48036980628967285	0.5554549098014832
0.3918149471282959	0.4382430613040924
0.42070120573043823	0.4809369146823883
0.41846591234207153	0.47147855162620544
0.48309946060180664	0.5582183599472046
0.4234747290611267	0.4900483191013336
0.3907228112220764	0.43721702694892883
0.46103841066360474	0.5329468250274658
0.2530156672000885	0.26680076122283936
0.46513038873672485	0.5327956080436707
0.4801955819129944	0.5557045340538025
0.4769502282142639	0.5477681756019592
0.363381028175354	0.4030584692955017
0.49142003059387207	0.5723268985748291
0.6992884278297424	0.8686301112174988
0.492658793926239	0.5736181139945984
0.4540516138076782	0.5173594951629639
0.42575371265411377	0.48216673731803894
0.4791717529296875	0.5537272691726685
0.22203776240348816	0.2280600666999817
0.48464810848236084	0.5644727945327759
0.4455687403678894	0.5077908635139465
0.5281136631965637	0.6227754354476929
0.35512322187423706	0.397278368473053
0.4720727801322937	0.5427063703536987
0.42838233709335327	0.48593854904174805
0.4671703577041626	0.5416170954704285
0.6430333256721497	0.7880312204360962
0.7236633896827698	0.900420069694519
0.4308803081512451	0.488404244184494
0.6731939911842346	0.831787645816803
0.48695093393325806	0.5651416778564453
0.4244338274002075	0.48947346210479736
0.36422061920166016	0.4056367874145508
0.3622097969055176	0.4030020236968994
0.652580201625824	0.8032501339912415
0.4777512550354004	0.5480145812034607
0.49256187677383423	0.574158251285553
0.3066023588180542	0.33285391330718994
0.5446470975875854	0.6482269167900085
0.7176591753959656	0.8931219577789307
0.4643327593803406	0.5336902141571045
0.47723233699798584	0.5512999296188354
0.6796191930770874	0.8363264799118042
0.4673815965652466	0.5379548072814941
0.4440685510635376	0.5044347047805786
0.5806548595428467	0.6990647912025452
0.4551100730895996	0.5227980613708496
0.391126811504364	0.43795403838157654
0.5388144850730896	0.6428750157356262
0.47806602716445923	0.5527199506759644
0.4489644169807434	0.5163111090660095
0.4725385904312134	0.5501887798309326
0.5146875977516174	0.6016356348991394
0.4834357500076294	0.5608658194541931
0.7158605456352234	0.8923417925834656
0.36845993995666504	0.41079550981521606
0.4836547374725342	0.558883547782898
0.45281195640563965	0.5210585594177246
0.6659771203994751	0.8183778524398804
0.43768155574798584	0.4949849247932434
0.7016653418540955	0.8714357614517212
0.4398510456085205	0.49838942289352417
0.659433126449585	0.811619222164154
0.47879302501678467	0.5545476078987122
0.5122175812721252	0.6013251543045044
0.6448118090629578	0.7899302244186401
0.4593392610549927	0.5298998355865479
0.6129108667373657	0.743526041507721
0.4233435392379761	0.48698824644088745
0.48135530948638916	0.5614644885063171
0.4211423397064209	0.483088880777359
0.4605584144592285	0.53424471616745
0.35967904329299927	0.3997296094894409
0.44521331787109375	0.5181605815887451
0.695186197757721	0.8620633482933044
0.47884535789489746	0.5531154274940491
0.43734508752822876	0.504284143447876
0.4618178606033325	0.530941903591156
0.4926040768623352	0.5765827298164368
0.47263503074645996	0.5431457757949829
0.46511948108673096	0.5311794877052307
0.46796292066574097	0.5382207632064819
0.6234123110771179	0.757620632648468
0.4548788070678711	0.5249508023262024
0.47944021224975586	0.5578567385673523
0.4760162830352783	0.5475043654441833
0.2533336281776428	0.2678685188293457
0.47928082942962646	0.5525548458099365
0.5009549260139465	0.5843565464019775
0.6960955262184143	0.8609360456466675
0.4186181426048279	0.47195184230804443
0.4952269196510315	0.5737942457199097
0.3944651484489441	0.4418705105781555
0.6344281435012817	0.7756503224372864
0.5682456493377686	0.6840031743049622
0.7087103128433228	0.8801581263542175
0.6321765780448914	0.7698389291763306
0.6785423159599304	0.8368619680404663
0.6183316111564636	0.7548547387123108
0.47463154792785645	0.5447899699211121
0.44452494382858276	0.5074917674064636
0.4398946166038513	0.5076823830604553
0.7600609064102173	0.9506217837333679
0.4779602885246277	0.5470618605613708
0.43971753120422363	0.4983009099960327
0.4798012971878052	0.5503293871879578
0.5117090940475464	0.6030668616294861
0.706024706363678	0.8784947991371155
0.35355865955352783	0.3911661207675934
0.4562914967536926	0.5284702777862549
0.4565927982330322	0.5231011509895325
0.3300839066505432	0.3629610538482666
0.4588397741317749	0.5320562720298767
0.6572560667991638	0.8084983229637146
0.6546764373779297	0.8025129437446594
0.49145281314849854	0.5727096796035767
0.49397629499435425	0.5729362964630127
0.4521624445915222	0.5159341096878052
0.4622722268104553	0.5282831788063049
0.47641217708587646	0.5557239055633545
0.44379210472106934	0.5053985714912415
0.22076630592346191	0.22632715106010437
