1
-19.6549015045166	14.447396278381348
-24.62488555908203	23.45145034790039
-22.558364868164062	10.769654273986816
-18.2742862701416	9.268506050109863
-9.151813507080078	18.68623924255371
-30.536298751831055	19.683372497558594
-13.19233226776123	15.397771835327148
-15.320136070251465	7.121691703796387
-14.969107627868652	19.263513565063477
-31.194700241088867	18.670438766479492
-12.424948692321777	10.782113075256348
-27.54477882385254	20.908954620361328
-23.080018997192383	26.73210334777832
-31.295608520507812	17.972545623779297
-18.032276153564453	21.983089447021484
-31.82355308532715	13.424324989318848
-32.03744888305664	18.775970458984375
-25.169208526611328	18.807397842407227
-17.53415298461914	9.411650657653809
-17.979320526123047	15.814291954040527
-23.712011337280273	17.880342483520508
-15.874516487121582	20.09220314025879
-15.852706909179688	23.213363647460938
-15.259509086608887	25.520061492919922
-20.310441970825195	27.493066787719727
-27.709856033325195	17.993602752685547
-27.184326171875	23.867380142211914
-16.491744995117188	23.51990509033203
-26.83263397216797	17.82243537902832
-11.137925148010254	22.99821662902832
-30.77803611755371	15.857216835021973
-15.51750659942627	23.028545379638672
-28.483556747436523	18.51664161682129
-27.2772274017334	11.590120315551758
-15.481841087341309	18.950193405151367
-20.543926239013672	26.748943328857422
-22.688989639282227	20.003005981445312
-20.754648208618164	28.095842361450195
-17.696266174316406	24.168350219726562
-18.146757125854492	23.71164894104004
-21.338050842285156	13.53938102722168
-9.269039154052734	17.654809951782227
-16.337116241455078	22.270084381103516
-13.123713493347168	7.2918548583984375
-28.802621841430664	22.59832000732422
-13.245595932006836	7.5279035568237305
-20.189985275268555	14.650496482849121
-21.059083938598633	27.2059326171875
-18.118358612060547	14.836041450500488
-11.300291061401367	15.817801475524902
-18.459266662597656	20.141504287719727
-19.844316482543945	21.25845718383789
-18.515207290649414	16.746225357055664
-10.932068824768066	22.55129051208496
-28.708494186401367	22.222938537597656
-24.67890739440918	19.12312126159668
-18.635337829589844	14.886216163635254
-25.732723236083984	13.626931190490723
-27.093259811401367	11.488973617553711
-14.374627113342285	21.479976654052734
-13.544862747192383	11.157608985900879
-12.131061553955078	24.004480361938477
-20.870851516723633	13.056735038757324
-12.314671516418457	19.05207633972168
-10.652491569519043	15.108128547668457
-27.721960067749023	23.452939987182617
-21.683927536010742	16.06825828552246
-18.175203323364258	22.223451614379883
-10.539584159851074	13.88673210144043
-11.813363075256348	20.142362594604492
-21.450693130493164	11.56898021697998
-22.695236206054688	11.895051956176758
-9.374574661254883	15.108312606811523
-32.20615768432617	16.102006912231445
-22.98799705505371	9.50927734375
-13.763858795166016	17.131582260131836
-13.163108825683594	9.026801109313965
-24.27292251586914	25.09092903137207
-20.333078384399414	16.74560546875
-20.41777801513672	14.670938491821289
-23.004352569580078	11.058762550354004
-22.153888702392578	18.62287139892578
-16.030359268188477	18.608732223510742
-28.490467071533203	16.103744506835938
-24.536474227905273	11.808732986450195
-14.393776893615723	8.861741065979004
-25.37905502319336	25.42852783203125
-26.11017608642578	24.819950103759766
-18.215866088867188	20.04593849182129
-13.735466957092285	17.962059020996094
-28.75933265686035	18.9481201171875
-19.005830764770508	21.896589279174805
-15.33492660522461	18.534908294677734
-31.681777954101562	17.188854217529297
-11.212148666381836	13.645195960998535
-25.8662109375	11.071270942687988
-19.206932067871094	14.606645584106445
-9.860329627990723	13.082038879394531
-15.793669700622559	19.421409606933594
-25.69866371154785	9.936342239379883
-10.391735076904297	21.378189086914062
-20.78867530822754	17.70721435546875
-16.456832885742188	20.949474334716797
-22.11334991455078	19.045541763305664
-20.20390510559082	18.064664840698242
-27.91265869140625	23.25851821899414
-31.46710777282715	17.890230178833008
-27.3783016204834	20.380231857299805
-25.27890396118164	18.438440322875977
-18.269073486328125	14.377531051635742
-21.00967788696289	20.92372703552246
-8.930420875549316	15.803043365478516
-14.51414966583252	8.256832122802734
-32.26380157470703	14.373053550720215
-27.511322021484375	15.449762344360352
-12.907890319824219	9.503761291503906
-11.611978530883789	11.818673133850098
-17.805776596069336	23.098939895629883
-31.036083221435547	19.71109390258789
-17.39052391052246	16.899690628051758
-26.617578506469727	13.256360054016113
-26.317583084106445	13.370643615722656
-25.269500732421875	13.483519554138184
-14.321003913879395	19.693191528320312
-16.497989654541016	15.411792755126953
-16.26833724975586	7.128325939178467
-27.369794845581055	14.127230644226074
-31.399755477905273	19.9043025970459
-28.521345138549805	17.91681671142578
-24.99799156188965	25.379920959472656
-28.451780319213867	19.988054275512695
-30.7775821685791	16.85466766357422
-13.887640953063965	8.396016120910645
-11.300565719604492	21.39163589477539
-29.462629318237305	22.051403045654297
-23.273292541503906	18.55172348022461
-17.886913299560547	23.991390228271484
-18.018083572387695	17.13487434387207
-17.78250503540039	19.316965103149414
-29.020278930664062	11.036225318908691
-16.09776496887207	27.38693618774414
-15.930548667907715	6.63075590133667
-15.618306159973145	20.554550170898438
-22.33567237854004	26.107345581054688
-11.939842224121094	14.407011985778809
-30.566946029663086	20.281213760375977
-17.904966354370117	23.407075881958008
-22.98495864868164	11.133267402648926
-19.235979080200195	25.845909118652344
-21.367393493652344	20.610275268554688
-16.963939666748047	6.690931797027588
-12.953304290771484	17.641082763671875
-21.85666275024414	11.054239273071289
-16.937191009521484	22.0731201171875
-20.16269874572754	16.000364303588867
-31.559274673461914	19.15499496459961
-26.739105224609375	14.345664978027344
-13.580227851867676	9.542411804199219
-18.668926239013672	27.908531188964844
-18.652544021606445	17.08890151977539
-24.07114601135254	18.83384132385254
-13.236356735229492	7.997520923614502
-13.333344459533691	8.264105796813965
-27.693401336669922	12.661979675292969
-15.139636039733887	21.942907333374023
-18.482364654541016	14.516310691833496
-11.64272403717041	12.982833862304688
-22.166704177856445	20.025005340576172
-15.764389991760254	21.728870391845703
-30.472719192504883	11.83889389038086
-16.205183029174805	28.01595687866211
-8.917533874511719	14.229604721069336
-15.840851783752441	20.879676818847656
-22.21563148498535	10.801924705505371
-21.76787567138672	11.246912002563477
-17.51910400390625	14.882990837097168
-27.39653778076172	23.620643615722656
-20.104530334472656	17.31641960144043
-17.5355224609375	14.620991706848145
-10.491935729980469	15.974767684936523
-18.91688346862793	21.7031192779541
-26.669775009155273	9.674945831298828
-26.194149017333984	23.352279663085938
-24.766435623168945	9.427940368652344
-28.121395111083984	23.180896759033203
-16.641010284423828	15.365735054016113
-13.637146949768066	9.582125663757324
-10.891338348388672	17.36332130432129
-15.005922317504883	21.009971618652344
-27.81723403930664	16.06264877319336
-22.694137573242188	24.50409507751465
-22.27185821533203	18.989479064941406
-25.097976684570312	13.602940559387207
-30.29751205444336	15.392237663269043
-18.220855712890625	26.348360061645508
-23.11141014099121	12.793486595153809
-21.890108108520508	12.30710220336914
-13.2970609664917	7.072944164276123
-24.567054748535156	25.770723342895508
-29.806379318237305	15.840644836425781
-14.529129981994629	17.816219329833984
-17.151342391967773	21.919599533081055
-31.687847137451172	15.391225814819336
-20.657041549682617	14.96549129486084
-23.258256912231445	10.271821022033691
-25.08486557006836	23.71831512451172
-10.793465614318848	19.9257869720459
-18.577957153320312	9.505118370056152
-21.426021575927734	28.17591094970703
-22.996810913085938	26.855636596679688
-13.080060005187988	8.153055191040039
-16.810270309448242	23.082443237304688
-17.813392639160156	21.806543350219727
-27.83260154724121	21.691036224365234
-20.17941665649414	17.87140464782715
-17.310474395751953	15.204754829406738
-18.90656852722168	13.629849433898926
-24.040206909179688	9.934439659118652
-18.22369384765625	14.802339553833008
-28.869728088378906	20.464298248291016
-28.989013671875	20.261459350585938
-24.497655868530273	10.906546592712402
-13.900678634643555	18.53481101989746
-17.917835235595703	7.515453338623047
-29.097156524658203	19.32184600830078
-27.256418228149414	14.515690803527832
-20.455900192260742	17.54733657836914
-22.567699432373047	18.477584838867188
-31.270221710205078	14.90457820892334
-19.258407592773438	13.660975456237793
-21.258136749267578	11.653877258300781
-32.014183044433594	17.408266067504883
-9.615884780883789	19.693769454956055
-20.874605178833008	12.651270866394043
-14.373129844665527	6.464655876159668
-27.526975631713867	13.708988189697266
-14.356841087341309	22.71563148498535
-10.407872200012207	14.933423042297363
-19.9694881439209	28.3248348236084
-11.52645206451416	11.359515190124512
-12.841809272766113	10.824020385742188
-20.730571746826172	19.575016021728516
-12.611021041870117	21.027847290039062
-14.902689933776855	16.651046752929688
-11.15725326538086	23.040178298950195
-31.9133358001709	16.39928436279297
-31.804977416992188	18.636762619018555
-20.619001388549805	15.999137878417969
-25.100414276123047	9.359728813171387
-15.085577011108398	10.035173416137695
-29.08268165588379	10.892555236816406
-10.360222816467285	17.803085327148438
-14.760491371154785	22.030723571777344
-19.12027931213379	14.674604415893555
-30.55388069152832	19.069011688232422
-8.049068450927734	16.2921085357666
-17.182405471801758	18.30469512939453
-14.922547340393066	18.840652465820312
-12.995959281921387	7.6269755363464355
-17.42852020263672	16.80397605895996
-20.647117614746094	21.25567626953125
-28.591203689575195	19.19072914123535
-14.296114921569824	20.734607696533203
-22.050397872924805	12.604588508605957
-15.595315933227539	22.855865478515625
-17.808988571166992	14.403449058532715
-17.483753204345703	19.132789611816406
-28.665184020996094	13.570181846618652
-21.177600860595703	25.852134704589844
-22.589292526245117	19.955448150634766
-22.447370529174805	11.280165672302246
-16.15497589111328	8.721519470214844
-10.319986343383789	21.2224178314209
-28.33642578125	22.646020889282227
-15.56500244140625	25.201602935791016
-17.397052764892578	19.14895248413086
-22.69060707092285	20.677167892456055
-28.53329849243164	15.036392211914062
-19.174772262573242	20.549448013305664
-17.25257682800293	14.795695304870605
-21.83646583557129	23.06001091003418
-8.414996147155762	16.061086654663086
-24.06108856201172	12.347249031066895
-11.600361824035645	14.245759963989258
-16.44699478149414	19.2866153717041
-17.866886138916016	14.490490913391113
-11.00106430053711	11.951376914978027
-16.34371566772461	18.76803970336914
-19.060632705688477	14.85312557220459
-16.148950576782227	15.664039611816406
-28.789966583251953	20.364795684814453
-17.332639694213867	23.971378326416016
-17.165315628051758	23.316390991210938
-15.879557609558105	15.886780738830566
-8.197758674621582	15.274234771728516
-16.926700592041016	21.37479591369629
-27.79092025756836	19.96559715270996
-15.720438003540039	8.59375
-15.057622909545898	20.036046981811523
-9.251832008361816	18.903385162353516
-30.10015296936035	18.636632919311523
-29.418087005615234	14.026442527770996
-17.336891174316406	6.722371578216553
-29.133455276489258	22.255205154418945
-23.50788688659668	11.865911483764648
-23.883779525756836	12.394730567932129
-19.469331741333008	24.61334228515625
-18.17093849182129	27.498891830444336
-15.037799835205078	8.6619234085083
-10.37805461883545	12.767609596252441
-18.83136749267578	25.546781539916992
-28.0048828125	18.226003646850586
-23.988134384155273	24.431438446044922
-12.987295150756836	7.5271897315979
-16.390958786010742	8.937284469604492
-22.194578170776367	20.240550994873047
-16.726360321044922	6.455053329467773
-18.857545852661133	27.335586547851562
-21.204832077026367	12.220738410949707
-16.205394744873047	15.683432579040527
-12.706198692321777	10.455171585083008
-13.603012084960938	6.498168468475342
-17.299388885498047	24.2421817779541
-18.50339698791504	7.700041770935059
-9.515401840209961	13.411506652832031
-10.693199157714844	22.032686233520508
-14.834310531616211	27.78227424621582
-27.965484619140625	17.73940086364746
-20.31410789489746	12.773850440979004
-19.560514450073242	18.43439292907715
-30.6602840423584	20.269346237182617
-30.889543533325195	20.63987922668457
-26.390825271606445	11.69571590423584
-19.089258193969727	28.02153778076172
-8.480182647705078	15.0293607711792
-20.51381492614746	12.226945877075195
-10.997543334960938	19.467668533325195
-14.762787818908691	17.88374137878418
-27.011146545410156	9.831253051757812
-15.309440612792969	22.509403228759766
-17.691368103027344	23.866743087768555
-26.742687225341797	22.875446319580078
-27.207334518432617	23.009628295898438
-27.20429801940918	16.951631546020508
-27.57699966430664	23.223901748657227
-31.599170684814453	13.213827133178711
-23.303869247436523	9.47000789642334
-31.176780700683594	20.278470993041992
-21.966222763061523	25.156328201293945
-20.82319450378418	12.213918685913086
-13.142254829406738	8.731438636779785
-15.495221138000488	6.744368076324463
-30.19092559814453	12.301042556762695
-9.450806617736816	18.75810432434082
-17.098365783691406	15.281495094299316
-21.044353485107422	19.494503021240234
-16.8189697265625	6.383437156677246
-18.799448013305664	23.892120361328125
-14.549506187438965	10.562361717224121
-24.39956283569336	9.518916130065918
-24.66584587097168	10.148575782775879
-23.13490104675293	13.17513656616211
-15.065627098083496	20.213769912719727
-31.06806182861328	20.387493133544922
-24.327468872070312	19.025068283081055
-13.536242485046387	19.286279678344727
-30.43750762939453	11.7466459274292
-11.286137580871582	13.895500183105469
-14.590946197509766	6.048252105712891
-10.755311965942383	12.583158493041992
-28.2493953704834	14.730109214782715
-26.90300750732422	12.240726470947266
-15.859443664550781	22.523578643798828
-25.006811141967773	23.622182846069336
-27.590911865234375	16.15121078491211
-17.664274215698242	7.04410982131958
-11.092219352722168	13.894827842712402
-18.026304244995117	20.626028060913086
-17.739931106567383	20.465593338012695
-12.843208312988281	20.260623931884766
-16.988018035888672	8.35954761505127
-18.819963455200195	7.827261447906494
-11.683164596557617	23.23883056640625
-19.12211799621582	24.777965545654297
-18.834096908569336	23.907745361328125
-20.468578338623047	14.829122543334961
-8.352598190307617	15.994010925292969
-15.465238571166992	16.520252227783203
-19.331565856933594	13.553794860839844
-22.93546485900879	25.946352005004883
-21.353572845458984	13.265973091125488
-27.48234748840332	20.244455337524414
-22.687795639038086	27.182727813720703
-16.540922164916992	9.045348167419434
-24.65794563293457	12.807095527648926
-15.292004585266113	6.267675399780273
-20.095327377319336	21.982776641845703
-18.92534637451172	13.896921157836914
-28.931612014770508	19.785587310791016
-18.954538345336914	23.589067459106445
-11.426189422607422	21.540388107299805
-11.26484489440918	11.64632511138916
-29.689369201660156	16.731361389160156
-26.899883270263672	24.019014358520508
-27.00141143798828	23.75078773498535
-30.533035278320312	19.315156936645508
-24.650226593017578	10.465445518493652
-16.69261932373047	22.986520767211914
-22.17743682861328	18.74158477783203
-26.485139846801758	15.71025276184082
-17.497072219848633	22.84314727783203
-23.340682983398438	26.565372467041016
-17.267127990722656	27.433883666992188
-10.493340492248535	14.193161964416504
-15.361644744873047	8.33447551727295
-18.026832580566406	23.39865493774414
-21.607397079467773	11.527863502502441
-31.78101348876953	13.080020904541016
-18.819263458251953	26.541471481323242
-21.984081268310547	26.217294692993164
-21.10492515563965	27.937952041625977
-16.188364028930664	27.585636138916016
-31.797346115112305	16.114240646362305
-16.611858367919922	27.44131088256836
-31.05532455444336	20.20760726928711
-19.774709701538086	23.42179298400879
-18.525001525878906	13.897075653076172
-10.57192325592041	16.747621536254883
-29.89578628540039	21.662561416625977
-24.877180099487305	25.760957717895508
-10.689508438110352	21.697656631469727
-29.14362907409668	12.803412437438965
-16.84697151184082	26.13135528564453
-31.306055068969727	17.704408645629883
-8.272868156433105	16.777992248535156
-22.34722137451172	27.665061950683594
-16.677303314208984	16.540754318237305
-23.659103393554688	19.58860206604004
-27.467025756835938	11.58469295501709
-28.03960609436035	19.364601135253906
-30.148176193237305	20.61775016784668
-30.212717056274414	13.622090339660645
-9.870918273925781	12.919157028198242
-13.291749000549316	10.340733528137207
-22.971811294555664	12.123414993286133
-13.136571884155273	8.593880653381348
-21.30118179321289	28.175718307495117
-22.845184326171875	9.768754005432129
-21.862916946411133	11.051871299743652
-13.916370391845703	10.391511917114258
-15.343503952026367	16.971111297607422
-12.341495513916016	11.236726760864258
-24.17222023010254	25.774024963378906
-10.373451232910156	15.208642959594727
-25.968748092651367	9.493742942810059
-9.375286102294922	13.480143547058105
-12.476563453674316	23.788188934326172
-13.234427452087402	8.303166389465332
-15.366936683654785	21.706371307373047
-10.237998962402344	15.628263473510742
-16.002607345581055	17.33091926574707
-21.018260955810547	18.651838302612305
-19.020999908447266	24.837833404541016
-8.773051261901855	17.181245803833008
-19.72643280029297	23.17142105102539
-26.998950958251953	14.062784194946289
-26.50359344482422	24.007286071777344
-27.2424373626709	23.880094528198242
-11.971869468688965	11.051053047180176
-8.274160385131836	15.652791023254395
-27.964008331298828	14.14153003692627
-23.3956241607666	10.975625038146973
-30.484201431274414	13.528937339782715
-12.448212623596191	19.210826873779297
-25.979793548583984	24.933013916015625
-16.840721130371094	20.97599983215332
-9.169075965881348	15.424582481384277
-25.77147102355957	13.326403617858887
-27.84488296508789	10.726051330566406
-15.380728721618652	27.670833587646484
-22.689533233642578	11.570755004882812
-18.922468185424805	13.766849517822266
-14.7268705368042	17.010042190551758
-19.283946990966797	28.68688201904297
-27.37620735168457	16.139659881591797
-31.25697135925293	18.15658950805664
-24.94314193725586	10.436519622802734
-15.371211051940918	18.233407974243164
-11.723779678344727	16.898122787475586
-18.247364044189453	21.4614200592041
-23.4742488861084	11.833639144897461
-19.595415115356445	13.484846115112305
-18.913143157958984	19.89086151123047
-22.386442184448242	10.486577033996582
-12.670910835266113	10.23047161102295
-8.383585929870605	16.153186798095703
-22.982160568237305	27.163572311401367
-21.185237884521484	27.210630416870117
-21.025127410888672	27.51327896118164
-13.472427368164062	6.373724460601807
-18.753713607788086	17.247159957885742
-10.96904468536377	22.631567001342773
-23.254459381103516	20.266996383666992
-23.45405387878418	10.728882789611816
-22.714313507080078	20.134010314941406
-18.898942947387695	14.98714542388916
-21.414880752563477	13.327783584594727
-23.47203826904297	9.737985610961914
-16.84480857849121	21.779865264892578
-18.60660171508789	19.874126434326172
-15.834877967834473	22.162635803222656
-13.067506790161133	9.373819351196289
-15.837108612060547	22.266202926635742
-20.803730010986328	12.23952579498291
-15.220385551452637	16.85771942138672
-13.361562728881836	6.668359756469727
-27.08658790588379	24.037614822387695
-21.02406883239746	21.893341064453125
-12.114933967590332	11.06401538848877
-27.818330764770508	23.431978225708008
-15.765238761901855	20.212017059326172
-25.60388946533203	14.0213623046875
-12.1034517288208	11.345879554748535
-28.31517791748047	18.875732421875
-13.52978515625	22.177173614501953
-15.880285263061523	24.463600158691406
-24.247940063476562	26.248239517211914
-15.153407096862793	7.590131759643555
-27.245880126953125	16.897947311401367
-16.3971004486084	15.63162612915039
-29.57826042175293	11.264313697814941
-30.397823333740234	12.768962860107422
-14.705504417419434	22.28106117248535
-21.10483741760254	12.996458053588867
-27.186120986938477	23.881690979003906
-27.910139083862305	18.702342987060547
-21.821868896484375	25.588777542114258
-20.60113525390625	26.738439559936523
-18.045391082763672	17.080156326293945
-30.346208572387695	20.80268669128418
-18.943830490112305	14.636584281921387
-27.33451271057129	22.45903968811035
-16.9312744140625	15.049324035644531
-16.94174575805664	23.795974731445312
-25.664297103881836	23.158111572265625
-17.677709579467773	14.8118896484375
-16.17259407043457	18.674562454223633
-15.611906051635742	23.397109985351562
-27.67367172241211	22.98581314086914
-20.37689781188965	28.008771896362305
-30.86659049987793	17.734941482543945
-29.025564193725586	19.370044708251953
-14.65272045135498	18.253692626953125
-28.33592987060547	19.5673828125
-22.762161254882812	27.114381790161133
-15.406498908996582	20.82353973388672
-10.157824516296387	16.087860107421875
-13.141682624816895	11.170841217041016
-14.462052345275879	9.401002883911133
-22.947410583496094	10.339067459106445
-17.1429443359375	15.056877136230469
-11.572977066040039	18.790237426757812
-21.279678344726562	21.129091262817383
-12.843791961669922	19.02224349975586
-30.444793701171875	18.157642364501953
-18.942399978637695	23.29578399658203
-26.264026641845703	24.677824020385742
-23.466176986694336	25.095672607421875
-25.328182220458984	15.096484184265137
-27.2152099609375	11.423666000366211
-26.128353118896484	24.578025817871094
-13.085068702697754	15.30333137512207
-11.022778511047363	12.523541450500488
-10.39696216583252	14.27243423461914
-28.729934692382812	19.79396629333496
-9.394454002380371	13.398924827575684
-10.63001823425293	12.512201309204102
-14.68891429901123	6.214169979095459
-16.665021896362305	16.051067352294922
-18.550004959106445	18.517547607421875
-30.90488052368164	19.27800750732422
-24.408540725708008	12.3064603805542
-11.05543041229248	20.60643768310547
-21.367448806762695	12.27488899230957
-15.99915599822998	18.733230590820312
-28.86911964416504	22.509830474853516
-18.28403091430664	16.63875389099121
-25.458110809326172	25.0710506439209
-21.471738815307617	26.542903900146484
-15.724466323852539	23.88028335571289
-29.87294578552246	21.588376998901367
-19.48511505126953	28.087026596069336
-19.587331771850586	17.32680892944336
-30.10328483581543	21.417253494262695
-31.387659072875977	12.973031997680664
-30.158781051635742	19.633033752441406
-27.171276092529297	16.4231014251709
-19.38125991821289	19.143402099609375
-20.549707412719727	21.899192810058594
-26.005538940429688	24.656450271606445
-27.664710998535156	21.918128967285156
-26.755706787109375	24.129043579101562
-15.123403549194336	16.864574432373047
-12.321277618408203	22.463214874267578
-19.630563735961914	22.889902114868164
-9.10943603515625	15.632590293884277
-30.12847137451172	15.729764938354492
-12.552716255187988	10.614293098449707
-12.124316215515137	10.931477546691895
-20.18357276916504	13.352690696716309
-26.728960037231445	24.08304214477539
-22.890254974365234	20.46323013305664
-17.90435028076172	16.712142944335938
-21.461984634399414	12.444604873657227
-28.09510612487793	23.012216567993164
-18.983001708984375	16.53327178955078
-30.25601577758789	13.070762634277344
-24.55858039855957	26.085155487060547
-14.37454891204834	9.9498929977417
-27.108152389526367	23.758386611938477
-27.74034309387207	23.250015258789062
-14.208795547485352	17.66398048400879
-10.097067832946777	18.072830200195312
-29.63998794555664	16.24608039855957
-13.620216369628906	21.735719680786133
-12.405539512634277	15.413235664367676
-20.11075210571289	16.794532775878906
-30.555940628051758	20.10294532775879
-9.242419242858887	18.882951736450195
-27.273576736450195	10.552205085754395
-17.000246047973633	9.116077423095703
-31.523298263549805	14.635394096374512
-21.653766632080078	11.247359275817871
-27.068889617919922	14.779662132263184
-17.829833984375	15.013910293579102
-13.867708206176758	23.42460060119629
-11.387863159179688	11.64500617980957
-30.43547821044922	15.322216987609863
-15.379548072814941	27.576459884643555
-8.882882118225098	16.279338836669922
-16.775278091430664	21.67731475830078
-9.409688949584961	14.153292655944824
-13.831941604614258	7.095458030700684
-14.47065544128418	10.786130905151367
-26.979965209960938	24.012115478515625
-21.288843154907227	21.999589920043945
-20.94982147216797	21.86547088623047
-17.023218154907227	21.310718536376953
-24.995725631713867	18.75965118408203
-17.99424171447754	16.05242919921875
-12.919085502624512	22.252887725830078
-24.52410888671875	10.574841499328613
-31.171520233154297	15.974925994873047
-19.687131881713867	13.151063919067383
-10.93521499633789	15.107136726379395
-31.026695251464844	20.237152099609375
-31.269023895263672	12.42769718170166
-15.66702651977539	6.6711344718933105
-23.085365295410156	12.690373420715332
-28.7994327545166	22.601694107055664
-17.172868728637695	19.1967716217041
-30.038005828857422	19.93894386291504
-32.13142013549805	15.524343490600586
-20.658517837524414	12.518394470214844
-18.475990295410156	21.259918212890625
-19.63057518005371	20.18433380126953
-8.083670616149902	15.49581241607666
-9.619094848632812	18.173519134521484
-17.342798233032227	20.58208656311035
-26.64832878112793	15.685016632080078
-17.654417037963867	22.941926956176758
-18.115131378173828	14.908990859985352
-27.288362503051758	16.407913208007812
-21.2482967376709	20.252487182617188
-16.815994262695312	18.169240951538086
-19.4409236907959	13.879365921020508
-20.61907196044922	12.941412925720215
-20.919097900390625	15.803571701049805
-16.458026885986328	15.852067947387695
-17.56317138671875	8.469583511352539
-19.325653076171875	16.815855026245117
-13.748665809631348	19.17802619934082
-17.725568771362305	14.857059478759766
-14.12426471710205	18.74291229248047
-13.554646492004395	18.81291961669922
-22.782785415649414	19.934993743896484
-31.651451110839844	17.61668586730957
-23.552289962768555	26.809953689575195
-16.448041915893555	6.924023628234863
-16.390222549438477	22.32819938659668
-13.799814224243164	8.350651741027832
-23.120529174804688	27.02923011779785
-31.117250442504883	13.196287155151367
-20.407955169677734	23.710372924804688
-30.119949340820312	12.949508666992188
-13.20595932006836	23.576204299926758
-29.59909439086914	17.06697654724121
-11.360610961914062	11.65593147277832
-13.34885311126709	9.228772163391113
-19.152647018432617	15.312322616577148
-10.30402946472168	21.187774658203125
-21.273784637451172	11.785863876342773
-32.0190544128418	15.133097648620605
-21.78426170349121	14.357812881469727
-19.74602508544922	18.199905395507812
-13.556717872619629	14.335423469543457
-27.102813720703125	21.220508575439453
-30.080726623535156	19.60196304321289
-20.303813934326172	12.468707084655762
-19.474695205688477	16.00479507446289
-13.18043041229248	20.2615909576416
-18.41228485107422	14.228240966796875
-14.653938293457031	7.250734329223633
-22.947032928466797	12.228238105773926
-14.53931999206543	22.816614151000977
-25.031814575195312	10.740311622619629
-17.354684829711914	19.887714385986328
-28.461822509765625	18.67660903930664
-16.410537719726562	15.653229713439941
-31.156728744506836	11.979803085327148
-22.421855926513672	10.652729034423828
-14.359302520751953	17.20524787902832
-26.54578971862793	9.987278938293457
-19.6555233001709	23.20209312438965
-15.874305725097656	17.139617919921875
-10.698145866394043	15.148902893066406
-10.081738471984863	19.467897415161133
-22.321430206298828	17.56504249572754
-19.299686431884766	15.640375137329102
-27.419424057006836	14.365937232971191
-22.201547622680664	18.28246307373047
-23.4090633392334	25.405567169189453
-11.290584564208984	13.13995361328125
-20.370813369750977	15.731841087341309
-26.22900390625	16.299711227416992
-10.950139999389648	13.229087829589844
-14.211529731750488	10.039088249206543
-26.81147575378418	17.990249633789062
-31.799097061157227	14.545565605163574
-14.073110580444336	20.5018367767334
-22.57213020324707	19.460281372070312
-8.830016136169434	14.946578025817871
-18.273178100585938	19.457067489624023
-22.907636642456055	17.454463958740234
-11.506776809692383	23.79901695251465
-13.552557945251465	10.890789985656738
-13.036114692687988	25.66890525817871
-20.161884307861328	14.101083755493164
-30.980731964111328	20.48893928527832
-18.00438117980957	19.982986450195312
-22.989849090576172	27.214435577392578
-18.092710494995117	24.061161041259766
-20.051815032958984	14.122933387756348
-24.89571762084961	10.329523086547852
-20.87691307067871	26.497020721435547
-18.021259307861328	24.346050262451172
-18.74542808532715	13.877574920654297
-22.200084686279297	23.169513702392578
-23.143455505371094	19.437091827392578
-15.931640625	16.020532608032227
-9.274876594543457	13.662251472473145
-19.79785919189453	14.398603439331055
-13.760162353515625	8.439202308654785
-20.74296760559082	18.794221878051758
-19.142578125	17.01157569885254
-14.009586334228516	10.06152057647705
-14.145553588867188	6.565155982971191
-21.016460418701172	12.3968505859375
-21.531034469604492	19.28607749938965
-28.999753952026367	22.196149826049805
-8.818123817443848	17.53573226928711
-32.18201446533203	18.1722412109375
-19.820261001586914	25.453744888305664
-32.05750274658203	18.388591766357422
-14.027128219604492	7.572513580322266
-23.191286087036133	9.474409103393555
-20.421401977539062	15.636323928833008
-20.798381805419922	27.734092712402344
-19.050352096557617	13.69831371307373
-22.647785186767578	17.821107864379883
-17.25143814086914	27.122854232788086
-27.182050704956055	23.694982528686523
-14.6565523147583	21.323122024536133
-11.13969898223877	11.706076622009277
-22.357728958129883	23.963491439819336
-23.092159271240234	26.617582321166992
-25.209470748901367	9.56778335571289
-18.551898956298828	19.57997703552246
-15.073074340820312	27.538288116455078
-18.76141357421875	8.856233596801758
-18.358497619628906	20.82893180847168
-22.48623275756836	27.448549270629883
-24.556215286254883	18.319509506225586
-18.876005172729492	22.71767234802246
-23.99482536315918	11.497264862060547
-19.47446632385254	15.886896133422852
-13.30419921875	8.095552444458008
-30.43025779724121	12.929479598999023
-23.633359909057617	26.399765014648438
-19.861419677734375	23.06645965576172
-27.743072509765625	23.4118709564209
-15.042718887329102	24.261919021606445
-16.634199142456055	22.11566734313965
-9.427637100219727	13.598658561706543
-13.401047706604004	9.130199432373047
-24.323070526123047	23.702289581298828
-15.492820739746094	23.22735023498535
-29.946794509887695	21.607330322265625
-24.100940704345703	12.591602325439453
-27.33823585510254	10.909259796142578
-19.48702621459961	13.03724479675293
-12.535030364990234	11.694260597229004
-23.852310180664062	11.745349884033203
-17.773319244384766	22.106136322021484
-17.3717041015625	25.368202209472656
-16.291963577270508	24.43547248840332
-15.516901969909668	7.852314472198486
-10.015725135803223	13.480010032653809
-28.06251335144043	23.038095474243164
-23.64951515197754	14.463446617126465
-13.224564552307129	8.251840591430664
-23.171789169311523	27.162906646728516
-17.431053161621094	14.686620712280273
-13.1205415725708	8.714130401611328
-16.581329345703125	15.32479476928711
-29.888015747070312	21.339733123779297
-21.756092071533203	25.601547241210938
-15.048286437988281	22.191497802734375
-15.239779472351074	16.423126220703125
-18.85728645324707	21.560644149780273
-13.805937767028809	10.424272537231445
-18.421192169189453	15.642903327941895
-12.922628402709961	9.960453033447266
-24.687660217285156	25.645666122436523
-12.450447082519531	22.356985092163086
-16.24830436706543	21.712886810302734
-28.8031063079834	14.011945724487305
-31.321619033813477	12.974323272705078
-22.645320892333984	18.13336181640625
-18.41830062866211	20.711519241333008
-15.438735961914062	22.17021942138672
-27.773637771606445	23.32620620727539
-10.416248321533203	12.431974411010742
-19.16059112548828	28.606672286987305
-14.585294723510742	19.22105598449707
-27.567617416381836	16.491825103759766
-27.37553596496582	23.5563907623291
-22.320749282836914	20.752660751342773
-30.541427612304688	20.969837188720703
-29.818952560424805	17.409557342529297
-23.129770278930664	27.182283401489258
-27.411020278930664	16.23699188232422
-21.354328155517578	13.30879020690918
-27.06821060180664	23.732450485229492
-24.045549392700195	13.88190746307373
-18.937063217163086	23.053184509277344
-14.34471321105957	19.897308349609375
-16.614728927612305	22.547012329101562
-29.09263038635254	17.919633865356445
-23.64058494567871	13.470112800598145
-28.937183380126953	10.898317337036133
-16.214956283569336	17.2770938873291
-25.17786979675293	15.304491996765137
-20.233591079711914	12.723649024963379
-19.83424186706543	12.814445495605469
-27.152137756347656	18.569889068603516
-17.666353225708008	17.6809024810791
-15.350676536560059	24.101511001586914
-17.954090118408203	22.999746322631836
-19.184118270874023	18.45013999938965
-16.577550888061523	27.920455932617188
-22.59510040283203	20.506305694580078
-21.853857040405273	11.444296836853027
-15.007482528686523	10.49084186553955
-18.516767501831055	19.39650535583496
-29.00547218322754	13.89522647857666
-12.845664978027344	25.344005584716797
-14.029021263122559	20.79294776916504
-24.833011627197266	13.879850387573242
-14.411894798278809	18.444103240966797
-11.46340274810791	14.779017448425293
-16.066123962402344	6.976750373840332
-24.299856185913086	10.691917419433594
-25.265117645263672	24.53864860534668
-18.155187606811523	9.092439651489258
-17.32596778869629	17.85573959350586
-15.706966400146484	8.089214324951172
-14.901611328125	17.518896102905273
-14.168000221252441	7.475818157196045
-13.84614372253418	23.92734146118164
-15.071117401123047	22.810470581054688
-30.42853355407715	20.77587127685547
-29.871185302734375	20.811702728271484
-28.351106643676758	18.447383880615234
-32.14004135131836	18.22355842590332
-25.55475425720215	25.30428695678711
-29.2628173828125	22.208921432495117
-12.762664794921875	19.80396842956543
-18.638751983642578	27.743318557739258
-14.962727546691895	6.336699962615967
-9.120955467224121	17.43948745727539
-23.1451416015625	24.538644790649414
-10.226666450500488	13.430571556091309
-29.012998580932617	13.186250686645508
-29.291038513183594	18.68817710876465
-22.07916831970215	12.890724182128906
-16.595298767089844	17.118318557739258
-18.284984588623047	19.42583656311035
-13.23021411895752	10.650347709655762
-22.423198699951172	26.89530372619629
-12.6032133102417	18.771821975708008
-25.200273513793945	25.507436752319336
-15.35074234008789	23.13968849182129
-15.515933990478516	21.3324031829834
-15.421993255615234	6.255680561065674
-14.067764282226562	8.94018268585205
-20.96033477783203	16.27927017211914
-21.392107009887695	21.58539581298828
-31.534198760986328	16.607633590698242
-21.015972137451172	22.190290451049805
-29.650625228881836	18.876861572265625
-20.6813907623291	17.72620391845703
-24.908567428588867	12.30440616607666
-15.107959747314453	21.202116012573242
-29.480060577392578	17.608131408691406
-31.786373138427734	15.77761173248291
-21.42771339416504	26.816997528076172
-30.280431747436523	11.864319801330566
-15.572762489318848	16.87322235107422
-25.29680633544922	13.692631721496582
-11.112650871276855	11.805702209472656
-23.702892303466797	24.706329345703125
-9.56046199798584	13.263671875
-26.875661849975586	12.369768142700195
-10.644453048706055	12.185937881469727
-19.784730911254883	13.096270561218262
-22.576404571533203	26.841890335083008
-21.740041732788086	11.202932357788086
-11.272968292236328	23.29140281677246
-28.225444793701172	17.37208366394043
-24.467260360717773	18.956653594970703
-18.077266693115234	24.08794593811035
-19.33723258972168	26.119922637939453
-11.62321662902832	13.153549194335938
-10.959759712219238	18.948715209960938
-10.76913833618164	22.139745712280273
-16.676925659179688	16.419588088989258
-29.344497680664062	17.228137969970703
-27.036718368530273	12.367695808410645
-13.780929565429688	18.867658615112305
-9.88074016571045	13.171510696411133
-30.788251876831055	13.666533470153809
-27.02728271484375	23.385536193847656
-11.297528266906738	15.796995162963867
-17.966968536376953	14.647309303283691
-18.673900604248047	19.393796920776367
-23.589262008666992	19.3298282623291
-20.782976150512695	15.339730262756348
-17.992385864257812	14.39715576171875
-32.040618896484375	15.104517936706543
-14.473628044128418	17.216333389282227
-16.087139129638672	6.51884126663208
-17.854049682617188	17.370628356933594
-25.40699005126953	24.885650634765625
-12.6532564163208	23.860485076904297
-13.012176513671875	7.343659400939941
-20.20197296142578	16.223690032958984
-22.9971866607666	19.026832580566406
-29.75035858154297	21.739416122436523
-10.499730110168457	20.561552047729492
-20.01638412475586	12.630102157592773
-27.274621963500977	13.223494529724121
-14.531301498413086	21.257200241088867
-13.79049301147461	26.669546127319336
-16.11775779724121	18.157506942749023
-17.36799430847168	23.36958885192871
-13.703640937805176	10.22215461730957
-31.354490280151367	20.054838180541992
-13.216136932373047	8.164377212524414
-27.865278244018555	12.171716690063477
-11.46251106262207	11.382767677307129
-29.56462860107422	20.59122085571289
-11.737011909484863	15.330351829528809
-19.70770835876465	27.97658348083496
-25.132949829101562	13.095760345458984
-20.689226150512695	16.30030059814453
-24.947343826293945	24.55776023864746
-28.60237693786621	11.365717887878418
-18.728275299072266	27.502962112426758
-24.23897361755371	14.16175365447998
-20.7335205078125	13.048422813415527
-21.04306983947754	22.108171463012695
-19.973501205444336	17.774873733520508
-30.765682220458984	19.956201553344727
-16.800336837768555	6.699525356292725
-17.86134910583496	26.340295791625977
-20.728437423706055	13.37108039855957
-17.303852081298828	24.12503433227539
-17.49165153503418	6.639455318450928
-11.004804611206055	14.713260650634766
-26.663898468017578	10.78407096862793
-12.804898262023926	26.328203201293945
-31.72409439086914	12.767569541931152
-29.886688232421875	14.729968070983887
-11.027069091796875	12.041417121887207
-25.250185012817383	11.189330101013184
-23.86237144470215	13.807717323303223
-21.773550033569336	26.73166847229004
-15.462796211242676	20.972211837768555
-22.574665069580078	10.615382194519043
-31.066694259643555	11.916145324707031
-31.42413330078125	19.652664184570312
-21.24840545654297	12.61565113067627
-23.35991096496582	19.048450469970703
-16.10289764404297	16.518285751342773
-16.16630744934082	7.613491058349609
-23.255800247192383	24.57383918762207
-25.705427169799805	12.753427505493164
-30.189266204833984	15.806839942932129
-20.411630630493164	22.43655014038086
-14.965682029724121	6.817923069000244
-12.687719345092773	11.583945274353027
-29.351762771606445	22.1605224609375
-15.796845436096191	19.681629180908203
-15.900654792785645	10.091705322265625
-17.677597045898438	9.920748710632324
-28.00591468811035	15.07394790649414
-17.788957595825195	14.394251823425293
-21.01824188232422	12.841863632202148
-12.706564903259277	10.155672073364258
-21.19611167907715	21.947711944580078
-20.629606246948242	13.215265274047852
-26.578502655029297	24.23336410522461
-30.378156661987305	16.568466186523438
-20.070425033569336	12.577807426452637
-13.530146598815918	8.385726928710938
-18.223072052001953	14.157098770141602
-18.620433807373047	15.37782096862793
-13.996243476867676	18.784645080566406
-13.906429290771484	18.7299861907959
-9.559870719909668	15.522714614868164
-17.51154327392578	14.591696739196777
-25.202465057373047	18.606855392456055
-13.206281661987305	10.026010513305664
-16.657257080078125	22.782886505126953
-16.84419059753418	8.692070960998535
-14.117871284484863	8.9675931930542
-8.591421127319336	14.449070930480957
-26.047677993774414	24.825172424316406
-18.06071662902832	14.996460914611816
-18.45913314819336	28.022584915161133
-16.233156204223633	27.463186264038086
-19.629117965698242	19.73949432373047
-14.782343864440918	23.885414123535156
-23.721179962158203	24.040563583374023
-11.956473350524902	23.381977081298828
-22.248414993286133	12.350719451904297
-16.398731231689453	17.715579986572266
-9.491023063659668	15.83326530456543
-14.434457778930664	8.957740783691406
-10.3782377243042	17.307546615600586
-20.36793327331543	28.159151077270508
-13.76658821105957	19.99388313293457
-11.669610977172852	24.152542114257812
-16.521976470947266	22.94009780883789
-14.321955680847168	7.403476715087891
-21.221750259399414	20.68946647644043
-27.46673583984375	10.909285545349121
-31.98652458190918	18.63973617553711
-25.348464965820312	25.240962982177734
-11.934160232543945	11.063764572143555
-12.760371208190918	11.837019920349121
-21.24285125732422	18.458742141723633
-22.520606994628906	10.0478515625
-9.423613548278809	15.125530242919922
-24.99698829650879	12.777471542358398
-28.5540828704834	11.1952543258667
-19.2769718170166	17.147125244140625
-8.773443222045898	17.864774703979492
-24.116443634033203	18.504789352416992
-22.696483612060547	26.703176498413086
-30.572731018066406	13.875307083129883
-28.620702743530273	22.223953247070312
-23.338430404663086	17.954790115356445
-15.482229232788086	19.821292877197266
-18.622222900390625	21.943828582763672
-18.68048095703125	14.62169361114502
-28.874597549438477	16.658748626708984
-20.680402755737305	14.124552726745605
-29.496213912963867	19.074941635131836
-30.69394874572754	18.25534439086914
-13.153800964355469	8.753729820251465
-24.651657104492188	26.007047653198242
-11.116304397583008	19.78207015991211
-14.008981704711914	19.97524070739746
-11.192275047302246	22.86408805847168
-20.214311599731445	17.337669372558594
-13.504891395568848	19.3236141204834
-14.359376907348633	19.1207275390625
-29.82114028930664	11.42475700378418
-22.229732513427734	23.858600616455078
-14.949922561645508	20.287466049194336
-21.978164672851562	12.126055717468262
-15.676178932189941	6.957481861114502
-17.726242065429688	22.145286560058594
-20.128097534179688	13.094161033630371
-16.937482833862305	15.299166679382324
-27.088947296142578	17.990962982177734
-22.262271881103516	23.498260498046875
-15.959378242492676	21.417888641357422
-13.385061264038086	7.717994213104248
-11.191328048706055	19.146644592285156
-17.118331909179688	19.951566696166992
-13.61064338684082	7.247441291809082
-20.334428787231445	12.777433395385742
-30.23049545288086	13.402334213256836
-30.75899887084961	13.380683898925781
-28.996963500976562	20.33161735534668
-19.45032501220703	26.86136245727539
-22.844682693481445	13.388325691223145
-22.626243591308594	25.499794006347656
-17.647005081176758	8.814536094665527
-26.76264190673828	10.070902824401855
-13.649627685546875	8.599980354309082
-30.720134735107422	20.049856185913086
-17.782047271728516	22.262361526489258
-8.598054885864258	15.028726577758789
-17.488183975219727	15.017389297485352
-20.042524337768555	15.649177551269531
-13.108339309692383	8.823695182800293
-28.70425033569336	18.550960540771484
-15.852855682373047	24.451313018798828
-20.74765968322754	26.69567108154297
-17.768665313720703	14.458813667297363
-13.680152893066406	6.202615737915039
-18.152950286865234	20.465438842773438
-14.111960411071777	21.4277286529541
-14.509952545166016	17.317243576049805
-14.260324478149414	24.669597625732422
-13.620455741882324	23.088123321533203
-26.844512939453125	17.265850067138672
-15.327277183532715	16.746639251708984
-13.425490379333496	17.389650344848633
-14.047435760498047	10.114911079406738
-31.341360092163086	17.517375946044922
-26.141794204711914	23.95880889892578
-19.225006103515625	15.936409950256348
-26.387075424194336	23.586111068725586
-20.185354232788086	16.396690368652344
-25.22906494140625	11.282112121582031
-20.759830474853516	13.990490913391113
-19.94337272644043	23.134489059448242
-28.743154525756836	21.867887496948242
-18.048782348632812	14.398880004882812
-14.410972595214844	5.927886486053467
-20.73613929748535	14.796843528747559
-31.725645065307617	18.8345890045166
-27.010034561157227	18.47445297241211
-15.753351211547852	20.22702407836914
-17.764387130737305	28.011629104614258
-23.675695419311523	9.308971405029297
-30.85719108581543	11.80945873260498
-25.40738868713379	14.355486869812012
-18.187458038330078	14.218131065368652
-18.95048713684082	22.18368148803711
-16.70919418334961	23.26247787475586
-30.076908111572266	16.641950607299805
-18.539186477661133	26.17892837524414
-17.290447235107422	7.587652683258057
-25.609970092773438	25.06515884399414
-15.3824462890625	17.379682540893555
-18.48398780822754	23.919687271118164
-15.9253511428833	18.189064025878906
-14.850403785705566	9.333134651184082
-21.975704193115234	25.042709350585938
-11.070124626159668	20.755475997924805
-25.830568313598633	10.842044830322266
-10.311943054199219	18.56173324584961
-20.80738639831543	17.871429443359375
-29.489431381225586	16.741802215576172
-12.903989791870117	23.404296875
-16.503334045410156	23.420303344726562
-21.811344146728516	17.847217559814453
-23.01938819885254	27.321149826049805
-15.412775039672852	16.316926956176758
-15.709007263183594	17.95932388305664
-23.651248931884766	19.782367706298828
-28.565418243408203	18.632522583007812
-18.997446060180664	13.480358123779297
-18.433979034423828	17.919607162475586
-9.331615447998047	19.076601028442383
-26.927875518798828	22.4340763092041
-22.968563079833984	10.107364654541016
-11.949824333190918	11.133674621582031
-13.746223449707031	15.778648376464844
-14.645106315612793	8.68002700805664
-17.680665969848633	22.210742950439453
-12.917338371276855	22.528182983398438
-16.911964416503906	21.65671730041504
-26.11359214782715	24.22888946533203
-24.990346908569336	18.708677291870117
-29.89264678955078	21.514610290527344
-19.463502883911133	15.111480712890625
-12.619933128356934	17.364501953125
-18.413230895996094	14.375199317932129
-19.503673553466797	20.586585998535156
-20.388412475585938	13.552703857421875
-18.325618743896484	18.348154067993164
-22.607690811157227	20.583940505981445
-27.234375	14.665054321289062
-14.603273391723633	23.572832107543945
-22.90993309020996	12.201053619384766
-12.951666831970215	9.81161880493164
-11.440260887145996	17.22151756286621
-11.278037071228027	20.637996673583984
-21.57108497619629	11.414670944213867
-21.924821853637695	11.51222038269043
-18.715152740478516	24.989089965820312
-20.2719783782959	17.390249252319336
-8.58138370513916	17.447799682617188
-19.271167755126953	9.644488334655762
-22.300329208374023	25.225971221923828
-22.581449508666992	20.009336471557617
-18.276248931884766	14.079337120056152
-26.327333450317383	13.149380683898926
-16.60329818725586	18.90584373474121
-10.701799392700195	18.8654842376709
-21.108144760131836	13.203537940979004
-24.80122184753418	12.773838996887207
-17.929607391357422	22.69295310974121
-28.055683135986328	10.462242126464844
-10.147775650024414	20.848539352416992
-31.079647064208984	18.133583068847656
-25.46125030517578	11.927595138549805
-18.291648864746094	22.465923309326172
-31.67751693725586	18.721466064453125
-21.09901237487793	11.81307601928711
-20.471284866333008	20.26156997680664
-19.010482788085938	9.400071144104004
-30.6041316986084	20.690017700195312
-21.152538299560547	27.983123779296875
-10.48442268371582	12.321731567382812
-15.322675704956055	6.076085567474365
-22.492942810058594	27.61566162109375
-11.843060493469238	19.0350399017334
-17.730798721313477	14.687908172607422
-20.14703941345215	17.242481231689453
-26.879045486450195	10.439691543579102
-29.66335678100586	14.284244537353516
-24.833940505981445	25.8615779876709
-8.231525421142578	15.417905807495117
-12.755640029907227	9.925576210021973
-16.73794937133789	15.568450927734375
-24.49007225036621	25.23714828491211
-29.37313461303711	14.115838050842285
-19.73441505432129	13.166245460510254
-29.07199478149414	22.311410903930664
-14.471445083618164	20.94245719909668
-20.395015716552734	24.68134117126465
-25.548049926757812	9.299843788146973
-31.968957901000977	15.707907676696777
-14.355154037475586	6.024648189544678
-14.607606887817383	10.346875190734863
-13.36094856262207	8.579097747802734
-16.619121551513672	8.25758171081543
-22.703617095947266	10.083271026611328
-26.280120849609375	10.588247299194336
-9.4246187210083	13.773134231567383
-9.08176040649414	18.534149169921875
-27.50989532470703	10.652298927307129
-13.768610000610352	22.735694885253906
-20.989604949951172	24.586246490478516
-25.638835906982422	10.846504211425781
-27.6234130859375	23.400936126708984
-20.827743530273438	21.845640182495117
-20.77865982055664	15.808842658996582
-12.514988899230957	24.687786102294922
-20.58941650390625	18.44292640686035
-18.201866149902344	27.63707160949707
-15.277941703796387	17.177377700805664
-21.64736557006836	21.055028915405273
-17.689041137695312	22.764583587646484
-9.62372875213623	17.303730010986328
-13.674219131469727	20.09284210205078
-28.028352737426758	16.264604568481445
-28.649503707885742	22.529563903808594
-8.780279159545898	14.99181842803955
-25.37950897216797	11.939544677734375
-31.321258544921875	13.130009651184082
-20.323169708251953	13.621460914611816
-18.676042556762695	20.09858512878418
-17.717376708984375	20.862972259521484
-28.520463943481445	21.188026428222656
-10.557537078857422	21.738155364990234
-16.932754516601562	19.704715728759766
-18.479053497314453	23.961305618286133
-13.579946517944336	20.820188522338867
-19.76785659790039	19.446752548217773
-26.318675994873047	24.31763458251953
-15.770648002624512	22.760770797729492
-13.534136772155762	14.169816017150879
-20.87792205810547	18.366607666015625
-16.865842819213867	9.60055923461914
-14.992284774780273	19.068607330322266
-30.49085807800293	19.171955108642578
-20.579742431640625	13.064492225646973
-14.027215957641602	17.97978973388672
-7.980540752410889	16.143329620361328
-9.850661277770996	16.449674606323242
-17.62418556213379	8.117223739624023
-17.279083251953125	9.684391975402832
-19.025693893432617	14.239821434020996
-17.123510360717773	21.996179580688477
-20.13399887084961	22.49253273010254
-13.09350872039795	20.08625030517578
-31.263050079345703	14.075973510742188
-13.794780731201172	8.638578414916992
-19.792173385620117	25.353116989135742
-18.90445899963379	22.60179328918457
-16.283733367919922	7.189435958862305
-19.93941307067871	13.637845039367676
-24.576396942138672	14.0531587600708
-28.647655487060547	22.74485206604004
-13.530953407287598	10.18908405303955
-22.019023895263672	20.695693969726562
-29.27508544921875	22.095651626586914
-27.08474349975586	11.821300506591797
-18.403249740600586	23.513790130615234
-31.472257614135742	19.161840438842773
-11.974660873413086	13.486395835876465
-18.115751266479492	14.816582679748535
-12.274338722229004	12.350668907165527
-19.95304298400879	12.66879653930664
-13.064728736877441	7.424200534820557
-8.945451736450195	18.23821449279785
-10.945959091186523	17.861248016357422
-27.94437599182129	18.254573822021484
-20.877384185791016	19.315832138061523
-21.53118324279785	13.218284606933594
-15.144861221313477	16.461198806762695
-25.072586059570312	11.625222206115723
-17.136165618896484	18.94167709350586
-17.852943420410156	22.184486389160156
-28.055173873901367	14.79033088684082
-21.05991554260254	14.112144470214844
-29.776168823242188	21.62322235107422
-16.325708389282227	21.129928588867188
-16.244976043701172	16.035400390625
-10.430642127990723	21.46265983581543
-17.537282943725586	20.38681411743164
-16.722986221313477	21.098506927490234
-16.570924758911133	19.160200119018555
-19.424259185791016	28.218929290771484
-26.05328941345215	16.231468200683594
-17.09032440185547	16.432031631469727
-22.925304412841797	10.712085723876953
-22.213441848754883	21.1855411529541
-17.137758255004883	21.2698974609375
-15.891814231872559	23.369396209716797
-22.687118530273438	11.11649227142334
-29.443424224853516	11.872061729431152
-28.767105102539062	12.859601020812988
-11.067768096923828	12.781838417053223
-17.201982498168945	22.61486053466797
-27.69623565673828	10.9197359085083
-13.734126091003418	22.827781677246094
-16.17037010192871	18.10492515563965
-17.138357162475586	24.239545822143555
-28.709556579589844	22.401607513427734
-20.311914443969727	19.44124412536621
-30.724319458007812	20.175445556640625
-31.197065353393555	20.15982437133789
-20.942914962768555	16.623321533203125
-13.89307975769043	8.56418514251709
-16.034757614135742	23.64908218383789
-25.746551513671875	23.443159103393555
-23.701337814331055	10.222001075744629
-27.251991271972656	23.694580078125
-28.75774383544922	22.526880264282227
-10.695050239562988	12.495318412780762
-13.428893089294434	10.6105318069458
-25.348716735839844	14.557865142822266
-11.42608642578125	11.7534761428833
-20.215072631835938	13.340354919433594
-20.171924591064453	23.417434692382812
-16.395973205566406	23.130367279052734
-18.43003273010254	14.644625663757324
-19.768203735351562	13.061020851135254
-27.239973068237305	14.35981273651123
-24.73052406311035	9.332450866699219
-30.027427673339844	19.425701141357422
-15.063763618469238	19.476604461669922
-29.81089973449707	21.68463706970215
-27.246309280395508	23.557140350341797
-19.456998825073242	25.728445053100586
-28.674976348876953	22.664182662963867
-30.756847381591797	20.6143856048584
-9.375929832458496	19.172809600830078
-15.116694450378418	17.80394172668457
-11.494338989257812	11.809609413146973
-12.79725456237793	14.204361915588379
-11.755146980285645	11.204859733581543
-21.486095428466797	11.581023216247559
-11.336993217468262	18.4989013671875
-25.43156623840332	25.378868103027344
-23.996685028076172	19.54764747619629
-11.54118537902832	17.9083309173584
-18.111408233642578	14.123221397399902
-28.346641540527344	22.208316802978516
-20.685731887817383	13.12846565246582
-21.094385147094727	18.387956619262695
-15.375621795654297	19.514806747436523
-10.608349800109863	18.866899490356445
-19.100353240966797	16.971317291259766
-15.685661315917969	16.999589920043945
-30.09453773498535	21.43233299255371
-15.708959579467773	22.490476608276367
-17.16071891784668	16.41498374938965
-17.434486389160156	16.286325454711914
-23.688705444335938	10.380424499511719
-31.51801109313965	18.52031707763672
-30.45660400390625	11.529489517211914
-29.59343910217285	15.460831642150879
-21.559093475341797	23.660388946533203
-20.7276668548584	15.840224266052246
-28.707578659057617	20.631582260131836
-21.786945343017578	18.34806251525879
-21.9913330078125	16.926227569580078
-28.003652572631836	18.618825912475586
-17.447811126708984	20.521778106689453
-15.289012908935547	25.873538970947266
-15.098529815673828	16.495086669921875
-28.842233657836914	14.501238822937012
-21.203598022460938	16.36223793029785
-23.90771484375	18.11574363708496
-12.62499713897705	10.416971206665039
-19.593063354492188	15.224065780639648
-13.70519733428955	20.09494972229004
-11.936052322387695	11.743682861328125
-25.020679473876953	13.526451110839844
-23.930452346801758	25.132627487182617
-16.102283477783203	15.966611862182617
-15.76416015625	22.984895706176758
-31.504364013671875	14.636548042297363
-12.873442649841309	10.484944343566895
-22.28265380859375	18.477083206176758
-16.070737838745117	10.392984390258789
-12.534725189208984	16.735864639282227
-13.953495025634766	19.629314422607422
-22.995643615722656	13.393238067626953
-14.971217155456543	18.373863220214844
-32.28820037841797	15.156379699707031
-29.85902214050293	21.688186645507812
-18.203763961791992	25.34423065185547
-13.071046829223633	21.284027099609375
-20.20876121520996	22.066064834594727
-18.599727630615234	22.59090805053711
-27.416654586791992	22.02874183654785
-22.056827545166016	13.133979797363281
-23.66511344909668	10.580275535583496
-16.1490478515625	15.714099884033203
-25.257585525512695	25.380107879638672
-20.381330490112305	27.697202682495117
-19.467714309692383	22.262155532836914
-29.544645309448242	14.348844528198242
-23.354867935180664	10.561946868896484
-19.16767692565918	23.425888061523438
-13.506569862365723	11.608428955078125
-23.416738510131836	19.47661018371582
-17.814163208007812	23.79650115966797
-12.185205459594727	10.830595016479492
-27.27703285217285	10.032089233398438
-9.128589630126953	14.542619705200195
-13.503421783447266	10.735761642456055
-25.812015533447266	10.969660758972168
-28.35783576965332	12.842018127441406
-14.908653259277344	6.3115034103393555
-26.94997787475586	9.774497032165527
-17.61136245727539	23.784236907958984
-19.948013305664062	12.743165016174316
-14.227677345275879	21.05119514465332
-9.128963470458984	16.296733856201172
-17.625835418701172	14.643548965454102
-15.045109748840332	21.97479248046875
-15.37411880493164	22.599864959716797
-12.282781600952148	16.39642333984375
-22.238697052001953	23.271358489990234
-26.829280853271484	10.265523910522461
-19.432775497436523	14.402435302734375
-28.0960693359375	22.686908721923828
-23.248788833618164	12.96654224395752
-11.078605651855469	14.05603313446045
-27.05608367919922	24.011640548706055
-10.91207218170166	11.912124633789062
-14.425557136535645	17.11581802368164
-11.788230895996094	21.207542419433594
-16.888336181640625	19.447134017944336
-15.795122146606445	23.065526962280273
-20.96537208557129	13.360429763793945
-8.096132278442383	16.393049240112305
-14.109223365783691	18.940271377563477
-22.362688064575195	19.974647521972656
-30.080787658691406	21.40778160095215
-28.53692054748535	16.045516967773438
-22.88287925720215	10.120253562927246
-21.661441802978516	27.343366622924805
-28.3559513092041	15.936537742614746
-23.25032615661621	23.6032657623291
-19.79294776916504	23.171695709228516
-31.125492095947266	18.152719497680664
-14.68001651763916	22.373554229736328
-22.460458755493164	19.98116111755371
-13.404061317443848	18.91835594177246
-26.019468307495117	24.920167922973633
-25.290185928344727	11.44363784790039
-24.61470603942871	10.565045356750488
-30.890016555786133	11.979711532592773
-19.635147094726562	18.60095977783203
-31.429845809936523	18.205595016479492
-11.836164474487305	24.51413917541504
-21.922630310058594	26.929336547851562
-23.392154693603516	13.252567291259766
-18.21292495727539	14.10920524597168
-21.970857620239258	13.680112838745117
-22.78326988220215	26.124345779418945
-21.49285316467285	25.34877586364746
-12.6683931350708	18.429664611816406
-27.61621856689453	12.911173820495605
-21.250953674316406	27.672555923461914
-20.073163986206055	16.622482299804688
-18.76824378967285	24.711191177368164
-30.99709701538086	11.82798957824707
-28.888263702392578	10.746296882629395
-12.677605628967285	10.209795951843262
-24.047216415405273	18.316316604614258
-24.482486724853516	12.345504760742188
-16.265338897705078	22.842851638793945
-25.581655502319336	15.796609878540039
-25.2484188079834	13.621477127075195
-26.088659286499023	24.855985641479492
-20.210006713867188	21.45458221435547
-10.339107513427734	21.263931274414062
-11.264114379882812	11.58184814453125
-17.618009567260742	17.489381790161133
-18.857221603393555	22.668359756469727
-21.885040283203125	11.113789558410645
-16.78104591369629	18.316564559936523
-14.574043273925781	16.58521270751953
-22.83729362487793	10.84926986694336
-21.303558349609375	28.244596481323242
-9.526779174804688	19.500314712524414
-25.752666473388672	14.23635196685791
-13.078277587890625	24.837736129760742
-31.162147521972656	13.798962593078613
-18.837158203125	9.959078788757324
-14.16112232208252	8.418720245361328
-21.685426712036133	17.87395668029785
-12.898355484008789	15.610796928405762
-15.4036865234375	22.264923095703125
-15.567558288574219	22.333385467529297
-20.016042709350586	22.89344024658203
-12.858260154724121	25.687253952026367
-29.809162139892578	20.45671272277832
-23.718379974365234	11.374897003173828
-28.98494529724121	16.211063385009766
-12.86188793182373	19.31122398376465
-17.743362426757812	14.430036544799805
-14.472683906555176	17.2385196685791
-21.231168746948242	13.559107780456543
-16.574052810668945	16.561796188354492
-24.442642211914062	26.1683406829834
-19.52143669128418	16.86251449584961
-26.911312103271484	11.064452171325684
-10.2813138961792	21.138458251953125
-9.63564395904541	13.318885803222656
-24.66312599182129	24.072221755981445
-11.461584091186523	17.64293670654297
-16.687807083129883	25.708757400512695
-16.996122360229492	25.30337905883789
-31.46120834350586	14.791791915893555
-14.233638763427734	17.531938552856445
-14.953984260559082	18.110095977783203
-13.391554832458496	16.704849243164062
-29.80532455444336	11.971061706542969
-14.26070499420166	17.89164924621582
-27.147842407226562	23.411714553833008
-26.161943435668945	11.568782806396484
-21.68182945251465	18.81574249267578
-22.471988677978516	10.550150871276855
-29.43476676940918	21.877883911132812
-26.3559627532959	10.769694328308105
-8.99954605102539	17.01937484741211
-11.804389953613281	11.169227600097656
-17.59481430053711	25.660249710083008
-13.98133373260498	26.97793197631836
-29.238880157470703	11.376124382019043
-17.293107986450195	14.793024063110352
-30.952301025390625	20.551410675048828
-18.26617431640625	22.137033462524414
-29.635574340820312	21.87012481689453
-19.98192024230957	24.61332130432129
-25.49534797668457	10.87198543548584
-30.593568801879883	20.902225494384766
-9.292961120605469	18.992679595947266
-11.663162231445312	11.703328132629395
-16.1203556060791	8.93560791015625
-21.629066467285156	28.1848201751709
-26.97917366027832	23.79353141784668
-12.099906921386719	10.937999725341797
-21.59024429321289	14.058399200439453
-24.997821807861328	25.765766143798828
-11.580333709716797	23.958715438842773
-11.589134216308594	21.42428970336914
-17.30129051208496	6.51459264755249
-30.220678329467773	13.326523780822754
-29.76738739013672	11.494340896606445
-20.638511657714844	25.551979064941406
-18.427295684814453	10.101869583129883
-21.626619338989258	11.914520263671875
-29.1232967376709	11.16676139831543
-18.52875328063965	15.189623832702637
-30.288541793823242	12.75143814086914
-24.32413673400879	24.891864776611328
-15.229992866516113	21.95326805114746
-16.00453758239746	24.065601348876953
-25.209548950195312	23.918184280395508
-9.791948318481445	20.076013565063477
-16.92693519592285	20.39752960205078
-20.979612350463867	22.99372100830078
-17.73833656311035	23.421911239624023
-19.19540786743164	13.880171775817871
-16.75588607788086	23.34728240966797
-25.34873390197754	11.892001152038574
-25.009103775024414	18.7717227935791
-19.37256622314453	26.125051498413086
-17.195281982421875	21.563331604003906
-25.048429489135742	23.712583541870117
-25.354320526123047	25.361774444580078
-10.168532371520996	13.457706451416016
-26.655616760253906	14.887789726257324
-14.711270332336426	20.951271057128906
-21.61301612854004	11.412101745605469
-26.630779266357422	15.536121368408203
-29.838537216186523	18.153657913208008
-25.400527954101562	24.570125579833984
-23.12174415588379	9.792354583740234
-20.649763107299805	18.279762268066406
-11.397624015808105	14.973287582397461
-25.257408142089844	25.48214340209961
-13.468350410461426	7.878922939300537
-29.68938446044922	19.079605102539062
-32.04396438598633	14.9442138671875
-15.176870346069336	5.991291046142578
-15.915155410766602	21.63875389099121
-18.53539276123047	16.956336975097656
-15.912249565124512	27.09792137145996
-8.955394744873047	15.02822494506836
-21.275558471679688	13.000411033630371
-30.07735824584961	11.73242473602295
-8.923864364624023	18.191349029541016
-14.108896255493164	24.199316024780273
-23.049394607543945	18.306711196899414
-28.117868423461914	11.659871101379395
-15.619097709655762	16.286516189575195
-16.959728240966797	24.109798431396484
-21.708993911743164	11.788052558898926
-27.647249221801758	21.011323928833008
-16.888322830200195	17.07149314880371
-30.20525550842285	20.852474212646484
-12.56649112701416	10.57422161102295
-21.268573760986328	15.372238159179688
-15.220669746398926	23.777997970581055
-30.17274284362793	13.210515975952148
-20.914823532104492	11.917621612548828
-17.295223236083984	26.390226364135742
-16.67278289794922	21.229265213012695
-15.494209289550781	22.864290237426758
-19.6463680267334	14.19927978515625
-21.957868576049805	11.166778564453125
-18.403234481811523	9.230658531188965
-21.807296752929688	11.311057090759277
-13.514599800109863	8.20319938659668
-19.13653564453125	13.318085670471191
-11.580223083496094	23.92390251159668
-16.329795837402344	16.832517623901367
-20.95749855041504	14.050799369812012
-17.19895362854004	14.894026756286621
-18.028568267822266	15.117853164672852
-19.67423439025879	22.53970718383789
-28.925514221191406	15.641345024108887
-26.597837448120117	24.426252365112305
-9.177773475646973	14.225922584533691
-19.97319221496582	12.710882186889648
-24.684106826782227	24.14093780517578
-15.519582748413086	20.358991622924805
-17.51683235168457	6.828006744384766
-12.056963920593262	14.549659729003906
-22.627275466918945	14.41418170928955
-11.173203468322754	12.365052223205566
-18.559484481811523	22.348812103271484
-10.69262981414795	16.45949935913086
-28.92034149169922	20.09856605529785
-30.444971084594727	14.784445762634277
-13.536162376403809	18.690473556518555
-9.48599624633789	13.29177474975586
-11.308664321899414	21.128000259399414
-20.19208335876465	13.307821273803711
-19.74643325805664	17.892070770263672
-28.68671989440918	18.346729278564453
-11.085963249206543	16.808210372924805
-18.818124771118164	19.48661231994629
-26.158987045288086	24.757038116455078
-29.397878646850586	16.283201217651367
-11.933004379272461	12.593796730041504
-24.7286376953125	24.20110321044922
-27.612472534179688	15.523346900939941
-11.675382614135742	23.428117752075195
-9.60628604888916	19.672929763793945
-27.891956329345703	13.952171325683594
-23.447057723999023	20.019590377807617
-19.95783805847168	14.733485221862793
-11.603095054626465	24.00813102722168
-17.849271774291992	6.893780708312988
-30.98244857788086	14.492701530456543
-17.167089462280273	15.605600357055664
-17.309803009033203	7.730676174163818
-17.34264373779297	22.57630729675293
-23.000532150268555	18.959491729736328
-20.27375030517578	20.466121673583984
-18.33181381225586	24.322242736816406
-27.63255500793457	23.24930763244629
-28.060611724853516	21.93647003173828
-18.531963348388672	18.0414981842041
-13.850010871887207	19.041208267211914
-15.864248275756836	20.732589721679688
-18.08536720275879	27.74955940246582
-17.351072311401367	15.287542343139648
-21.21934700012207	11.66862678527832
-14.823450088500977	6.73116397857666
-30.70770263671875	20.34871482849121
-14.805615425109863	18.555681228637695
-24.189523696899414	12.675155639648438
-12.184358596801758	10.876343727111816
-14.908893585205078	18.27197265625
-17.29515266418457	15.655439376831055
-15.905356407165527	19.425643920898438
-27.131948471069336	21.802978515625
-13.212026596069336	8.133450508117676
-27.557220458984375	13.226816177368164
-23.100786209106445	13.736239433288574
-10.532689094543457	14.09611988067627
-23.600082397460938	13.04593276977539
-28.628345489501953	12.758011817932129
-27.7830810546875	23.080408096313477
-29.18060302734375	12.389396667480469
-17.3532657623291	22.693649291992188
-29.55621337890625	11.417059898376465
-17.336029052734375	8.349842071533203
-11.46155071258545	13.57524585723877
-18.047279357910156	21.129777908325195
-29.79075050354004	19.12765884399414
-17.986726760864258	21.90413475036621
-26.14153480529785	16.76697540283203
-29.79035758972168	20.254608154296875
-26.140501022338867	15.317643165588379
-13.21708869934082	24.67599868774414
-29.048723220825195	12.638794898986816
-20.070011138916016	18.44679832458496
-15.55352783203125	23.318214416503906
-28.760957717895508	10.923460006713867
-15.474030494689941	21.1936092376709
-16.225040435791016	15.61833667755127
-23.96656608581543	9.339775085449219
-19.993534088134766	18.866552352905273
-28.82412338256836	15.447444915771484
-14.528372764587402	18.31768798828125
-19.92420196533203	18.297218322753906
-21.50933265686035	11.728583335876465
-16.732524871826172	24.524534225463867
-28.749778747558594	11.29641056060791
-20.787046432495117	12.305132865905762
-20.417156219482422	22.090726852416992
-21.114009857177734	21.415390014648438
-17.63732147216797	23.634929656982422
-18.777891159057617	8.5370454788208
-12.705774307250977	21.630128860473633
-9.705381393432617	19.013357162475586
-12.237764358520508	15.649177551269531
-18.207487106323242	23.77558135986328
-19.138105392456055	19.546119689941406
-10.344491958618164	12.558899879455566
-19.273630142211914	13.44689655303955
-25.144458770751953	11.88551139831543
-20.27556037902832	15.323141098022461
-28.167741775512695	17.700389862060547
-25.235475540161133	13.320479393005371
-9.771418571472168	13.617255210876465
-31.3903751373291	18.18146514892578
-29.29120635986328	20.667261123657227
-31.187236785888672	20.231103897094727
-8.51822280883789	14.516860008239746
-18.267684936523438	20.130216598510742
-16.745315551757812	6.913083076477051
-27.753742218017578	14.617727279663086
-22.222808837890625	27.0352783203125
-17.797096252441406	15.038162231445312
-18.854455947875977	25.874652862548828
-18.366384506225586	24.412654876708984
-13.5751314163208	21.520244598388672
-23.350330352783203	26.923864364624023
-14.393733024597168	20.80610466003418
-23.795625686645508	12.871413230895996
-14.01211166381836	21.356143951416016
-20.09960174560547	27.975080490112305
-21.234663009643555	20.87415313720703
-13.3800687789917	8.581727981567383
-21.29976463317871	26.83080291748047
-24.980722427368164	11.831132888793945
-13.767361640930176	21.22774314880371
-9.09161376953125	15.5724458694458
-19.554086685180664	13.676338195800781
-12.078999519348145	10.915581703186035
-16.728954315185547	25.88346290588379
-26.845829010009766	13.855705261230469
-9.691720962524414	19.858413696289062
-23.629966735839844	26.639198303222656
-28.26059341430664	12.103761672973633
-18.118064880371094	17.207813262939453
-18.045228958129883	16.23174476623535
-19.700130462646484	16.20830535888672
-21.679574966430664	11.539647102355957
-25.98331642150879	9.490179061889648
-14.539440155029297	25.996496200561523
-13.180700302124023	11.183061599731445
-12.904658317565918	11.678412437438965
-25.8934326171875	13.901928901672363
-28.04146385192871	13.669601440429688
-30.324190139770508	18.209461212158203
-12.611150741577148	25.861934661865234
-26.02313804626465	12.412491798400879
-15.21717357635498	9.616884231567383
-21.672121047973633	19.47507095336914
-15.88259220123291	10.230456352233887
-29.999290466308594	21.375722885131836
-20.395336151123047	22.097564697265625
-18.066078186035156	20.934104919433594
-28.50627326965332	13.38028621673584
-22.878753662109375	9.905444145202637
-17.846660614013672	20.463314056396484
-19.917232513427734	14.621755599975586
-14.693313598632812	8.600704193115234
-15.760729789733887	20.72730255126953
-19.949485778808594	14.765875816345215
-21.390817642211914	19.2241153717041
-17.904308319091797	14.932487487792969
-10.88329029083252	15.431657791137695
-28.79314613342285	20.348634719848633
-13.336345672607422	8.321202278137207
-30.60036277770996	16.125322341918945
-27.47187614440918	23.455171585083008
-13.750133514404297	19.820158004760742
-30.637231826782227	19.599634170532227
-29.096118927001953	15.13215446472168
-29.807098388671875	16.956939697265625
-23.95450210571289	10.809027671813965
-22.924638748168945	18.477313995361328
-29.35578155517578	22.09514617919922
-27.757225036621094	23.389665603637695
-28.241775512695312	14.504366874694824
-18.353321075439453	14.493355751037598
-17.751222610473633	14.468001365661621
-26.476421356201172	12.658049583435059
-11.065933227539062	12.144243240356445
-17.93663787841797	18.932310104370117
-9.874332427978516	19.379867553710938
-20.93229103088379	13.165183067321777
-18.05618667602539	19.838075637817383
-28.794113159179688	18.310741424560547
-31.126182556152344	15.750450134277344
-27.297060012817383	23.509267807006836
-13.487061500549316	18.56943130493164
-13.025202751159668	7.526821136474609
-23.011329650878906	23.59211540222168
-27.952455520629883	15.255385398864746
-11.107812881469727	12.227375984191895
-12.956269264221191	9.293537139892578
-18.25459098815918	26.81446647644043
-25.038881301879883	9.556913375854492
-15.586669921875	8.708763122558594
-21.787290573120117	11.275761604309082
-18.12563705444336	23.856761932373047
-27.771419525146484	11.03098201751709
-10.999031066894531	13.268879890441895
-27.026878356933594	13.456873893737793
-30.277021408081055	21.252655029296875
-25.905126571655273	11.385476112365723
-18.274032592773438	19.796213150024414
-12.521326065063477	24.519756317138672
-25.06084442138672	25.70179557800293
-22.79013442993164	12.22724723815918
-28.909168243408203	16.795772552490234
-18.015352249145508	23.914535522460938
-18.977378845214844	13.559484481811523
-23.12076759338379	25.871910095214844
-20.4222412109375	25.087953567504883
-10.243329048156738	13.320600509643555
-12.222207069396973	17.009143829345703
-30.885927200317383	16.066408157348633
-18.57819938659668	9.71723747253418
-20.87302017211914	20.799741744995117
-27.443359375	14.776167869567871
-25.222471237182617	9.962164878845215
-27.3332576751709	22.008153915405273
-18.062171936035156	14.232331275939941
-23.136043548583984	25.364364624023438
-12.920101165771484	20.89634895324707
-15.083237648010254	7.3675856590271
-30.315513610839844	18.63738250732422
-12.559337615966797	16.080949783325195
-25.68965721130371	11.307132720947266
-31.28921890258789	17.91065788269043
-13.81609058380127	9.032251358032227
-29.85448455810547	18.76833152770996
-29.87933349609375	19.502979278564453
-25.224138259887695	25.234384536743164
-20.78373908996582	12.04287338256836
-12.181416511535645	15.860289573669434
-25.25212287902832	12.799871444702148
-16.288923263549805	22.199491500854492
-27.895444869995117	19.888961791992188
-20.632585525512695	23.390838623046875
-27.141420364379883	17.724262237548828
-20.330747604370117	21.63860511779785
-11.877994537353516	22.501787185668945
-18.133272171020508	19.02555274963379
-23.981794357299805	19.629159927368164
-9.731375694274902	16.748512268066406
-21.811235427856445	17.57667350769043
-13.584088325500488	20.566570281982422
-14.178085327148438	20.627395629882812
-25.714632034301758	10.371336936950684
-20.659244537353516	12.23682689666748
-15.121163368225098	27.923988342285156
-31.057266235351562	20.329065322875977
-11.665751457214355	16.743837356567383
-20.365398406982422	18.363784790039062
-25.245901107788086	25.294963836669922
-30.639923095703125	16.480512619018555
-15.436882972717285	27.970775604248047
-27.720991134643555	23.086702346801758
-25.272815704345703	23.137582778930664
-25.40516471862793	25.198312759399414
-27.963390350341797	23.22579002380371
-19.645214080810547	26.163864135742188
-27.842844009399414	23.16986846923828
-30.964725494384766	13.728497505187988
-21.028852462768555	13.822214126586914
-18.30769920349121	8.079788208007812
-26.52464485168457	24.499126434326172
-19.790353775024414	14.533685684204102
-19.9920597076416	12.65600299835205
-17.02766227722168	6.983166217803955
-30.8333683013916	19.5843448638916
-23.620241165161133	18.307144165039062
-23.19394874572754	19.34254264831543
-12.555272102355957	11.318379402160645
-11.884143829345703	15.903833389282227
-29.36566925048828	18.95261573791504
-24.85564613342285	12.67133903503418
-30.20982551574707	12.093592643737793
-24.831501007080078	25.527469635009766
-16.94038200378418	8.210925102233887
-20.621076583862305	27.473037719726562
-30.587032318115234	14.97829818725586
-20.95431900024414	11.904366493225098
-17.351465225219727	20.402061462402344
-16.28592300415039	15.57918643951416
-14.067084312438965	9.123043060302734
-17.15260887145996	25.88436508178711
-13.85257339477539	17.724824905395508
-16.70473861694336	7.603567600250244
-26.32715606689453	24.657934188842773
-16.626222610473633	23.561851501464844
-23.827829360961914	10.650015830993652
-8.818452835083008	17.962491989135742
-17.769704818725586	14.994572639465332
-26.77646255493164	10.754792213439941
-30.93633270263672	19.305410385131836
-9.647927284240723	14.860472679138184
-23.115938186645508	13.680034637451172
-30.177471160888672	11.533499717712402
-30.28876304626465	15.79900074005127
-30.422170639038086	12.97812271118164
-32.049381256103516	16.9683837890625
-23.95935821533203	12.465214729309082
-18.335926055908203	19.384469985961914
-31.334747314453125	19.954111099243164
-26.603775024414062	23.02135467529297
-19.531675338745117	22.773975372314453
-11.230472564697266	11.63685417175293
