1
38.47411346435547	-75.59931945800781
35.12212371826172	-79.52012634277344
29.910547256469727	-81.2846908569336
-1.1125293970108032	-57.77511215209961
-2.5069189071655273	-48.85906219482422
2.5144340991973877	-96.1518325805664
-1.7020398378372192	-88.40741729736328
10.87326431274414	-40.495277404785156
8.35340690612793	-55.14268112182617
-0.43922775983810425	-84.24978637695312
14.94188117980957	-46.88928985595703
40.52253723144531	-77.92273712158203
6.542963981628418	-75.60691833496094
-6.476321697235107	-53.648399353027344
-4.306007385253906	-72.17010498046875
-0.7803510427474976	-42.64415740966797
19.977628707885742	-73.89503479003906
-2.64166259765625	-46.34798049926758
40.146766662597656	-73.3232650756836
27.72528839111328	-84.32781982421875
7.17995548248291	-76.91407775878906
38.76588439941406	-80.66190338134766
15.507582664489746	-46.170413970947266
37.43380355834961	-82.90319061279297
9.673735618591309	-53.49418258666992
18.703079223632812	-69.51860046386719
13.074275016784668	-70.45890045166016
30.36781120300293	-61.6989860534668
5.498375415802002	-46.14158630371094
29.258655548095703	-63.54076385498047
-8.033967018127441	-65.94868469238281
-0.4565214514732361	-55.43389892578125
8.698585510253906	-95.0985107421875
16.143320083618164	-56.504295349121094
40.86531448364258	-77.04884338378906
28.6968936920166	-64.89908599853516
-4.172703266143799	-69.91152954101562
3.7964770793914795	-58.45623016357422
22.25908088684082	-62.413700103759766
14.989134788513184	-74.72990417480469
24.294179916381836	-51.56644821166992
9.559877395629883	-76.46825408935547
4.791820526123047	-74.59095764160156
10.375508308410645	-78.75598907470703
15.183067321777344	-45.23580551147461
29.131990432739258	-59.428890228271484
16.287752151489258	-69.59387969970703
36.34747314453125	-80.65535736083984
23.43112564086914	-73.68165588378906
8.25480842590332	-64.06633758544922
10.114261627197266	-56.3613395690918
27.998584747314453	-61.68733215332031
11.232433319091797	-69.59186553955078
16.439117431640625	-80.0619888305664
3.1213929653167725	-97.43720245361328
-6.452207088470459	-59.76716613769531
8.440671920776367	-49.91257095336914
6.520905017852783	-80.47748565673828
8.413663864135742	-94.21392059326172
4.06689977645874	-73.97298431396484
5.655645370483398	-85.93904876708984
5.251916885375977	-53.26321029663086
29.525787353515625	-82.22677612304688
1.3192989826202393	-87.81985473632812
7.293574333190918	-97.64068603515625
8.963052749633789	-77.9646224975586
13.952066421508789	-73.63016510009766
19.581321716308594	-83.03414154052734
5.853335857391357	-43.324222564697266
37.476417541503906	-73.01152038574219
4.762592315673828	-81.14075469970703
5.04559850692749	-95.75193786621094
-6.698410511016846	-66.37179565429688
16.466650009155273	-71.41374969482422
4.844097137451172	-76.80305480957031
31.942264556884766	-85.06005096435547
27.808622360229492	-60.12971496582031
15.991827964782715	-68.89037322998047
25.90909194946289	-64.09149169921875
16.514280319213867	-46.676395416259766
42.46773910522461	-71.54248046875
32.41621017456055	-72.7543716430664
11.940360069274902	-77.28636169433594
20.064189910888672	-53.340538024902344
18.366418838500977	-45.889495849609375
12.488920211791992	-69.56349182128906
6.065695762634277	-93.75464630126953
13.66871166229248	-45.67844009399414
21.533748626708984	-48.15609359741211
-3.750526189804077	-51.15930938720703
5.616839408874512	-72.36257934570312
-0.7251889705657959	-74.5401611328125
4.328222751617432	-86.8332290649414
25.37242317199707	-69.9879150390625
-6.505011081695557	-47.33456802368164
20.34747314453125	-69.50794219970703
21.740772247314453	-75.06432342529297
36.31304168701172	-81.87319946289062
5.551171779632568	-43.5269775390625
22.242719650268555	-73.90669250488281
18.092388153076172	-46.94172286987305
38.57994842529297	-80.75524139404297
-8.099287033081055	-56.0582160949707
25.137191772460938	-69.76705169677734
23.526124954223633	-69.72175598144531
35.672359466552734	-80.55594635009766
28.26279640197754	-65.14755249023438
22.20699119567871	-68.77601623535156
25.41315269470215	-53.90666198730469
16.862688064575195	-76.1642837524414
16.79742431640625	-81.92471313476562
-3.14582896232605	-43.98021697998047
9.598418235778809	-74.29959106445312
11.477492332458496	-54.10723876953125
-8.20755386352539	-66.42771911621094
38.88010025024414	-79.8666763305664
13.300256729125977	-57.2579345703125
12.302356719970703	-90.79170989990234
24.243289947509766	-68.18376159667969
-4.281798839569092	-61.36351776123047
18.251832962036133	-52.43539810180664
5.49862813949585	-71.09659576416016
22.51466178894043	-68.1356201171875
2.3429789543151855	-92.54373931884766
21.335718154907227	-50.00143814086914
18.172073364257812	-61.720069885253906
4.88253116607666	-45.34099197387695
7.595247745513916	-84.27798461914062
10.824491500854492	-72.75564575195312
20.199270248413086	-78.11833953857422
5.728727340698242	-41.832698822021484
15.957489967346191	-74.66548156738281
19.748165130615234	-68.3237075805664
2.8822107315063477	-43.31904602050781
14.279928207397461	-60.643863677978516
32.930843353271484	-87.89224243164062
19.76593780517578	-85.0851821899414
38.33409118652344	-81.6588134765625
39.61931228637695	-78.0190658569336
16.143543243408203	-74.96089172363281
5.574985027313232	-78.91482543945312
2.518752336502075	-93.03695678710938
-0.7750447392463684	-45.33344650268555
5.070878982543945	-55.536163330078125
9.771028518676758	-94.28015899658203
26.82630157470703	-61.918880462646484
21.0191707611084	-75.15034484863281
13.180315971374512	-88.2509994506836
22.57909393310547	-74.9666976928711
15.1121244430542	-61.723690032958984
-4.044309139251709	-53.65643310546875
10.755763053894043	-85.20155334472656
8.234467506408691	-71.44645690917969
14.125950813293457	-78.05366516113281
22.21843719482422	-52.34130096435547
36.37574768066406	-67.92033386230469
38.265228271484375	-78.32841491699219
-3.979663133621216	-60.79838180541992
9.266667366027832	-82.81881713867188
1.4971226453781128	-88.27283477783203
23.84693717956543	-85.64925384521484
17.80219268798828	-59.64255905151367
-7.751524448394775	-76.90167999267578
16.146629333496094	-80.3419418334961
23.85505485534668	-72.90081024169922
10.719328880310059	-69.43855285644531
21.036258697509766	-73.6814193725586
14.568514823913574	-52.92414093017578
7.14334774017334	-56.33384323120117
18.19915008544922	-84.194580078125
8.459410667419434	-83.0079345703125
4.1112470626831055	-77.12529754638672
39.29112243652344	-66.40753936767578
16.30705451965332	-49.89242935180664
21.841707229614258	-70.69739532470703
20.76146697998047	-75.32991027832031
5.456385612487793	-72.05043029785156
15.808035850524902	-94.71785736083984
9.985635757446289	-78.77545166015625
35.3281364440918	-76.65486145019531
13.830487251281738	-55.3171501159668
4.102444171905518	-82.81182861328125
1.9644242525100708	-45.900177001953125
24.67033576965332	-84.09191131591797
13.750791549682617	-91.19070434570312
-1.3112454414367676	-46.80413055419922
39.51103591918945	-65.73759460449219
24.246564865112305	-50.933528900146484
12.87613296508789	-90.9738998413086
15.554466247558594	-69.93458557128906
14.9525146484375	-52.12797927856445
13.772010803222656	-92.71104431152344
8.1452054977417	-83.81842803955078
38.422245025634766	-74.32417297363281
14.9485445022583	-81.38616943359375
-3.716752767562866	-60.50360870361328
14.30972957611084	-74.186767578125
15.82141399383545	-84.7481918334961
32.75029754638672	-90.03478240966797
18.061500549316406	-78.09673309326172
37.00130081176758	-77.78128814697266
17.027456283569336	-71.47274017333984
0.6316756010055542	-44.939422607421875
6.997161865234375	-69.53831481933594
4.361152648925781	-54.16035461425781
39.563297271728516	-67.7894515991211
29.8496036529541	-63.476749420166016
9.171536445617676	-77.77252197265625
-5.2667412757873535	-61.2664680480957
6.155803203582764	-84.02941131591797
8.288785934448242	-87.13169860839844
8.600587844848633	-50.703651428222656
20.604507446289062	-48.88329315185547
-2.612917423248291	-72.96627044677734
42.77089309692383	-73.08729553222656
36.589111328125	-84.28166961669922
4.497034072875977	-44.20106506347656
21.219730377197266	-50.90578842163086
-2.336879014968872	-54.305824279785156
24.79363250732422	-83.98423767089844
15.541178703308105	-45.53045654296875
10.459692001342773	-47.347496032714844
18.060401916503906	-61.52241897583008
6.478521347045898	-56.45412063598633
-2.789191484451294	-62.05216598510742
-5.021718978881836	-62.647926330566406
6.597650527954102	-75.56208038330078
17.414554595947266	-81.46803283691406
23.235065460205078	-73.72534942626953
5.719842910766602	-83.89887237548828
24.774694442749023	-67.54276275634766
8.890016555786133	-85.83390808105469
7.558229446411133	-66.26608276367188
6.168821811676025	-44.85603332519531
20.1039981842041	-59.633262634277344
13.257403373718262	-73.54254150390625
7.444477081298828	-55.20940017700195
16.321693420410156	-60.94668197631836
25.954843521118164	-66.43486022949219
-5.391372203826904	-47.47556686401367
-0.09748609364032745	-47.02147674560547
15.070180892944336	-46.728294372558594
28.467966079711914	-65.1397476196289
-4.348816394805908	-62.835750579833984
25.078208923339844	-65.81109619140625
22.804553985595703	-69.87195587158203
5.252025604248047	-57.04615020751953
5.580475330352783	-73.0029296875
21.253393173217773	-47.75493240356445
22.62384605407715	-92.00868225097656
9.119367599487305	-81.07935333251953
40.006980895996094	-75.3128433227539
-7.538825035095215	-54.25687026977539
14.188608169555664	-77.05965423583984
-4.975535869598389	-45.85358428955078
-0.2583293914794922	-91.27870178222656
12.446560859680176	-42.66175079345703
21.02106475830078	-67.59637451171875
42.96271514892578	-74.5242691040039
33.10725784301758	-73.61151885986328
35.314449310302734	-76.30577850341797
16.898221969604492	-76.8547134399414
15.44880199432373	-94.00785064697266
3.693298578262329	-92.12832641601562
10.095218658447266	-43.91433334350586
23.918928146362305	-79.94236755371094
8.108490943908691	-73.61699676513672
18.19875717163086	-45.09020233154297
14.769676208496094	-70.2308578491211
21.555240631103516	-67.38523864746094
22.735523223876953	-71.90303802490234
6.216381549835205	-43.11081314086914
22.259559631347656	-75.04103088378906
6.934767723083496	-43.442623138427734
23.564428329467773	-69.64678192138672
41.84424591064453	-68.75399017333984
13.75892448425293	-91.79930114746094
27.143278121948242	-57.53902816772461
11.109160423278809	-46.60253143310547
-2.9181833267211914	-81.43289184570312
11.885239601135254	-81.56159973144531
13.989103317260742	-58.090187072753906
15.42122745513916	-42.72556686401367
0.199172705411911	-44.80628204345703
-4.998846530914307	-65.44220733642578
40.90550231933594	-75.75232696533203
11.610570907592773	-77.7852554321289
-5.3335065841674805	-48.36536407470703
17.42829704284668	-49.979331970214844
11.98913860321045	-46.6171989440918
15.66296672821045	-91.55729675292969
7.330605506896973	-79.33912658691406
37.644371032714844	-82.42896270751953
8.46082878112793	-97.86186981201172
6.9096574783325195	-75.31495666503906
10.904642105102539	-79.13382720947266
6.635666847229004	-54.158714294433594
-1.8390247821807861	-49.0243034362793
32.045074462890625	-77.51964569091797
38.92866897583008	-66.40230560302734
18.318553924560547	-72.27005004882812
4.350911617279053	-81.68355560302734
2.092484712600708	-40.37577438354492
38.691070556640625	-70.19184875488281
8.241585731506348	-77.9642105102539
14.286299705505371	-60.27373504638672
11.350689888000488	-72.70315551757812
1.0954104661941528	-44.302154541015625
7.550562381744385	-79.3918685913086
17.88831329345703	-67.56240844726562
0.46770647168159485	-51.92677688598633
3.3399808406829834	-84.31107330322266
9.867488861083984	-43.347415924072266
37.48337936401367	-83.00277709960938
-3.168541193008423	-60.227088928222656
2.746758460998535	-83.9916000366211
-5.16613245010376	-61.722625732421875
10.336606979370117	-70.27764129638672
32.98855972290039	-85.44219970703125
-4.788886547088623	-50.39116668701172
20.024621963500977	-69.13613891601562
8.298547744750977	-80.8101577758789
27.77426528930664	-80.5270767211914
8.433351516723633	-96.37980651855469
35.570011138916016	-84.15460205078125
35.07423400878906	-68.98199462890625
6.49444055557251	-70.48587799072266
6.858251571655273	-54.9249382019043
-3.9101381301879883	-57.187171936035156
12.269697189331055	-56.53565979003906
-1.1893577575683594	-46.936424255371094
13.95553970336914	-72.91121673583984
27.162403106689453	-89.21014404296875
15.561119079589844	-46.06108474731445
7.7336225509643555	-64.42310333251953
4.269195556640625	-76.7319107055664
3.376551866531372	-83.45194244384766
11.524761199951172	-78.7878189086914
23.03571128845215	-66.47698211669922
-1.1990303993225098	-68.8500747680664
28.96994400024414	-58.184879302978516
4.503605365753174	-91.57320404052734
10.88748836517334	-42.31901168823242
9.874887466430664	-82.80013275146484
15.149494171142578	-69.05516052246094
27.870561599731445	-63.443572998046875
7.087441444396973	-56.5896110534668
4.706985950469971	-57.440528869628906
3.6397759914398193	-47.042884826660156
21.17108917236328	-66.53641510009766
25.50136375427246	-68.59672546386719
4.539268970489502	-84.15222930908203
3.2415807247161865	-44.78688430786133
10.392899513244629	-94.15991973876953
21.497535705566406	-75.1358413696289
21.768083572387695	-65.47510528564453
4.360223770141602	-41.42236328125
5.664280891418457	-80.80619049072266
-3.662125825881958	-61.23851776123047
5.552826404571533	-74.71575164794922
11.760568618774414	-83.30758666992188
12.439741134643555	-79.97052764892578
-4.979422569274902	-59.72786331176758
40.96778869628906	-76.6609878540039
22.741867065429688	-69.17369842529297
18.204193115234375	-70.53060913085938
8.493276596069336	-44.24323654174805
17.245092391967773	-73.53047180175781
-6.445468902587891	-62.69636154174805
-1.7898482084274292	-52.32180404663086
35.60604476928711	-85.38256072998047
41.988868713378906	-73.62833404541016
2.8017866611480713	-46.570526123046875
6.198380947113037	-73.02883911132812
10.849207878112793	-40.928340911865234
11.129579544067383	-72.51219177246094
6.13814640045166	-67.53280639648438
-1.210208773612976	-73.87293243408203
37.30604934692383	-83.10130310058594
20.8768367767334	-65.2303466796875
6.259768009185791	-71.18217468261719
23.647205352783203	-67.03861236572266
2.837702751159668	-88.86780548095703
-1.7652392387390137	-44.03851318359375
13.22000789642334	-74.29588317871094
38.314369201660156	-74.05239868164062
15.760302543640137	-42.90379333496094
2.0372302532196045	-44.82212829589844
33.50168228149414	-72.89554595947266
-8.525379180908203	-72.86480712890625
29.766298294067383	-63.67007827758789
8.651007652282715	-77.22439575195312
24.65559959411621	-80.65619659423828
32.66268539428711	-77.170166015625
42.02798843383789	-73.50863647460938
39.584930419921875	-79.7829360961914
25.871166229248047	-59.56815719604492
-0.10360084474086761	-46.799346923828125
4.850030422210693	-80.53129577636719
21.679264068603516	-70.3646240234375
5.39074182510376	-42.2479248046875
7.462345600128174	-42.531795501708984
3.581275701522827	-57.1352424621582
6.52309513092041	-70.83727264404297
35.900184631347656	-83.98953247070312
6.717484951019287	-43.47017288208008
25.31770133972168	-91.58045959472656
8.425334930419922	-44.99430847167969
30.676727294921875	-61.80208969116211
42.536624908447266	-75.34149932861328
6.38130521774292	-95.68034362792969
36.392234802246094	-82.44463348388672
16.938629150390625	-92.99117279052734
18.911169052124023	-60.793670654296875
4.809935092926025	-56.65132522583008
39.194801330566406	-78.25279235839844
12.83496379852295	-90.80342864990234
29.39186668395996	-62.22580337524414
23.64168930053711	-63.613990783691406
-1.5222209692001343	-86.41462707519531
25.767545700073242	-68.62682342529297
3.834441900253296	-75.15580749511719
11.400556564331055	-94.61400604248047
22.610761642456055	-69.86875915527344
10.659029960632324	-73.76370239257812
-0.6657513380050659	-70.72296905517578
4.884366512298584	-56.08077621459961
5.510059833526611	-49.85091781616211
-0.9909301996231079	-42.2808952331543
27.536874771118164	-90.86827850341797
21.035924911499023	-52.34758758544922
24.426807403564453	-51.75118637084961
6.393801212310791	-81.64026641845703
13.749367713928223	-88.22112274169922
24.963909149169922	-51.65610122680664
16.05293083190918	-52.64325714111328
21.79286766052246	-49.796836853027344
-6.994730472564697	-79.5804214477539
-5.379892349243164	-62.715457916259766
5.173302173614502	-53.86585235595703
38.95011520385742	-77.71361541748047
17.743999481201172	-48.26463317871094
2.04044508934021	-95.18894958496094
0.6310222148895264	-97.10163879394531
15.852957725524902	-71.67759704589844
16.11901092529297	-85.94498443603516
7.006495475769043	-58.052730560302734
9.050682067871094	-97.22284698486328
13.023198127746582	-45.606834411621094
12.177160263061523	-68.85114288330078
6.033687591552734	-57.4710693359375
-5.869568347930908	-53.36703109741211
6.707283020019531	-82.84701538085938
17.63084602355957	-81.26939392089844
7.24187707901001	-65.9872055053711
-6.820669651031494	-53.73601150512695
22.25942611694336	-66.43391418457031
14.869623184204102	-87.205078125
27.929964065551758	-66.19689178466797
10.841079711914062	-74.13411712646484
25.087064743041992	-67.21341705322266
8.03630542755127	-64.92817687988281
25.483966827392578	-83.67790222167969
25.841291427612305	-69.39553833007812
11.104918479919434	-86.54981231689453
28.488523483276367	-65.7267074584961
8.885721206665039	-48.56915283203125
21.411165237426758	-65.86688995361328
13.558355331420898	-95.91697692871094
41.205265045166016	-74.20382690429688
24.214298248291016	-57.265987396240234
12.314274787902832	-83.84957122802734
10.1694917678833	-94.37928771972656
4.453326225280762	-75.72737884521484
21.338098526000977	-49.2033805847168
14.61221981048584	-44.32127380371094
6.377614498138428	-55.36833190917969
40.775611877441406	-66.86031341552734
7.124472618103027	-99.03872680664062
21.383220672607422	-73.09549713134766
40.6815299987793	-74.66078186035156
23.659292221069336	-72.6705093383789
6.423335552215576	-70.43035125732422
27.34294891357422	-58.87077713012695
17.568246841430664	-81.67896270751953
40.192623138427734	-68.76697540283203
20.04771614074707	-66.38623046875
29.36457061767578	-58.944828033447266
13.024759292602539	-61.04745864868164
35.26847457885742	-76.8308334350586
-3.8206002712249756	-55.94066619873047
17.593774795532227	-53.50787353515625
20.226585388183594	-65.8706283569336
-7.808296203613281	-66.91051483154297
12.69926929473877	-79.78303527832031
34.66459274291992	-87.29214477539062
3.629146099090576	-78.39749908447266
24.348140716552734	-68.51476287841797
6.389312267303467	-53.582435607910156
40.41914367675781	-78.4263687133789
21.88241195678711	-72.53816223144531
17.689517974853516	-86.10712432861328
41.203369140625	-70.2570571899414
16.210111618041992	-74.70214080810547
10.820425987243652	-48.530662536621094
28.335742950439453	-63.950687408447266
12.75700855255127	-44.63393020629883
-5.7397894859313965	-66.88079071044922
39.58075714111328	-79.53560638427734
34.912986755371094	-77.35862731933594
5.598062038421631	-48.346954345703125
16.32132911682129	-55.01179885864258
6.5297393798828125	-65.98863983154297
-6.673099040985107	-65.04630279541016
-4.497007369995117	-46.106143951416016
1.0090206861495972	-49.920204162597656
14.80994987487793	-77.43126678466797
30.44135093688965	-62.18766784667969
12.733487129211426	-86.00072479248047
6.942086696624756	-48.517112731933594
11.841760635375977	-44.7775993347168
21.952333450317383	-75.67567443847656
34.11320114135742	-81.71443939208984
23.986539840698242	-65.0353012084961
3.877549886703491	-98.18522644042969
34.429141998291016	-86.33830261230469
36.7174186706543	-82.91974639892578
32.23906326293945	-87.05770874023438
7.40088415145874	-47.099632263183594
23.233173370361328	-59.76860046386719
-1.3544199466705322	-58.361698150634766
17.92742919921875	-54.548465728759766
-3.5701310634613037	-50.26225662231445
15.663372039794922	-44.880210876464844
27.723804473876953	-65.9881362915039
13.962907791137695	-49.51202392578125
3.988516092300415	-96.14634704589844
5.053491592407227	-44.78919982910156
22.89995765686035	-68.32081604003906
16.42684555053711	-59.72202682495117
0.7712708711624146	-42.58901596069336
13.41637134552002	-73.78165435791016
8.743072509765625	-81.52637481689453
25.096698760986328	-61.566246032714844
8.59829330444336	-86.58433532714844
-5.366186618804932	-51.15789794921875
25.975971221923828	-68.97457122802734
16.737829208374023	-62.51329803466797
7.936766624450684	-67.3518295288086
2.7512307167053223	-48.972347259521484
-2.563775062561035	-50.821563720703125
3.0300283432006836	-81.91644287109375
-8.321989059448242	-72.19326782226562
11.816511154174805	-73.19266510009766
9.30350112915039	-58.453155517578125
-1.3736740350723267	-84.6524658203125
15.559814453125	-68.11238098144531
17.843109130859375	-55.59599685668945
6.54006814956665	-69.84285736083984
4.791073322296143	-56.79594039916992
4.531814098358154	-48.6185417175293
16.466650009155273	-57.30854034423828
4.272356033325195	-45.47596740722656
4.663964748382568	-85.3050765991211
1.0663906335830688	-51.78042221069336
3.3985583782196045	-77.96580505371094
13.217289924621582	-82.76068115234375
34.894771575927734	-81.35005950927734
-6.576493263244629	-64.8214340209961
8.822900772094727	-80.7978286743164
4.89178991317749	-56.02387619018555
42.561737060546875	-74.20726013183594
-7.901293754577637	-55.00013732910156
40.52562713623047	-77.93910217285156
6.276206016540527	-67.1580581665039
14.163805961608887	-95.13509368896484
13.858264923095703	-94.24712371826172
24.65266227722168	-64.13883209228516
8.976898193359375	-88.74602508544922
4.678769111633301	-57.65679931640625
1.968121886253357	-88.57492065429688
2.4443039894104004	-39.926673889160156
34.429691314697266	-87.85079956054688
23.47573471069336	-88.58609008789062
9.037565231323242	-71.41059112548828
-0.23713898658752441	-86.06607818603516
19.46613311767578	-66.90984344482422
29.457490921020508	-63.20283126831055
-2.9326159954071045	-61.34501266479492
29.29854965209961	-61.75400924682617
40.38417434692383	-76.75273132324219
19.070768356323242	-53.708065032958984
9.880744934082031	-74.67988586425781
13.074405670166016	-90.12305450439453
-2.787935256958008	-62.52600860595703
9.871740341186523	-90.14105987548828
5.672732353210449	-44.126991271972656
-1.4142529964447021	-56.30355453491211
5.224342346191406	-53.47457504272461
6.042785167694092	-81.19829559326172
5.656447887420654	-41.2867317199707
32.17852783203125	-87.18514251708984
-6.609980583190918	-74.40686798095703
19.114469528198242	-70.01243591308594
3.4447884559631348	-82.82953643798828
25.488454818725586	-90.5057144165039
8.077391624450684	-69.80303955078125
16.536388397216797	-45.4455451965332
16.48133087158203	-84.29413604736328
4.436786651611328	-54.518062591552734
6.419164180755615	-54.913299560546875
5.722061634063721	-90.93661499023438
13.232349395751953	-83.98260498046875
3.9071667194366455	-84.49559783935547
12.945170402526855	-56.06631088256836
26.612640380859375	-65.71641540527344
-6.508512496948242	-53.14860153198242
-5.665358066558838	-59.26554870605469
4.3080010414123535	-78.06644439697266
-6.1273112297058105	-59.39897918701172
-2.298222064971924	-48.983211517333984
14.592301368713379	-58.19008255004883
16.897518157958984	-50.708309173583984
3.1690237522125244	-88.87177276611328
27.443403244018555	-67.03555297851562
8.07358169555664	-74.36901092529297
0.7112897634506226	-43.93101119995117
5.716731071472168	-83.74107360839844
8.978053092956543	-45.654083251953125
19.587970733642578	-68.90780639648438
40.01808166503906	-79.14070129394531
20.330997467041016	-78.06304168701172
17.816160202026367	-53.48943328857422
15.733813285827637	-74.76150512695312
2.407810926437378	-43.55850601196289
19.4981689453125	-72.26338195800781
23.39458465576172	-53.12805938720703
9.441974639892578	-75.07086181640625
7.803230285644531	-52.49776077270508
12.62448787689209	-91.73454284667969
25.531396865844727	-53.35235595703125
26.166044235229492	-69.32923889160156
26.453977584838867	-68.58040618896484
-2.573740243911743	-56.56410217285156
33.248416900634766	-71.6983642578125
13.544915199279785	-50.010986328125
15.977377891540527	-71.94779968261719
17.507038116455078	-60.30279541015625
20.538896560668945	-84.32943725585938
-2.028334617614746	-61.98830032348633
39.62019348144531	-72.15302276611328
-0.5502346754074097	-54.21932601928711
7.613194465637207	-65.3498764038086
10.286346435546875	-82.40653991699219
-2.8695430755615234	-61.114044189453125
-0.15854975581169128	-42.32654571533203
8.448465347290039	-79.36956024169922
8.994080543518066	-67.75276947021484
23.63916778564453	-56.382266998291016
7.136119365692139	-76.70862579345703
20.012161254882812	-70.81127166748047
8.071395874023438	-79.51852416992188
34.89603042602539	-86.10159301757812
3.922053575515747	-76.32568359375
27.485790252685547	-56.08945846557617
9.871383666992188	-52.332763671875
26.27861976623535	-60.41609573364258
17.496196746826172	-76.4465560913086
11.355395317077637	-74.98485565185547
36.08597183227539	-81.3233413696289
22.968364715576172	-63.70841979980469
33.241146087646484	-72.29000854492188
32.87197494506836	-87.87355041503906
22.648780822753906	-72.69084167480469
-4.127482891082764	-62.16849899291992
26.876392364501953	-54.93836212158203
22.77587127685547	-84.2542495727539
23.566009521484375	-67.3255844116211
2.225125551223755	-87.75399780273438
7.8460540771484375	-43.99748611450195
17.039094924926758	-48.32960891723633
13.8682222366333	-86.05530548095703
37.930850982666016	-74.98152923583984
4.386020183563232	-87.8340072631836
8.468409538269043	-76.06661224365234
25.085552215576172	-64.65472412109375
24.471525192260742	-71.25101470947266
10.028429985046387	-45.009952545166016
33.653350830078125	-84.2196044921875
25.352811813354492	-58.25796890258789
7.659896373748779	-75.6868667602539
7.4020466804504395	-67.2243423461914
25.494029998779297	-70.23262786865234
10.166069984436035	-83.10340118408203
3.8867080211639404	-78.12132263183594
4.737286567687988	-57.20823287963867
17.316696166992188	-90.54393768310547
5.185118198394775	-55.62096405029297
11.423689842224121	-57.20100402832031
27.285057067871094	-58.836021423339844
2.9723873138427734	-44.695552825927734
39.87751007080078	-75.619384765625
7.077538013458252	-82.92970275878906
27.920482635498047	-66.4258041381836
12.417618751525879	-68.71653747558594
22.344364166259766	-75.19671630859375
35.68733596801758	-85.61460876464844
7.196864128112793	-89.22679138183594
12.79682731628418	-50.902137756347656
15.67856502532959	-62.01563262939453
25.719085693359375	-61.34397506713867
0.8339788913726807	-51.207977294921875
-0.9957408905029297	-45.6238899230957
9.5891752243042	-76.46080780029297
21.175905227661133	-66.90143585205078
3.2880709171295166	-42.498016357421875
41.33899688720703	-76.54109954833984
0.7229586839675903	-43.89866256713867
8.8565034866333	-66.82926177978516
35.398681640625	-73.00877380371094
8.197735786437988	-40.97523880004883
14.839470863342285	-81.1988754272461
0.150416761636734	-96.80499267578125
17.267059326171875	-90.6302719116211
-0.12970401346683502	-54.30794143676758
23.243162155151367	-67.98243713378906
8.253633499145508	-51.71168518066406
17.853408813476562	-67.68858337402344
8.813824653625488	-45.36821365356445
-6.245584487915039	-75.23405456542969
4.145513534545898	-87.51054382324219
9.101751327514648	-89.21435546875
1.2196706533432007	-91.15804290771484
16.64970588684082	-81.7169418334961
-7.0378828048706055	-59.54813003540039
3.7632968425750732	-97.9579849243164
-7.817043304443359	-54.47044372558594
11.87224006652832	-75.2842025756836
20.220218658447266	-57.02172088623047
14.878621101379395	-54.727699279785156
29.55347442626953	-89.39262390136719
24.681766510009766	-65.2016372680664
4.871985912322998	-72.0698471069336
20.759523391723633	-49.91268539428711
24.93775177001953	-70.40328216552734
1.0662554502487183	-81.78594970703125
7.26312255859375	-56.53940200805664
19.817155838012695	-71.39059448242188
21.686092376708984	-70.19029998779297
19.553205490112305	-65.98274230957031
23.144981384277344	-86.72113800048828
0.9185167551040649	-94.56810760498047
15.711987495422363	-57.96489334106445
-7.19462776184082	-57.73965835571289
28.503673553466797	-63.56501007080078
3.697847604751587	-39.53519821166992
5.779572486877441	-82.35450744628906
8.178695678710938	-76.92840576171875
2.2071354389190674	-50.21027755737305
10.346966743469238	-79.11846923828125
-4.607903957366943	-59.55270004272461
6.017845153808594	-53.166770935058594
-4.564459800720215	-52.2640495300293
0.2773241698741913	-86.22754669189453
-7.300081253051758	-64.12523651123047
13.816917419433594	-95.56624603271484
4.365692615509033	-82.2191162109375
1.604746699333191	-93.7997055053711
0.721566915512085	-53.08897399902344
6.038806438446045	-68.58981323242188
19.373279571533203	-49.573673248291016
33.17023849487305	-73.97220611572266
29.230464935302734	-63.50369644165039
15.174327850341797	-59.43783187866211
27.169368743896484	-59.935935974121094
18.951805114746094	-50.38557434082031
15.099040985107422	-78.49334716796875
13.477640151977539	-72.82093048095703
27.720510482788086	-66.96955108642578
21.93798828125	-75.3408432006836
6.215450286865234	-71.01403045654297
7.894986152648926	-86.33786010742188
35.73216247558594	-74.13848114013672
6.9683756828308105	-92.28936767578125
25.94710922241211	-58.588932037353516
3.724924325942993	-82.51693725585938
38.1020393371582	-71.6571273803711
11.784314155578613	-59.942543029785156
5.3138957023620605	-49.55751419067383
7.152271270751953	-53.900428771972656
7.718286514282227	-64.29613494873047
-1.0637692213058472	-94.5113525390625
5.301042556762695	-52.886653900146484
8.47863483428955	-52.913761138916016
1.798409104347229	-84.48233795166016
12.91540813446045	-69.6155014038086
6.568129062652588	-43.81489944458008
2.743664503097534	-41.68278121948242
24.33061408996582	-56.92195510864258
7.253109455108643	-80.33670043945312
4.318507671356201	-79.89776611328125
10.850985527038574	-59.406314849853516
41.04740524291992	-73.0506362915039
22.197837829589844	-75.60118103027344
-3.422602415084839	-46.793556213378906
8.463705062866211	-56.22661590576172
15.277015686035156	-55.321720123291016
-7.734020233154297	-71.38932800292969
27.69743537902832	-66.20220184326172
6.241346836090088	-48.156593322753906
12.779208183288574	-69.1812744140625
0.5662639141082764	-80.3871841430664
7.042881011962891	-46.1688117980957
15.580150604248047	-70.7172622680664
40.03559112548828	-79.01140594482422
10.98293685913086	-71.36576080322266
4.947160243988037	-91.0561752319336
22.538204193115234	-85.27092742919922
4.714335918426514	-57.384159088134766
9.150915145874023	-66.58592987060547
17.589153289794922	-70.7528076171875
18.903188705444336	-77.6369400024414
4.2267045974731445	-90.5296859741211
18.294635772705078	-51.99856185913086
16.213573455810547	-77.43666076660156
10.156269073486328	-97.8146743774414
31.541522979736328	-84.6839599609375
5.971116542816162	-55.39127731323242
19.91689682006836	-66.09281921386719
-6.214019775390625	-80.07288360595703
5.702492713928223	-41.9603385925293
18.911211013793945	-49.71175765991211
33.61423110961914	-80.42599487304688
26.044443130493164	-67.90853881835938
4.975363731384277	-55.38320541381836
39.72212219238281	-70.89091491699219
15.783513069152832	-71.92225646972656
14.566651344299316	-93.62963104248047
7.153181076049805	-65.19978332519531
23.147397994995117	-73.59845733642578
40.05679702758789	-69.22128295898438
-8.085824012756348	-72.36832427978516
-1.0084662437438965	-82.48719787597656
8.826286315917969	-54.54991149902344
6.261953830718994	-53.45368576049805
43.44369888305664	-74.47100067138672
13.260594367980957	-71.2140121459961
16.191993713378906	-74.12152862548828
11.720454216003418	-84.1294174194336
-1.9147799015045166	-52.90544128417969
-1.8635785579681396	-57.234161376953125
19.072778701782227	-68.56656646728516
17.2957820892334	-69.01429748535156
-0.38053250312805176	-92.14916229248047
18.130512237548828	-62.831295013427734
20.857330322265625	-52.66517639160156
36.99699401855469	-83.5344467163086
23.320568084716797	-66.2867202758789
13.24487590789795	-80.84224700927734
27.12563133239746	-64.29423522949219
4.852076053619385	-79.19453430175781
8.918159484863281	-52.08213806152344
20.468339920043945	-46.654541015625
7.551054954528809	-96.22227478027344
39.47511291503906	-77.4406967163086
5.360541343688965	-53.15515899658203
2.800898551940918	-46.949275970458984
35.06256866455078	-69.69123840332031
4.185169219970703	-76.22196197509766
4.408218860626221	-97.16554260253906
29.8726863861084	-82.60806274414062
6.345430374145508	-41.81184768676758
25.379785537719727	-64.80963134765625
31.77135467529297	-73.16441345214844
31.60637092590332	-76.40200805664062
23.758472442626953	-70.3072280883789
43.3327751159668	-73.93208312988281
41.38112258911133	-77.37723541259766
11.959693908691406	-72.35542297363281
11.841766357421875	-41.68797302246094
24.104463577270508	-61.400325775146484
18.10673713684082	-57.520233154296875
7.650464057922363	-77.6570053100586
0.8890773057937622	-41.19393539428711
29.689455032348633	-60.8300666809082
0.132872074842453	-49.51513671875
1.830664038658142	-95.57756042480469
28.022775650024414	-82.65875244140625
18.858043670654297	-87.8272476196289
2.154001235961914	-96.73031616210938
-7.739909648895264	-52.66197204589844
11.945063591003418	-87.75092315673828
0.8210723400115967	-53.18958282470703
8.678228378295898	-75.49409484863281
20.46786880493164	-67.3537368774414
13.520535469055176	-71.89234924316406
24.42470359802246	-89.14059448242188
5.203734874725342	-78.131103515625
7.837508201599121	-84.22855377197266
-1.632277011871338	-45.999855041503906
13.671652793884277	-49.429229736328125
31.152645111083984	-88.81852722167969
5.819640159606934	-46.17736053466797
25.747573852539062	-63.1060905456543
8.195751190185547	-84.176025390625
21.21876335144043	-57.140254974365234
1.1733388900756836	-44.419151306152344
6.064975738525391	-41.5109977722168
15.005741119384766	-46.9765625
18.487958908081055	-45.521793365478516
24.249074935913086	-89.56732177734375
35.85728454589844	-85.59573364257812
6.811328887939453	-97.87306213378906
5.052818298339844	-57.95680236816406
5.321767330169678	-81.32549285888672
11.872322082519531	-78.01789093017578
1.8264890909194946	-52.160152435302734
21.28122329711914	-57.054664611816406
18.861204147338867	-87.33055877685547
16.95054054260254	-69.23656463623047
8.58314037322998	-85.051025390625
11.999910354614258	-77.36560821533203
3.637568712234497	-90.20751190185547
-7.81258487701416	-54.7205924987793
8.44150161743164	-55.66481399536133
40.162452697753906	-78.76641082763672
5.2977776527404785	-71.47679138183594
26.81850242614746	-68.33084869384766
14.921004295349121	-81.63622283935547
8.364495277404785	-55.61430358886719
25.912710189819336	-69.54525756835938
23.69474983215332	-72.43981170654297
6.5945820808410645	-85.65061950683594
17.906831741333008	-56.59308624267578
0.35757705569267273	-43.205963134765625
42.41273880004883	-70.5282974243164
6.962972164154053	-52.53219985961914
27.706266403198242	-64.5538330078125
11.861638069152832	-88.03288269042969
13.185079574584961	-96.25953674316406
-5.434570789337158	-84.06684875488281
4.491881370544434	-78.62611389160156
6.597285270690918	-83.28408813476562
15.88050365447998	-93.29534149169922
3.673525810241699	-48.83930969238281
40.84498596191406	-70.41287994384766
-6.694819927215576	-63.0129508972168
38.747459411621094	-75.17039489746094
38.19764709472656	-69.8563232421875
3.629465341567993	-83.15174865722656
-2.398911476135254	-54.96574020385742
5.921935558319092	-70.96183013916016
19.161964416503906	-72.1684799194336
8.35647201538086	-41.733219146728516
24.3669490814209	-71.87227630615234
35.09000015258789	-84.9556655883789
10.15834903717041	-67.3414535522461
38.63197708129883	-79.7292709350586
3.5826292037963867	-82.88764953613281
19.06437873840332	-88.02820587158203
37.77462387084961	-81.63442993164062
7.9778947830200195	-65.45826721191406
40.403053283691406	-74.50232696533203
5.171426773071289	-89.24790954589844
9.501433372497559	-70.32183837890625
8.278520584106445	-76.14315795898438
20.623088836669922	-72.11245727539062
37.69927978515625	-81.05464172363281
7.017417907714844	-81.229736328125
18.734098434448242	-44.889068603515625
31.86783218383789	-85.13450622558594
8.717387199401855	-79.24954986572266
29.380409240722656	-58.60028839111328
18.318561553955078	-45.45207214355469
2.7075157165527344	-42.7527961730957
9.124197006225586	-90.44185638427734
37.114131927490234	-67.32145690917969
4.923061847686768	-88.35111236572266
9.06527328491211	-43.734432220458984
25.312965393066406	-69.46057891845703
16.212543487548828	-46.13942337036133
16.893238067626953	-45.27936935424805
15.442888259887695	-89.5194091796875
30.498483657836914	-79.88062286376953
8.081376075744629	-94.23992156982422
41.101890563964844	-75.5704116821289
-7.122975826263428	-67.24378204345703
7.932883262634277	-93.76820373535156
10.181544303894043	-58.9285774230957
-6.573443412780762	-82.0716552734375
12.971925735473633	-92.14262390136719
8.014571189880371	-73.68955993652344
13.935214042663574	-80.69454956054688
20.636470794677734	-56.33782196044922
7.3133225440979	-88.20394134521484
17.041637420654297	-45.28335952758789
10.699871063232422	-76.3904800415039
13.577516555786133	-76.45690155029297
-4.222424030303955	-68.4046630859375
18.458757400512695	-77.40157318115234
4.4633893966674805	-57.20796585083008
40.38850402832031	-66.98399353027344
23.82448387145996	-62.843196868896484
8.225200653076172	-79.9238510131836
7.4266486167907715	-64.4227066040039
26.860631942749023	-65.93419647216797
5.922523498535156	-84.75892639160156
0.613082766532898	-55.182125091552734
15.142191886901855	-46.576080322265625
8.93083381652832	-83.97583770751953
-1.117050051689148	-59.544864654541016
35.054229736328125	-82.93165588378906
25.127552032470703	-58.3464241027832
7.256141662597656	-63.76468276977539
8.503214836120605	-83.35051727294922
37.0090217590332	-72.01728057861328
6.165170192718506	-76.08015441894531
14.81475830078125	-71.70250701904297
4.3992509841918945	-54.39948272705078
7.54075288772583	-74.71161651611328
33.1746940612793	-89.60110473632812
-6.555335521697998	-74.40513610839844
18.126699447631836	-71.09263610839844
-8.442967414855957	-72.51188659667969
13.445064544677734	-49.66792678833008
-0.6054117679595947	-55.66111373901367
18.076566696166992	-68.38981628417969
5.390308380126953	-51.89760971069336
4.818835258483887	-74.72516632080078
17.082536697387695	-45.50341033935547
23.267316818237305	-57.52900695800781
4.977966785430908	-84.65404510498047
32.08634567260742	-82.23329162597656
16.31509780883789	-76.4727783203125
8.578837394714355	-54.41659927368164
-4.90597677230835	-50.526397705078125
38.14976501464844	-81.2016830444336
14.09002685546875	-46.42490005493164
24.613426208496094	-53.642642974853516
22.117761611938477	-74.39517211914062
13.80421257019043	-84.3280029296875
13.289429664611816	-47.29974365234375
2.3271594047546387	-53.706668853759766
33.43380355834961	-85.35113525390625
7.294962406158447	-82.89360046386719
38.01261901855469	-69.36260986328125
18.95462989807129	-49.69028854370117
21.639930725097656	-69.03652954101562
25.55750846862793	-69.03803253173828
23.907873153686523	-64.55392456054688
5.555019855499268	-93.78548431396484
5.708874702453613	-69.79126739501953
16.217628479003906	-78.79744720458984
-5.5331244468688965	-78.04785919189453
27.41558265686035	-66.06095123291016
32.686378479003906	-89.4002685546875
5.082869529724121	-44.26805114746094
30.26132583618164	-60.014041900634766
-6.357743263244629	-47.368045806884766
39.6402702331543	-74.35556030273438
-4.511155605316162	-52.55560302734375
30.676162719726562	-61.940673828125
20.743743896484375	-64.17230987548828
4.732821464538574	-57.24245071411133
0.5313321352005005	-53.70881652832031
21.136985778808594	-48.64568328857422
10.286242485046387	-87.47637939453125
8.276052474975586	-83.8132553100586
7.389513969421387	-82.16578674316406
-4.3016486167907715	-65.18930053710938
14.130341529846191	-74.70497131347656
6.8909454345703125	-65.47528839111328
17.660770416259766	-56.06777572631836
-1.304934024810791	-72.99531555175781
32.422203063964844	-72.33056640625
7.49324369430542	-80.57382202148438
16.58480453491211	-45.093353271484375
5.013084888458252	-56.514427185058594
-0.24259117245674133	-59.11867141723633
8.221382141113281	-92.2419204711914
11.611626625061035	-73.77530670166016
4.045007228851318	-48.565765380859375
22.43874168395996	-64.89507293701172
7.510410308837891	-76.36847686767578
18.107425689697266	-83.53202819824219
9.110308647155762	-67.02458953857422
19.150188446044922	-74.66951751708984
36.68376541137695	-83.2529525756836
18.589710235595703	-47.05760955810547
6.238395690917969	-67.27670288085938
26.71515464782715	-60.208106994628906
27.733346939086914	-84.31951904296875
14.257585525512695	-73.08228302001953
2.367955446243286	-84.0136489868164
26.732242584228516	-65.38101959228516
15.576904296875	-43.498695373535156
12.15175724029541	-54.85136032104492
-5.08344841003418	-53.28558349609375
8.31639575958252	-78.17254638671875
23.788803100585938	-91.37588500976562
5.964119911193848	-88.40859985351562
23.571956634521484	-73.45562744140625
3.929575204849243	-97.1583023071289
24.45229721069336	-68.48460388183594
6.054710388183594	-85.45368194580078
16.12608528137207	-77.83206176757812
4.775955677032471	-91.9049301147461
17.072114944458008	-76.78804779052734
0.3375994861125946	-48.51880645751953
1.3758635520935059	-42.32609176635742
4.135980606079102	-88.43801879882812
6.546539783477783	-86.79191589355469
2.594709634780884	-58.419456481933594
39.789249420166016	-79.23197937011719
8.862030029296875	-69.07713317871094
36.748897552490234	-75.19387817382812
-3.7236907482147217	-46.032493591308594
10.723621368408203	-95.2902603149414
9.132034301757812	-74.45967102050781
26.230510711669922	-68.45780181884766
21.897024154663086	-68.51390838623047
7.04697847366333	-71.10664367675781
-8.089170455932617	-69.09642791748047
9.451157569885254	-83.90463256835938
5.404386043548584	-39.34267044067383
17.607135772705078	-87.8033218383789
8.682853698730469	-80.2706298828125
24.011985778808594	-70.76583862304688
29.89162826538086	-61.844966888427734
10.182394027709961	-76.09514617919922
28.091463088989258	-64.91864013671875
5.081960201263428	-47.85772705078125
27.974199295043945	-64.7372055053711
35.75880813598633	-85.23506927490234
23.328088760375977	-49.7380485534668
8.063214302062988	-55.61649703979492
11.4764986038208	-42.12025833129883
38.78349304199219	-80.1682357788086
27.909807205200195	-60.602237701416016
17.765886306762695	-57.057334899902344
24.062971115112305	-71.65032196044922
9.627298355102539	-76.08413696289062
4.464243412017822	-74.98951721191406
-6.245643615722656	-46.67061996459961
3.7069175243377686	-96.672607421875
8.35769271850586	-77.10649108886719
3.4988293647766113	-76.74130249023438
1.6412526369094849	-47.89021682739258
5.600562572479248	-69.22742462158203
10.665407180786133	-81.0708236694336
4.756274223327637	-56.393280029296875
-8.320928573608398	-57.734397888183594
38.119205474853516	-77.03569030761719
-1.9791486263275146	-61.852569580078125
-5.161327362060547	-62.02222442626953
18.79500389099121	-67.93252563476562
-1.8610097169876099	-78.71981811523438
4.300294876098633	-47.821937561035156
-1.208541989326477	-83.28873443603516
6.384780406951904	-69.57037353515625
12.988887786865234	-74.8204116821289
20.649126052856445	-76.45641326904297
-1.7525101900100708	-85.95616149902344
-7.226182460784912	-67.67792510986328
15.335309982299805	-73.85978698730469
7.141737461090088	-84.20245361328125
-2.7653095722198486	-60.45611572265625
-7.86726713180542	-53.58401107788086
7.824413299560547	-62.18067932128906
2.9230055809020996	-87.37996673583984
7.008700847625732	-71.8722915649414
10.060208320617676	-75.8223648071289
-1.517507791519165	-86.6257095336914
17.076425552368164	-83.86038970947266
22.78325653076172	-64.68165588378906
18.183124542236328	-87.14591979980469
9.407352447509766	-83.71722412109375
27.552249908447266	-85.20706176757812
23.573625564575195	-73.44159698486328
4.030614376068115	-74.30107116699219
9.406152725219727	-40.06760787963867
1.7243226766586304	-94.3141098022461
1.3795661926269531	-83.19304656982422
7.056446552276611	-80.62496185302734
16.542003631591797	-92.70559692382812
8.70195198059082	-77.92100524902344
5.632547378540039	-77.3000717163086
34.56453323364258	-73.63633728027344
3.681800603866577	-44.71410369873047
35.27946090698242	-84.78451538085938
10.014023780822754	-80.04863739013672
23.808534622192383	-52.78083038330078
-6.824973106384277	-73.82463836669922
35.767940521240234	-85.59939575195312
22.029260635375977	-75.84262084960938
22.090211868286133	-60.48832321166992
14.68535327911377	-88.81707763671875
-4.724648952484131	-63.43611526489258
12.11947250366211	-69.37824249267578
-5.314953327178955	-50.75226593017578
7.953326225280762	-78.13212585449219
2.4618372917175293	-41.682003021240234
15.284610748291016	-57.309410095214844
25.291364669799805	-70.18693542480469
9.37421989440918	-75.33453369140625
16.26311492919922	-72.85387420654297
1.1597542762756348	-51.764923095703125
40.009273529052734	-78.5761947631836
21.33843994140625	-82.6424789428711
24.23785972595215	-71.79177856445312
7.936142921447754	-50.320858001708984
34.82463455200195	-85.04871368408203
0.32291868329048157	-88.20189666748047
40.63220977783203	-75.53716278076172
-5.324713706970215	-62.6912956237793
5.582964897155762	-70.90266418457031
5.897937297821045	-70.3287582397461
-6.9535441398620605	-66.15896606445312
-3.6251864433288574	-59.979854583740234
17.895462036132812	-46.20689392089844
-3.5692481994628906	-44.64025115966797
5.404976844787598	-45.0412712097168
6.096245765686035	-71.75753784179688
34.880733489990234	-86.35230255126953
-5.4930500984191895	-65.96868133544922
12.49975299835205	-73.8548355102539
29.197551727294922	-60.82005310058594
0.7794448137283325	-90.16207885742188
39.25861358642578	-78.75493621826172
21.19658851623535	-67.59691619873047
18.49249839782715	-61.061038970947266
21.005870819091797	-65.55292510986328
6.052305221557617	-45.29694366455078
32.35615539550781	-78.72459411621094
12.291180610656738	-54.14385223388672
-3.5693485736846924	-76.67093658447266
17.218650817871094	-86.9939193725586
3.513484001159668	-89.7444839477539
-6.345501899719238	-51.90065383911133
5.975752830505371	-40.2829704284668
14.218077659606934	-89.70211029052734
-0.8703665733337402	-95.02770233154297
35.863441467285156	-83.7703857421875
23.127742767333984	-74.1435775756836
5.223321914672852	-44.567237854003906
12.00986385345459	-55.739627838134766
39.24700164794922	-75.7417984008789
16.37513542175293	-47.096168518066406
6.567373275756836	-48.68721389770508
11.076350212097168	-41.862850189208984
4.033721923828125	-49.368404388427734
5.9286885261535645	-68.46942901611328
40.81180191040039	-69.74613189697266
8.877213478088379	-75.6242446899414
15.45344352722168	-44.90906524658203
-6.303687572479248	-63.9766960144043
5.190469264984131	-73.24602508544922
27.96440315246582	-61.45800018310547
41.96540069580078	-76.3750228881836
17.32121467590332	-61.22420883178711
10.02321720123291	-94.84945678710938
29.419483184814453	-89.34992980957031
2.9046947956085205	-50.82038116455078
-6.256455421447754	-56.66810989379883
11.412609100341797	-74.35745239257812
17.831382751464844	-50.29175567626953
2.1834263801574707	-86.02816009521484
-4.076805114746094	-61.60929489135742
28.280799865722656	-58.007041931152344
28.581789016723633	-65.61967468261719
27.621623992919922	-63.7437858581543
23.231775283813477	-72.54418182373047
4.875068187713623	-79.25947570800781
21.986003875732422	-87.56657409667969
6.262072563171387	-67.7491683959961
10.795812606811523	-77.11521911621094
-4.2169976234436035	-68.51480865478516
0.8583575487136841	-89.5093765258789
24.58834457397461	-56.100914001464844
12.728039741516113	-57.94998550415039
7.181201457977295	-69.7376708984375
0.944115400314331	-42.50154495239258
17.03386688232422	-78.24775695800781
13.416441917419434	-75.56861877441406
15.943276405334473	-46.907379150390625
28.33375358581543	-81.5034408569336
22.47081184387207	-85.77967071533203
29.678802490234375	-63.72807312011719
10.227482795715332	-92.74168395996094
-3.1743147373199463	-56.1905632019043
3.0065462589263916	-88.65570831298828
-3.0873332023620605	-55.36274719238281
4.7339301109313965	-42.78097915649414
6.912903785705566	-74.10844421386719
33.58650588989258	-73.61797332763672
3.4611895084381104	-41.9083251953125
23.61534881591797	-62.408103942871094
23.66518211364746	-88.68058013916016
-3.4095044136047363	-56.22605895996094
8.6577787399292	-97.01419830322266
3.5349669456481934	-92.71125793457031
9.788263320922852	-77.11283874511719
10.921174049377441	-47.39753723144531
7.0322265625	-67.87034606933594
5.044949054718018	-71.16968536376953
13.996177673339844	-57.10697937011719
21.133495330810547	-75.52108001708984
18.309579849243164	-84.73770141601562
7.600221633911133	-86.65882873535156
-5.206209659576416	-73.58560943603516
-0.330863356590271	-53.10055923461914
13.909116744995117	-55.0385627746582
3.9713966846466064	-40.44720458984375
41.05867004394531	-73.35130310058594
28.87979507446289	-60.12098693847656
21.809267044067383	-84.14311218261719
19.313766479492188	-48.73387908935547
27.341527938842773	-65.31393432617188
37.555503845214844	-71.09484100341797
13.76852798461914	-71.55531311035156
8.431206703186035	-66.9994125366211
8.180347442626953	-91.650634765625
12.030598640441895	-73.52922058105469
16.133867263793945	-82.32490539550781
-1.7044177055358887	-45.7719612121582
21.46843147277832	-75.96066284179688
7.074406147003174	-50.21308517456055
-4.0855560302734375	-58.18560028076172
22.041013717651367	-65.95775604248047
4.802378177642822	-56.70925521850586
8.31005573272705	-83.50846099853516
17.31983757019043	-74.3118896484375
17.440338134765625	-45.88501739501953
-3.6339571475982666	-74.1634521484375
23.80807876586914	-68.91796875
0.975765585899353	-88.91185760498047
23.508121490478516	-63.98028564453125
35.7367057800293	-82.0214614868164
5.527341365814209	-70.45259094238281
-6.355257034301758	-49.09344482421875
42.33982849121094	-76.46720123291016
15.098345756530762	-70.75537109375
-3.624732494354248	-63.10209274291992
3.08974289894104	-54.84772872924805
6.46250057220459	-83.92716979980469
33.69950866699219	-87.42684173583984
20.38387107849121	-67.29065704345703
13.198225021362305	-77.1601791381836
20.804912567138672	-54.390716552734375
6.000726222991943	-94.13689422607422
24.304798126220703	-66.82154083251953
21.88665008544922	-87.46051788330078
0.15479350090026855	-55.869903564453125
5.072969913482666	-96.9516372680664
22.49292755126953	-65.56916809082031
1.5287317037582397	-44.37613296508789
15.381799697875977	-83.98050689697266
17.412456512451172	-48.60237503051758
34.37933349609375	-77.07447052001953
20.076692581176758	-78.12579345703125
42.87242889404297	-76.01087951660156
5.784696102142334	-99.04334259033203
10.65844440460205	-67.93486785888672
29.465559005737305	-64.10767364501953
-5.899281978607178	-60.67470169067383
-0.9248536825180054	-70.73983001708984
23.192659378051758	-73.12787628173828
-1.9223954677581787	-48.969242095947266
20.086572647094727	-69.45807647705078
13.93889045715332	-77.32740783691406
5.167263031005859	-41.857032775878906
7.804311752319336	-91.53518676757812
7.359752178192139	-75.84418487548828
16.83638572692871	-91.96538543701172
41.7534294128418	-76.78641510009766
5.420843124389648	-51.37575912475586
7.8347015380859375	-62.54372024536133
-8.025516510009766	-62.43764877319336
10.502294540405273	-81.09910583496094
-1.3119423389434814	-50.865291595458984
33.856170654296875	-76.3576431274414
3.5201873779296875	-86.68333435058594
31.276046752929688	-85.40916442871094
4.227982521057129	-90.5324935913086
13.6622953414917	-82.71224212646484
23.17727279663086	-58.18067169189453
23.56417465209961	-53.919376373291016
7.038672924041748	-65.00322723388672
8.401995658874512	-77.545166015625
15.848000526428223	-52.90964126586914
15.203969955444336	-92.12760162353516
22.154932022094727	-75.65950012207031
6.743154525756836	-78.92081451416016
19.594104766845703	-66.12107849121094
8.34406852722168	-80.78721618652344
25.190696716308594	-64.93590545654297
1.1024202108383179	-85.09772491455078
8.062642097473145	-73.79020690917969
-5.178659439086914	-63.11397171020508
37.27568054199219	-72.33968353271484
13.128084182739258	-83.03092956542969
24.329570770263672	-80.26664733886719
20.6600341796875	-68.2222671508789
17.774314880371094	-49.86701583862305
6.286318778991699	-70.02815246582031
8.087949752807617	-74.38313293457031
20.929410934448242	-48.81092834472656
33.552452087402344	-79.0928955078125
5.829979419708252	-70.92879486083984
24.583576202392578	-66.80819702148438
8.377862930297852	-93.14360809326172
20.94094467163086	-69.45525360107422
13.912755012512207	-52.89775085449219
16.634376525878906	-78.35353088378906
8.607316017150879	-49.4366455078125
22.916746139526367	-62.83707809448242
42.53227615356445	-74.8888931274414
18.812484741210938	-66.16065216064453
29.024816513061523	-83.06884002685547
11.07188892364502	-58.54484939575195
10.377325057983398	-68.48859405517578
6.844452857971191	-49.182762145996094
9.763583183288574	-86.1478271484375
-8.486295700073242	-60.588356018066406
4.758891582489014	-75.54421997070312
3.5004334449768066	-56.251094818115234
5.474392890930176	-50.460540771484375
29.042871475219727	-79.40859985351562
-1.0011907815933228	-85.51990509033203
5.679172039031982	-69.53553009033203
37.01610565185547	-79.36519622802734
18.754318237304688	-69.15013122558594
-5.499032497406006	-49.841121673583984
34.9482536315918	-86.2880859375
7.790876388549805	-76.20944213867188
36.51763153076172	-74.75598907470703
19.913179397583008	-58.194705963134766
25.508869171142578	-69.23332977294922
-7.377211093902588	-60.18582534790039
7.898564338684082	-62.59782028198242
42.40141296386719	-76.54552459716797
1.7237635850906372	-41.907344818115234
2.814066171646118	-88.60244750976562
29.418739318847656	-64.26469421386719
18.300931930541992	-73.88829803466797
3.48622465133667	-45.035865783691406
14.21728515625	-71.47898864746094
-8.148457527160645	-56.836387634277344
20.92623519897461	-90.37616729736328
13.897392272949219	-56.76856231689453
29.97457504272461	-83.85842895507812
26.893430709838867	-59.767608642578125
21.99688720703125	-62.26864242553711
14.794039726257324	-44.83811569213867
6.850451946258545	-68.17251586914062
9.640780448913574	-42.14735412597656
24.723011016845703	-51.162139892578125
4.781306743621826	-96.0881576538086
18.210264205932617	-90.42242431640625
36.00404357910156	-73.32679748535156
7.903475761413574	-70.17279052734375
1.4116142988204956	-42.763248443603516
41.34787368774414	-77.34162902832031
13.301424026489258	-92.5999984741211
4.9687700271606445	-55.433746337890625
16.376821517944336	-57.0589599609375
3.501082420349121	-75.90222930908203
21.535667419433594	-48.86449432373047
23.42390251159668	-60.69571304321289
21.779537200927734	-52.62950134277344
14.7394437789917	-91.82794189453125
25.735126495361328	-87.23487854003906
-8.310281753540039	-59.02863693237305
26.681476593017578	-57.80466842651367
37.134010314941406	-70.78953552246094
1.2221660614013672	-96.6166000366211
6.405952453613281	-55.2824821472168
9.075339317321777	-78.71714782714844
9.362579345703125	-71.95291900634766
17.6605224609375	-90.46959686279297
11.574909210205078	-42.91429138183594
26.66008186340332	-56.570884704589844
25.94626808166504	-59.70163345336914
16.447952270507812	-76.8503646850586
23.574769973754883	-64.20574188232422
35.16096878051758	-78.90263366699219
16.587465286254883	-91.7492446899414
21.204788208007812	-77.13859558105469
1.0932384729385376	-90.65382385253906
20.8898983001709	-74.9097900390625
13.79055404663086	-83.97930908203125
14.169896125793457	-43.22091293334961
-0.21675676107406616	-58.992340087890625
9.249777793884277	-84.52417755126953
7.216219902038574	-57.36867141723633
23.125925064086914	-89.30337524414062
23.367416381835938	-68.07084655761719
18.188032150268555	-74.22789764404297
8.738958358764648	-66.47045135498047
8.398038864135742	-39.948917388916016
4.365206241607666	-40.730106353759766
-5.5637006759643555	-65.41715240478516
6.825132846832275	-57.61300277709961
5.106478691101074	-45.37630081176758
13.043763160705566	-57.466957092285156
13.250961303710938	-53.66305160522461
-7.6584248542785645	-53.24024200439453
7.459369659423828	-71.03545379638672
21.67864990234375	-54.16596603393555
3.766406774520874	-57.9723014831543
39.19345474243164	-79.4146499633789
0.7450540065765381	-96.84281158447266
21.143108367919922	-72.94198608398438
-8.30508804321289	-68.50597381591797
-5.228277206420898	-45.365150451660156
11.697524070739746	-71.84944915771484
21.359987258911133	-54.62721633911133
-3.871483087539673	-56.66060256958008
12.74506664276123	-75.41252899169922
9.915206909179688	-71.05400085449219
17.695646286010742	-85.61550903320312
32.968753814697266	-89.4200668334961
-7.58030891418457	-74.39198303222656
13.465489387512207	-81.67681884765625
3.0127060413360596	-43.064117431640625
17.95174217224121	-77.7913589477539
11.2476224899292	-76.43770599365234
5.033688545227051	-81.98959350585938
11.615701675415039	-55.95345687866211
1.2842493057250977	-46.33493423461914
-6.697906970977783	-47.877437591552734
29.16324806213379	-64.70524597167969
2.269803047180176	-86.40621185302734
11.667683601379395	-81.42717742919922
24.903026580810547	-68.21348571777344
4.468479156494141	-75.98516845703125
36.77796936035156	-81.71814727783203
2.7318246364593506	-95.38494110107422
29.646793365478516	-62.40665817260742
-6.090471267700195	-55.8516845703125
8.056144714355469	-79.80937957763672
13.649641990661621	-73.42464447021484
15.574626922607422	-86.98577117919922
9.799201011657715	-58.28134536743164
0.9051071405410767	-46.5057487487793
-6.644925117492676	-67.56489562988281
8.605918884277344	-71.73755645751953
41.25040054321289	-74.5826416015625
7.292714595794678	-68.8297348022461
-5.815866470336914	-46.513206481933594
11.729573249816895	-48.54011154174805
28.101938247680664	-81.42918395996094
20.863731384277344	-75.21521759033203
35.06379699707031	-84.6543197631836
4.480748653411865	-74.42140197753906
21.122373580932617	-51.14705276489258
9.537912368774414	-57.39067840576172
16.377079010009766	-75.89920806884766
10.905037879943848	-77.46925354003906
0.6672062873840332	-96.5351333618164
6.029356002807617	-56.476924896240234
21.685150146484375	-59.722999572753906
28.274940490722656	-83.78994750976562
21.80238151550293	-82.21607971191406
2.077911853790283	-98.06346130371094
35.77337646484375	-82.31529998779297
8.355523109436035	-70.31218719482422
11.876943588256836	-56.57529830932617
22.382017135620117	-67.82333374023438
33.90976333618164	-88.4614028930664
-5.331111431121826	-84.10794830322266
38.11270523071289	-72.91264343261719
16.196887969970703	-46.24697494506836
42.35470199584961	-70.3040771484375
4.96950101852417	-55.42811965942383
13.307387351989746	-52.93340301513672
11.616353988647461	-83.12063598632812
-1.4622983932495117	-54.729923248291016
5.660853862762451	-82.91260528564453
-1.0328643321990967	-94.7306137084961
21.942211151123047	-75.18207550048828
11.513351440429688	-82.18793487548828
-7.93967866897583	-62.352874755859375
9.619997024536133	-56.04737854003906
4.7469635009765625	-41.397090911865234
12.265530586242676	-48.84931945800781
25.314294815063477	-66.2818603515625
-6.180764198303223	-60.72234344482422
17.399539947509766	-48.834815979003906
24.663076400756836	-67.30410766601562
-3.879058361053467	-86.00042724609375
7.100050449371338	-71.66558074951172
9.970995903015137	-48.122581481933594
15.072749137878418	-57.12334442138672
9.378015518188477	-66.71121215820312
35.70283126831055	-68.43944549560547
16.044599533081055	-52.60826873779297
15.482820510864258	-89.00726318359375
20.77718162536621	-75.82486724853516
21.022602081298828	-58.50934982299805
4.223301887512207	-73.7332992553711
15.627044677734375	-69.76690673828125
14.591665267944336	-74.8019790649414
-2.743088722229004	-62.613037109375
14.891213417053223	-87.99549865722656
-3.2621219158172607	-76.67432403564453
36.95835494995117	-76.1850357055664
4.610423564910889	-98.31070709228516
9.739623069763184	-75.68437194824219
7.718209266662598	-63.361873626708984
0.30137112736701965	-89.95515441894531
12.894210815429688	-49.077972412109375
7.859259605407715	-43.94011688232422
13.847862243652344	-52.082496643066406
9.603965759277344	-44.41514587402344
23.034914016723633	-60.00356674194336
35.59182357788086	-74.65076446533203
6.002359867095947	-67.951171875
2.731828451156616	-88.1835708618164
8.346246719360352	-56.018775939941406
-8.576593399047852	-67.02996826171875
-4.356081962585449	-78.56834411621094
21.79678726196289	-72.69114685058594
-0.8629841804504395	-95.4485092163086
6.093197345733643	-51.75808334350586
0.34039923548698425	-41.3055305480957
0.15329524874687195	-51.96884536743164
21.54205894470215	-69.83072662353516
11.124910354614258	-68.29388427734375
23.624181747436523	-54.80340576171875
7.3271894454956055	-96.21939086914062
15.942700386047363	-86.06016540527344
9.432567596435547	-76.71501159667969
16.55324935913086	-55.07854461669922
10.872848510742188	-69.23572540283203
-2.344616651535034	-44.278072357177734
4.7992753982543945	-55.242557525634766
22.02463150024414	-80.8796615600586
35.779476165771484	-83.45140838623047
-4.117086410522461	-85.89442443847656
28.68996810913086	-64.46607208251953
3.178215742111206	-83.38668060302734
11.55607795715332	-96.21526336669922
23.403902053833008	-73.5603256225586
16.53285026550293	-69.31034851074219
17.593448638916016	-71.94937896728516
3.9807960987091064	-50.44272994995117
20.092025756835938	-62.79480743408203
11.540558815002441	-52.08156967163086
42.64496612548828	-73.80659484863281
17.546297073364258	-69.1375732421875
20.928817749023438	-75.18299865722656
24.012802124023438	-65.75410461425781
13.772096633911133	-88.43373107910156
8.808170318603516	-67.78280639648438
41.546630859375	-77.22142028808594
40.86486053466797	-77.66077423095703
8.986443519592285	-66.41991424560547
39.96693420410156	-64.83697509765625
0.8530944585800171	-49.207942962646484
5.188129425048828	-76.78311157226562
17.214069366455078	-82.4129867553711
13.93995475769043	-81.92568969726562
4.142491817474365	-77.20207977294922
-0.1437242329120636	-55.36476516723633
21.37413215637207	-75.0908203125
25.159318923950195	-58.644248962402344
5.791647911071777	-44.07748031616211
26.432857513427734	-53.5155143737793
8.284164428710938	-41.272369384765625
9.08049488067627	-72.50959777832031
14.705233573913574	-46.058937072753906
4.950599670410156	-78.16663360595703
21.963191986083984	-70.45213317871094
-5.293033599853516	-48.512142181396484
9.571680068969727	-88.92240142822266
37.10072326660156	-83.52955627441406
-3.338571548461914	-55.11440658569336
-1.1008859872817993	-74.88150024414062
29.51389503479004	-84.47560119628906
28.042932510375977	-91.85986328125
7.591500759124756	-74.46308135986328
9.66690444946289	-76.27498626708984
-4.114530086517334	-59.569881439208984
17.66634178161621	-77.32930755615234
9.149864196777344	-48.52528762817383
11.413506507873535	-91.37519073486328
8.26478385925293	-68.88860321044922
41.528438568115234	-76.86056518554688
12.995195388793945	-47.586097717285156
-6.773894309997559	-47.97987365722656
8.284446716308594	-50.195613861083984
14.211194038391113	-53.04187774658203
33.799217224121094	-88.68012237548828
10.03215503692627	-44.19857406616211
17.20746421813965	-77.2276840209961
27.952299118041992	-62.42249298095703
18.08065414428711	-78.95501708984375
7.510145664215088	-48.33045196533203
3.124439239501953	-46.35541915893555
-7.656806468963623	-52.873409271240234
3.3436460494995117	-40.24837112426758
0.7806093692779541	-52.02880096435547
10.285760879516602	-78.32781982421875
37.814788818359375	-82.5867919921875
22.621217727661133	-87.60123443603516
7.768057823181152	-86.99964141845703
9.237936973571777	-89.06716918945312
-6.366745948791504	-63.147613525390625
6.657585620880127	-71.32008361816406
10.0687894821167	-58.92416000366211
18.658550262451172	-44.56471633911133
4.413971900939941	-72.66111755371094
39.28838348388672	-77.52593231201172
24.429031372070312	-71.48683166503906
20.340715408325195	-89.62458801269531
34.93228530883789	-75.70267486572266
5.015809535980225	-55.07316207885742
4.7737555503845215	-79.49497985839844
3.5520505905151367	-46.58378219604492
-7.9110188484191895	-53.64775085449219
3.286163568496704	-76.79927062988281
27.4952335357666	-67.06354522705078
41.27653503417969	-70.32125854492188
4.959814548492432	-86.72222900390625
25.120214462280273	-68.22663116455078
-3.3019468784332275	-58.69987106323242
20.644556045532227	-72.02919006347656
-6.8431315422058105	-66.81632995605469
0.7515219449996948	-49.766517639160156
18.20699119567871	-55.54719543457031
7.070181369781494	-49.3619384765625
42.58595275878906	-76.35328674316406
18.603303909301758	-88.14665222167969
26.570219039916992	-66.06161499023438
10.114564895629883	-44.100608825683594
12.911456108093262	-80.01136016845703
25.273468017578125	-63.042484283447266
-7.978762149810791	-68.73336791992188
11.568448066711426	-46.443138122558594
-4.515000820159912	-62.33495330810547
-0.8203736543655396	-53.29833221435547
5.417103290557861	-51.43965530395508
19.706966400146484	-54.28031921386719
10.919204711914062	-69.02179718017578
-7.786341190338135	-63.27528762817383
11.991927146911621	-82.8458251953125
8.036436080932617	-41.266258239746094
14.827323913574219	-83.68473052978516
18.385332107543945	-83.50871276855469
7.500811576843262	-65.74339294433594
12.62801456451416	-46.35951614379883
-7.3223137855529785	-56.92991638183594
10.873908996582031	-71.47868347167969
32.8178596496582	-87.68392181396484
15.77596378326416	-58.86983871459961
5.980925559997559	-79.55601501464844
33.499176025390625	-78.67303466796875
25.599491119384766	-91.66010284423828
35.996421813964844	-79.75076293945312
-0.1573057472705841	-52.920562744140625
2.9548285007476807	-53.914756774902344
-2.0531506538391113	-61.62290573120117
26.79472541809082	-68.14443969726562
10.959188461303711	-51.69210433959961
4.8111114501953125	-56.64232635498047
9.718019485473633	-47.45166778564453
9.336321830749512	-71.11272430419922
33.93006134033203	-88.62416076660156
8.675922393798828	-97.85625457763672
11.278257369995117	-71.32135772705078
5.341710567474365	-87.98785400390625
-6.068969249725342	-54.35437774658203
26.570585250854492	-66.46781921386719
14.893548965454102	-77.02354431152344
0.6609574556350708	-41.25019836425781
16.49090003967285	-73.274169921875
-2.670018196105957	-91.59557342529297
3.3753039836883545	-94.74502563476562
24.960641860961914	-66.48323059082031
27.387222290039062	-66.73175048828125
24.20067596435547	-71.25609588623047
26.93509292602539	-68.142578125
21.94518280029297	-72.8934326171875
29.344398498535156	-60.90853500366211
0.4802212417125702	-91.3721923828125
35.12538146972656	-86.75629425048828
15.809403419494629	-51.024147033691406
14.53656005859375	-94.64096069335938
-8.36227035522461	-65.53001403808594
-1.6794114112854004	-53.13497543334961
28.71204376220703	-64.04808807373047
27.164297103881836	-60.96087646484375
9.30478572845459	-96.20677947998047
21.814027786254883	-55.76644515991211
30.706918716430664	-83.08077239990234
34.2927360534668	-85.47148132324219
13.12237548828125	-46.05207443237305
5.624240398406982	-98.65169525146484
7.444215297698975	-68.91776275634766
10.047137260437012	-96.31999969482422
7.015257358551025	-50.28984069824219
6.87894344329834	-42.28624725341797
16.75017738342285	-55.975669860839844
8.588554382324219	-47.25389099121094
19.381790161132812	-61.97203826904297
8.453279495239258	-45.143707275390625
-0.5950899124145508	-96.22586059570312
7.401504039764404	-80.52572631835938
24.73284912109375	-68.1697006225586
37.147377014160156	-72.41703033447266
14.013075828552246	-82.13639068603516
6.782756805419922	-65.86610412597656
14.95262336730957	-80.50784301757812
28.33863639831543	-62.446651458740234
9.060700416564941	-89.25822448730469
20.939638137817383	-75.093017578125
17.353361129760742	-81.84999084472656
26.986631393432617	-66.55316925048828
18.83698081970215	-78.67047882080078
17.10184669494629	-76.02448272705078
28.697795867919922	-59.189353942871094
21.691680908203125	-66.03382873535156
8.097410202026367	-71.83102416992188
7.969038009643555	-76.7445068359375
17.221942901611328	-87.42253875732422
-1.353422999382019	-57.96147537231445
17.498994827270508	-57.484962463378906
-4.37014627456665	-59.343406677246094
4.437037944793701	-76.35005187988281
5.848243713378906	-87.38570404052734
4.988763809204102	-55.280487060546875
38.408050537109375	-70.58263397216797
6.270150661468506	-68.11784362792969
1.4606155157089233	-86.2083969116211
23.98389434814453	-68.3496322631836
14.090469360351562	-70.32295227050781
12.9163236618042	-84.1866455078125
7.836529731750488	-72.91609954833984
4.543222427368164	-45.610069274902344
9.304811477661133	-79.64083862304688
17.748382568359375	-47.92890167236328
-3.840221643447876	-62.38302993774414
17.237823486328125	-70.96076202392578
-7.745568752288818	-71.11164093017578
22.387603759765625	-75.29320526123047
-1.2658238410949707	-59.254215240478516
41.54088592529297	-77.22472381591797
19.616260528564453	-57.28130340576172
26.2293701171875	-54.868690490722656
40.98170471191406	-71.09821319580078
5.956860542297363	-92.81649017333984
1.819783329963684	-89.11209869384766
13.91326904296875	-70.64144897460938
20.227643966674805	-60.578819274902344
21.65812873840332	-65.72000885009766
5.590514183044434	-98.95303344726562
6.392643451690674	-67.00365447998047
22.381534576416016	-86.99909210205078
21.769493103027344	-62.72919845581055
42.179786682128906	-73.74169921875
34.57071304321289	-85.93419647216797
27.3254451751709	-64.18634033203125
32.64871597290039	-84.18412780761719
30.193458557128906	-87.12946319580078
20.991880416870117	-67.53702545166016
6.126795768737793	-90.67949676513672
-6.765915870666504	-54.138938903808594
5.919736385345459	-45.79859161376953
25.92700958251953	-67.6803207397461
6.184636116027832	-66.61845397949219
4.783154487609863	-56.856624603271484
21.18037223815918	-69.59089660644531
5.057275772094727	-54.755279541015625
29.175762176513672	-81.17930603027344
29.59537124633789	-63.121131896972656
12.679184913635254	-79.0858383178711
15.675310134887695	-61.21906661987305
21.129806518554688	-66.44303894042969
2.8386318683624268	-41.72114181518555
1.5294972658157349	-93.94638061523438
12.789381980895996	-71.37104797363281
40.92943572998047	-73.39404296875
7.679984092712402	-67.63941192626953
38.034732818603516	-71.89513397216797
37.523231506347656	-69.49279022216797
7.480335235595703	-77.82193756103516
37.29998016357422	-66.97441864013672
-5.021146297454834	-84.43344116210938
42.22549819946289	-71.68243408203125
25.881628036499023	-68.06017303466797
12.695537567138672	-83.24272155761719
16.184309005737305	-89.99259948730469
11.35167407989502	-52.177974700927734
24.377609252929688	-51.55022048950195
41.0557975769043	-77.45413970947266
4.639805793762207	-72.82563781738281
33.964080810546875	-88.08518981933594
22.831239700317383	-82.31111145019531
25.54644012451172	-70.35640716552734
17.84891700744629	-70.80046081542969
36.463294982910156	-81.20086669921875
7.549574375152588	-62.798274993896484
6.886219501495361	-81.15143585205078
35.149898529052734	-70.29621887207031
7.164378643035889	-84.212158203125
22.886829376220703	-72.79737091064453
39.172386169433594	-68.15987396240234
-7.7723212242126465	-51.773990631103516
12.631381034851074	-47.57740020751953
2.9639899730682373	-84.30784606933594
17.59695816040039	-91.17082977294922
38.19118881225586	-77.37583923339844
7.449757099151611	-80.11646270751953
9.406462669372559	-71.2545166015625
0.24517902731895447	-92.70777893066406
23.253557205200195	-67.38249206542969
11.618935585021973	-87.4942398071289
21.150150299072266	-65.69041442871094
21.18280029296875	-72.36509704589844
41.36033630371094	-76.7682113647461
13.591442108154297	-87.70663452148438
19.697717666625977	-61.07099914550781
25.407459259033203	-70.59125518798828
16.229394912719727	-74.76007080078125
22.631643295288086	-68.83281707763672
2.010634660720825	-41.16804122924805
15.096545219421387	-94.20533752441406
14.366863250732422	-74.17997741699219
-2.748410701751709	-48.23540496826172
3.351339817047119	-76.998291015625
-3.470485210418701	-73.2357177734375
36.524295806884766	-71.40641784667969
-2.984549045562744	-75.57913970947266
35.81840133666992	-82.3412857055664
6.788969039916992	-68.57810974121094
5.3100385665893555	-75.36933898925781
7.448987007141113	-68.1507568359375
18.657196044921875	-70.96978759765625
17.0793514251709	-55.524879455566406
3.0912134647369385	-86.924072265625
29.100086212158203	-64.79824829101562
6.61977481842041	-65.19274139404297
8.677467346191406	-69.54984283447266
25.272775650024414	-70.7026596069336
12.799459457397461	-78.60780334472656
14.923821449279785	-94.76810455322266
15.939812660217285	-79.70561218261719
26.350488662719727	-82.04426574707031
35.52867889404297	-86.11701965332031
26.194984436035156	-66.8703384399414
10.580164909362793	-47.408321380615234
8.744974136352539	-50.07548141479492
9.111108779907227	-92.63970184326172
19.769311904907227	-67.9766616821289
4.770163536071777	-56.95621109008789
6.575821876525879	-57.298343658447266
29.123905181884766	-62.50147247314453
10.956047058105469	-44.061683654785156
35.09813690185547	-82.75054168701172
14.050400733947754	-73.30908203125
22.91010093688965	-73.24532318115234
5.341167449951172	-69.95639038085938
5.207649230957031	-84.9341049194336
37.56330871582031	-72.05001831054688
21.48706817626953	-74.46512603759766
16.255525588989258	-58.422725677490234
8.244946479797363	-86.40363311767578
8.652267456054688	-76.5925521850586
4.915674686431885	-72.23241424560547
12.59290885925293	-77.52771759033203
10.012763023376465	-89.41112518310547
8.64399242401123	-83.51544189453125
4.953934669494629	-55.54746627807617
8.761077880859375	-75.15562438964844
5.468024253845215	-54.34013366699219
24.360591888427734	-67.64439392089844
-4.841992378234863	-75.28583526611328
27.49295997619629	-83.71183776855469
13.841315269470215	-53.76878356933594
11.147948265075684	-43.422176361083984
38.7281494140625	-79.0248794555664
10.0556640625	-50.14045333862305
35.34598159790039	-71.19762420654297
21.170658111572266	-88.97288513183594
14.59245777130127	-58.6702766418457
26.159944534301758	-66.06187438964844
7.566822528839111	-46.37504959106445
7.320691108703613	-66.21217346191406
13.789978981018066	-82.04486846923828
36.44023132324219	-80.52163696289062
7.426100254058838	-92.38017272949219
-3.822509765625	-58.62346649169922
18.71613311767578	-74.40930938720703
-4.194486141204834	-58.84978485107422
-1.1033101081848145	-60.06071090698242
14.072649002075195	-48.47061538696289
2.4189934730529785	-55.58315658569336
14.005908966064453	-57.78594970703125
0.7638367414474487	-53.912986755371094
